<?xml version="1.0" encoding="UTF-8" standalone="yes"?>
<gribObject xmlns:xsi="http://www.w3.org/2001/XMLSchema-instance" xmlns:xsd="http://www.w3.org/2001/XMLSchema" xmlns="http://c4i.mlt/ICDU/schema" ForecastTime="2025-09-26T12:00:00.000Z" RunTime="2025-09-26T12:00:00.000Z" ParameterName="Geopotential height" FileName="newsingapore">
    <Indicator xmlns="" GribHeader="GRIB" NumOfOctets="21" GribType="2"/>
    <ProductDefinition xmlns="" NumOfOctets="4" ParamTableVersion="2" OrigCenter="7" ProcessID="81" GridID="36" GDS_BDS_Flag="128" ParamAndUnits="156" LevelType="0" Level="200" ReferenceTime="26" Month="9" Day="26" Hour="12" Minute="0" ForecastTimeUnits="1" PeriodOfTime1="12" PeriodOfTime2="0" TimeRangeIndicator="1" NumInAverage="12482" NumMissingAverage="0" CenturyOfReference="21" SubcenterID="0" DecimalScaleFactor="2" Reserved1="0" Lat1="-11000" Lon1="91000" Lat2="-9500" Lon2="105375" Di="125" Dj="125"/>
    <GridDescription xmlns="" NumOfOctets="72" NV="0" PV="255" DataRepresentationType="0">
        <LatLonProjection Ni="116" Nj="13" Flags="128" ScanFlags="64" Reserved="0"/>
    </GridDescription>
    <BinaryData xmlns="" NumOfOctets="6032" FlagsAndUnused="12" BinaryScaleFactor="2" ReferenceValue="1247182.000000" DatumPacked="1508" OptionalFlags="0">
        <TempDataArray>12477.14 12477.34 12477.50 12477.82 12478.10 12478.10 12478.10 12478.50 12478.86 12479.22 12479.54 12479.46 12479.38 12479.62 12479.82 12480.30 12480.78 12480.70 12480.58 12480.50 12480.42 12480.66 12480.86 12481.46 12482.02 12482.58 12483.10 12483.06 12482.98 12483.10 12483.18 12483.62 12484.02 12484.42 12484.78 12484.90 12485.02 12484.86 12484.66 12484.62 12484.58 12484.70 12484.82 12485.26 12485.70 12485.90 12486.10 12485.86 12485.58 12485.34 12485.06 12485.70 12486.34 12486.18 12485.98 12486.10 12486.18 12486.58 12486.98 12487.38 12487.74 12487.38 12487.02 12487.10 12487.14 12487.38 12487.58 12487.66 12487.70 12487.82 12487.94 12488.02 12488.06 12487.90 12487.74 12487.66 12487.54 12487.10 12486.66 12486.26 12485.86 12485.78 12485.70 12485.74 12485.74 12485.66 12485.54 12485.46 12485.38 12485.30 12485.22 12485.10 12484.98 12484.94 12484.86 12485.10 12485.34 12485.50 12485.66 12485.86 12486.06 12486.38 12486.70 12486.34 12485.94 12485.78 12485.62 12485.74 12485.82 12485.82 12485.78 12485.54 12485.30 12485.34 12485.34 12485.74 12476.10 12476.50 12476.94 12477.30 12477.66 12477.86 12478.06 12478.38 12478.70 12478.90 12479.10 12479.10 12479.10 12479.34 12479.62 12479.78 12479.98 12479.90 12479.86 12479.90 12479.94 12480.30 12480.70 12481.22 12481.74 12482.10 12482.50 12482.46 12482.42 12482.58 12482.74 12483.18 12483.58 12483.94 12484.34 12484.46 12484.58 12484.50 12484.42 12484.22 12484.06 12484.26 12484.46 12484.78 12485.06 12484.98 12484.90 12484.70 12484.54 12484.50 12484.46 12485.22 12485.98 12485.98 12485.98 12486.06 12486.10 12486.50 12486.86 12487.18 12487.46 12486.94 12486.42 12486.46 12486.46 12486.70 12486.94 12487.06 12487.18 12487.34 12487.50 12487.46 12487.46 12487.30 12487.14 12487.02 12486.90 12486.62 12486.30 12486.10 12485.90 12485.74 12485.58 12485.62 12485.70 12485.58 12485.50 12485.42 12485.38 12485.26 12485.10 12485.06 12484.98 12485.06 12485.14 12485.34 12485.54 12485.42 12485.30 12485.34 12485.38 12485.54 12485.70 12485.46 12485.22 12485.30 12485.38 12485.46 12485.54 12485.50 12485.46 12485.26 12485.06 12485.14 12485.18 12485.34 12475.02 12475.70 12476.38 12476.78 12477.18 12477.58 12477.98 12478.26 12478.54 12478.58 12478.62 12478.70 12478.78 12479.10 12479.38 12479.26 12479.18 12479.14 12479.10 12479.26 12479.42 12479.98 12480.50 12480.98 12481.46 12481.66 12481.86 12481.86 12481.86 12482.10 12482.30 12482.74 12483.14 12483.50 12483.86 12484.02 12484.14 12484.14 12484.14 12483.86 12483.54 12483.82 12484.10 12484.26 12484.42 12484.06 12483.70 12483.58 12483.46 12483.66 12483.82 12484.70 12485.58 12485.78 12485.98 12486.02 12486.06 12486.42 12486.74 12486.98 12487.18 12486.50 12485.82 12485.82 12485.78 12486.02 12486.26 12486.46 12486.66 12486.86 12487.02 12486.94 12486.82 12486.66 12486.50 12486.38 12486.26 12486.10 12485.94 12485.94 12485.90 12485.70 12485.46 12485.54 12485.62 12485.54 12485.46 12485.42 12485.34 12485.18 12485.02 12485.02 12484.98 12485.22 12485.42 12485.58 12485.74 12485.34 12484.90 12484.82 12484.70 12484.70 12484.70 12484.58 12484.46 12484.82 12485.14 12485.18 12485.26 12485.18 12485.14 12484.98 12484.82 12484.94 12485.06 12484.94 12474.38 12474.98 12475.54 12475.98 12476.46 12476.78 12477.10 12477.38 12477.70 12477.82 12477.90 12478.14 12478.38 12478.46 12478.58 12478.50 12478.46 12478.70 12478.94 12479.14 12479.38 12479.78 12480.22 12480.66 12481.10 12481.14 12481.18 12481.42 12481.66 12482.06 12482.46 12482.82 12483.22 12483.46 12483.66 12483.74 12483.86 12483.74 12483.62 12483.26 12482.94 12483.18 12483.46 12483.50 12483.54 12483.26 12483.02 12483.26 12483.50 12483.82 12484.18 12484.90 12485.62 12485.58 12485.54 12485.54 12485.58 12485.78 12485.98 12486.10 12486.26 12485.66 12485.06 12485.14 12485.22 12485.50 12485.78 12486.02 12486.22 12486.42 12486.62 12486.58 12486.54 12486.30 12486.06 12485.94 12485.82 12485.86 12485.90 12485.82 12485.70 12485.54 12485.38 12485.46 12485.54 12485.46 12485.38 12485.30 12485.22 12485.18 12485.14 12485.06 12484.94 12485.06 12485.14 12485.06 12484.98 12484.50 12484.02 12483.98 12483.94 12484.02 12484.14 12484.06 12484.02 12484.10 12484.18 12484.34 12484.46 12484.58 12484.74 12484.74 12484.74 12484.66 12484.58 12484.54 12473.74 12474.22 12474.70 12475.22 12475.70 12475.94 12476.18 12476.54 12476.86 12477.02 12477.18 12477.58 12477.98 12477.86 12477.74 12477.74 12477.70 12478.22 12478.74 12479.02 12479.30 12479.62 12479.94 12480.34 12480.74 12480.62 12480.50 12480.98 12481.46 12482.02 12482.58 12482.94 12483.30 12483.38 12483.46 12483.50 12483.54 12483.30 12483.06 12482.70 12482.30 12482.58 12482.82 12482.74 12482.62 12482.50 12482.34 12482.94 12483.50 12484.02 12484.54 12485.10 12485.66 12485.38 12485.10 12485.10 12485.06 12485.10 12485.18 12485.26 12485.30 12484.82 12484.30 12484.50 12484.66 12484.98 12485.30 12485.54 12485.78 12485.98 12486.18 12486.18 12486.22 12485.90 12485.58 12485.50 12485.38 12485.62 12485.86 12485.70 12485.50 12485.38 12485.26 12485.38 12485.46 12485.38 12485.30 12485.18 12485.10 12485.18 12485.26 12485.10 12484.90 12484.90 12484.86 12484.54 12484.22 12483.66 12483.10 12483.10 12483.14 12483.34 12483.54 12483.54 12483.54 12483.42 12483.26 12483.46 12483.62 12483.98 12484.34 12484.50 12484.62 12484.38 12484.10 12484.18 12473.38 12473.90 12474.46 12475.10 12475.78 12475.78 12475.82 12475.94 12476.06 12476.22 12476.42 12476.70 12476.98 12477.10 12477.18 12477.54 12477.90 12478.22 12478.54 12478.86 12479.18 12479.58 12479.94 12480.26 12480.58 12480.62 12480.66 12480.98 12481.30 12481.78 12482.26 12482.42 12482.58 12482.66 12482.78 12482.70 12482.66 12482.42 12482.18 12481.90 12481.62 12481.78 12481.94 12481.94 12481.98 12482.14 12482.34 12483.06 12483.82 12484.22 12484.66 12484.98 12485.34 12484.94 12484.54 12484.62 12484.70 12484.78 12484.90 12484.86 12484.82 12484.18 12483.58 12483.94 12484.34 12484.62 12484.94 12485.30 12485.66 12485.82 12485.98 12485.82 12485.70 12485.42 12485.18 12485.18 12485.18 12485.34 12485.50 12485.26 12485.06 12484.90 12484.74 12484.86 12484.98 12484.98 12484.98 12484.98 12484.98 12484.98 12485.02 12484.50 12484.02 12483.90 12483.82 12483.54 12483.26 12482.94 12482.58 12482.78 12482.94 12483.10 12483.26 12483.14 12483.02 12482.94 12482.90 12483.22 12483.58 12483.94 12484.30 12484.30 12484.26 12484.06 12483.90 12483.94 12473.02 12473.62 12474.18 12475.02 12475.82 12475.66 12475.46 12475.34 12475.22 12475.46 12475.66 12475.82 12475.98 12476.30 12476.62 12477.38 12478.10 12478.22 12478.34 12478.74 12479.10 12479.54 12479.94 12480.18 12480.38 12480.58 12480.78 12480.98 12481.14 12481.54 12481.90 12481.86 12481.82 12481.94 12482.06 12481.94 12481.78 12481.54 12481.26 12481.10 12480.90 12480.98 12481.06 12481.18 12481.30 12481.82 12482.30 12483.18 12484.10 12484.42 12484.74 12484.86 12484.98 12484.50 12483.98 12484.14 12484.30 12484.46 12484.62 12484.46 12484.30 12483.58 12482.82 12483.42 12483.98 12484.30 12484.58 12485.06 12485.54 12485.66 12485.78 12485.46 12485.14 12484.94 12484.74 12484.86 12484.94 12485.02 12485.10 12484.86 12484.62 12484.42 12484.18 12484.34 12484.50 12484.58 12484.62 12484.74 12484.86 12484.82 12484.74 12483.94 12483.10 12482.94 12482.78 12482.58 12482.34 12482.18 12482.06 12482.42 12482.74 12482.86 12482.98 12482.74 12482.50 12482.50 12482.50 12483.02 12483.50 12483.90 12484.26 12484.10 12483.90 12483.78 12483.66 12483.74 12473.46 12473.90 12474.34 12474.86 12475.38 12475.50 12475.66 12475.38 12475.14 12475.14 12475.18 12475.38 12475.62 12475.82 12476.06 12476.58 12477.10 12477.50 12477.90 12478.26 12478.70 12478.98 12479.26 12479.42 12479.58 12479.98 12480.38 12480.62 12480.86 12481.10 12481.34 12481.46 12481.62 12481.58 12481.54 12481.30 12481.06 12480.78 12480.50 12480.38 12480.30 12480.58 12480.86 12481.18 12481.50 12482.02 12482.54 12483.22 12483.90 12483.98 12484.10 12484.22 12484.34 12484.02 12483.70 12483.90 12484.10 12484.26 12484.42 12484.30 12484.18 12483.66 12483.14 12483.58 12484.06 12484.26 12484.46 12484.82 12485.22 12485.18 12485.14 12484.82 12484.54 12484.54 12484.58 12484.66 12484.78 12484.74 12484.74 12484.46 12484.14 12483.94 12483.70 12483.94 12484.18 12484.30 12484.42 12484.54 12484.66 12484.42 12484.18 12483.50 12482.82 12482.58 12482.34 12482.34 12482.34 12482.42 12482.54 12482.66 12482.78 12482.62 12482.46 12482.38 12482.34 12482.42 12482.54 12482.86 12483.22 12483.46 12483.70 12483.78 12483.90 12483.86 12483.86 12483.78 12473.86 12474.18 12474.50 12474.74 12474.94 12475.38 12475.82 12475.46 12475.06 12474.86 12474.66 12474.94 12475.22 12475.38 12475.50 12475.82 12476.14 12476.78 12477.42 12477.86 12478.26 12478.42 12478.54 12478.66 12478.74 12479.38 12479.98 12480.26 12480.54 12480.66 12480.78 12481.10 12481.38 12481.18 12480.98 12480.66 12480.30 12480.02 12479.74 12479.70 12479.66 12480.14 12480.62 12481.18 12481.70 12482.22 12482.74 12483.22 12483.66 12483.58 12483.46 12483.58 12483.70 12483.58 12483.42 12483.66 12483.86 12484.06 12484.22 12484.18 12484.10 12483.78 12483.42 12483.78 12484.10 12484.22 12484.34 12484.62 12484.86 12484.66 12484.46 12484.18 12483.90 12484.14 12484.38 12484.50 12484.58 12484.50 12484.38 12484.02 12483.66 12483.46 12483.22 12483.54 12483.82 12484.02 12484.18 12484.30 12484.42 12484.02 12483.58 12483.06 12482.50 12482.18 12481.86 12482.10 12482.34 12482.66 12482.98 12482.90 12482.82 12482.38 12481.94 12482.06 12482.14 12482.34 12482.54 12482.74 12482.94 12483.02 12483.10 12483.50 12483.90 12483.98 12484.02 12483.82 12474.26 12474.58 12474.90 12474.94 12475.02 12475.42 12475.82 12475.62 12475.38 12475.30 12475.22 12475.38 12475.54 12475.70 12475.90 12476.26 12476.70 12477.18 12477.66 12478.14 12478.62 12478.58 12478.54 12478.54 12478.50 12478.94 12479.42 12479.54 12479.66 12479.86 12480.10 12480.42 12480.74 12480.50 12480.26 12480.02 12479.78 12479.62 12479.46 12479.46 12479.50 12479.94 12480.42 12480.78 12481.14 12481.54 12481.98 12482.30 12482.62 12482.70 12482.78 12482.94 12483.06 12482.66 12482.26 12482.50 12482.70 12483.06 12483.42 12483.46 12483.46 12483.38 12483.26 12483.58 12483.90 12484.06 12484.26 12484.50 12484.74 12484.42 12484.14 12483.86 12483.54 12483.70 12483.82 12483.78 12483.78 12483.74 12483.70 12483.30 12482.94 12482.98 12483.06 12483.30 12483.58 12483.62 12483.66 12483.58 12483.46 12483.14 12482.86 12482.38 12481.94 12481.70 12481.46 12481.78 12482.10 12482.46 12482.86 12482.54 12482.22 12481.90 12481.54 12481.82 12482.10 12482.34 12482.54 12482.62 12482.66 12482.66 12482.62 12482.98 12483.30 12483.38 12483.50 12483.42 12474.66 12474.98 12475.26 12475.18 12475.10 12475.46 12475.82 12475.78 12475.70 12475.74 12475.74 12475.82 12475.86 12476.06 12476.26 12476.74 12477.22 12477.54 12477.86 12478.42 12478.98 12478.78 12478.54 12478.42 12478.26 12478.54 12478.82 12478.78 12478.74 12479.10 12479.42 12479.78 12480.10 12479.82 12479.54 12479.38 12479.22 12479.18 12479.18 12479.26 12479.30 12479.78 12480.22 12480.42 12480.58 12480.90 12481.18 12481.38 12481.58 12481.86 12482.10 12482.26 12482.42 12481.78 12481.14 12481.34 12481.54 12482.10 12482.62 12482.74 12482.82 12482.98 12483.14 12483.42 12483.70 12483.94 12484.14 12484.38 12484.58 12484.22 12483.82 12483.50 12483.18 12483.22 12483.26 12483.10 12482.94 12482.98 12482.98 12482.58 12482.18 12482.54 12482.86 12483.10 12483.30 12483.22 12483.14 12482.82 12482.50 12482.30 12482.10 12481.74 12481.38 12481.18 12481.02 12481.42 12481.82 12482.30 12482.74 12482.18 12481.62 12481.38 12481.14 12481.62 12482.06 12482.30 12482.54 12482.46 12482.38 12482.26 12482.14 12482.42 12482.70 12482.82 12482.94 12483.02 12473.26 12473.74 12474.26 12474.38 12474.54 12474.86 12475.22 12475.10 12474.98 12475.18 12475.34 12475.22 12475.10 12475.14 12475.18 12475.70 12476.26 12476.62 12477.02 12477.50 12478.02 12478.18 12478.34 12478.26 12478.18 12478.26 12478.30 12478.02 12477.74 12478.06 12478.38 12478.58 12478.74 12478.70 12478.62 12478.78 12478.94 12478.90 12478.86 12478.82 12478.78 12479.06 12479.34 12479.54 12479.78 12480.30 12480.86 12481.22 12481.58 12481.78 12482.02 12481.86 12481.66 12481.14 12480.66 12480.90 12481.14 12481.62 12482.10 12482.38 12482.66 12482.78 12482.90 12483.02 12483.14 12483.30 12483.46 12483.58 12483.74 12483.14 12482.54 12482.34 12482.14 12482.22 12482.30 12482.30 12482.34 12482.34 12482.38 12482.10 12481.82 12482.10 12482.38 12482.54 12482.70 12482.66 12482.58 12482.26 12481.98 12481.74 12481.54 12481.22 12480.90 12480.86 12480.82 12481.38 12481.98 12482.30 12482.66 12481.90 12481.14 12480.98 12480.78 12481.14 12481.50 12481.70 12481.94 12482.14 12482.38 12482.34 12482.34 12482.38 12482.46 12482.46 12482.46 12482.38 12471.82 12472.54 12473.22 12473.58 12473.94 12474.26 12474.58 12474.42 12474.26 12474.62 12474.94 12474.66 12474.34 12474.18 12474.06 12474.66 12475.26 12475.70 12476.14 12476.62 12477.06 12477.58 12478.10 12478.10 12478.14 12477.98 12477.78 12477.26 12476.70 12477.02 12477.34 12477.38 12477.38 12477.54 12477.70 12478.18 12478.66 12478.58 12478.50 12478.38 12478.22 12478.34 12478.42 12478.70 12478.98 12479.74 12480.50 12481.02 12481.54 12481.74 12481.94 12481.42 12480.90 12480.54 12480.14 12480.46 12480.74 12481.18 12481.58 12482.02 12482.46 12482.58 12482.66 12482.62 12482.58 12482.66 12482.74 12482.82 12482.90 12482.10 12481.26 12481.18 12481.10 12481.22 12481.34 12481.54 12481.70 12481.74 12481.78 12481.62 12481.46 12481.70 12481.90 12482.02 12482.10 12482.06 12482.02 12481.74 12481.42 12481.22 12480.98 12480.70 12480.42 12480.54 12480.62 12481.38 12482.10 12482.34 12482.58 12481.62 12480.66 12480.54 12480.42 12480.66 12480.90 12481.14 12481.34 12481.86 12482.34 12482.46 12482.54 12482.38 12482.18 12482.06 12481.94 12481.78 </TempDataArray>
    </BinaryData>
    <End xmlns="" EndString="7777"/>
</gribObject>
