<?xml version="1.0" encoding="UTF-8" standalone="yes"?>
<gribObject xmlns:xsi="http://www.w3.org/2001/XMLSchema-instance" xmlns:xsd="http://www.w3.org/2001/XMLSchema" xmlns="http://c4i.mlt/ICDU/schema" ForecastTime="2025-09-26T12:00:00.000Z" RunTime="2025-09-26T12:00:00.000Z" ParameterName="Geopotential height" FileName="newsingapore">
    <Indicator xmlns="" GribHeader="GRIB" NumOfOctets="21" GribType="2"/>
    <ProductDefinition xmlns="" NumOfOctets="4" ParamTableVersion="2" OrigCenter="7" ProcessID="81" GridID="36" GDS_BDS_Flag="128" ParamAndUnits="156" LevelType="0" Level="300" ReferenceTime="26" Month="9" Day="26" Hour="12" Minute="0" ForecastTimeUnits="1" PeriodOfTime1="12" PeriodOfTime2="0" TimeRangeIndicator="1" NumInAverage="9727" NumMissingAverage="0" CenturyOfReference="21" SubcenterID="0" DecimalScaleFactor="2" Reserved1="0" Lat1="-11000" Lon1="91000" Lat2="-9500" Lon2="105375" Di="125" Dj="125"/>
    <GridDescription xmlns="" NumOfOctets="72" NV="0" PV="255" DataRepresentationType="0">
        <LatLonProjection Ni="116" Nj="13" Flags="128" ScanFlags="64" Reserved="0"/>
    </GridDescription>
    <BinaryData xmlns="" NumOfOctets="6032" FlagsAndUnused="12" BinaryScaleFactor="2" ReferenceValue="972070.687500" DatumPacked="1508" OptionalFlags="0">
        <TempDataArray>9723.51 9723.95 9724.35 9724.31 9724.27 9724.07 9723.87 9723.71 9723.51 9723.83 9724.11 9724.51 9724.91 9724.91 9724.91 9725.11 9725.27 9725.59 9725.91 9726.47 9726.99 9727.47 9727.95 9728.11 9728.27 9728.15 9728.07 9728.23 9728.43 9728.55 9728.71 9728.71 9728.71 9728.67 9728.63 9728.87 9729.07 9729.23 9729.43 9729.31 9729.19 9728.95 9728.71 9728.55 9728.39 9728.23 9728.07 9728.03 9727.99 9727.99 9727.99 9727.91 9727.83 9728.15 9728.47 9728.83 9729.15 9729.83 9730.51 9730.71 9730.95 9730.63 9730.27 9730.11 9729.95 9730.11 9730.27 9729.95 9729.59 9729.55 9729.51 9729.91 9730.31 9730.27 9730.23 9730.23 9730.27 9730.39 9730.51 9730.79 9731.03 9731.19 9731.31 9731.47 9731.63 9731.35 9731.03 9730.99 9730.91 9731.11 9731.31 9731.39 9731.51 9731.55 9731.63 9731.71 9731.83 9731.87 9731.87 9731.59 9731.31 9730.99 9730.67 9730.55 9730.47 9730.51 9730.55 9730.63 9730.71 9731.03 9731.35 9731.63 9731.91 9732.15 9732.39 9732.47 9723.27 9723.71 9724.15 9723.99 9723.87 9723.79 9723.71 9723.67 9723.63 9723.95 9724.23 9724.51 9724.79 9724.79 9724.83 9725.11 9725.39 9725.59 9725.79 9726.27 9726.79 9727.27 9727.71 9727.83 9727.95 9727.91 9727.91 9728.19 9728.51 9728.59 9728.67 9728.55 9728.47 9728.51 9728.55 9728.83 9729.07 9729.27 9729.51 9729.27 9729.03 9728.87 9728.67 9728.47 9728.23 9727.99 9727.79 9727.83 9727.87 9727.91 9727.95 9727.95 9727.95 9728.35 9728.71 9729.15 9729.55 9729.83 9730.15 9730.15 9730.19 9729.87 9729.55 9729.47 9729.39 9729.51 9729.63 9729.39 9729.19 9729.31 9729.47 9729.83 9730.19 9730.15 9730.07 9730.19 9730.27 9730.39 9730.47 9730.63 9730.79 9730.83 9730.87 9730.95 9731.03 9730.99 9730.95 9730.99 9731.07 9731.15 9731.27 9731.35 9731.39 9731.47 9731.55 9731.71 9731.83 9731.83 9731.83 9731.59 9731.39 9731.11 9730.87 9730.71 9730.55 9730.63 9730.67 9730.71 9730.71 9730.95 9731.15 9731.39 9731.63 9731.87 9732.11 9732.11 9723.03 9723.51 9723.95 9723.71 9723.43 9723.47 9723.55 9723.67 9723.79 9724.07 9724.35 9724.47 9724.63 9724.67 9724.71 9725.11 9725.51 9725.59 9725.67 9726.11 9726.55 9727.03 9727.51 9727.55 9727.59 9727.63 9727.71 9728.15 9728.59 9728.63 9728.63 9728.39 9728.19 9728.35 9728.51 9728.79 9729.03 9729.31 9729.59 9729.23 9728.87 9728.75 9728.63 9728.35 9728.07 9727.79 9727.47 9727.59 9727.71 9727.79 9727.87 9727.95 9728.03 9728.51 9728.99 9729.47 9729.91 9729.83 9729.75 9729.55 9729.39 9729.11 9728.83 9728.83 9728.79 9728.87 9728.95 9728.87 9728.75 9729.07 9729.39 9729.71 9730.07 9729.99 9729.91 9730.11 9730.27 9730.39 9730.47 9730.47 9730.51 9730.47 9730.39 9730.39 9730.39 9730.63 9730.83 9731.03 9731.19 9731.23 9731.23 9731.27 9731.31 9731.39 9731.51 9731.63 9731.79 9731.79 9731.79 9731.63 9731.43 9731.23 9731.07 9730.87 9730.67 9730.71 9730.79 9730.79 9730.75 9730.87 9730.95 9731.19 9731.39 9731.63 9731.83 9731.79 9722.87 9722.99 9723.11 9722.87 9722.59 9722.83 9723.07 9723.31 9723.51 9723.83 9724.15 9724.35 9724.55 9724.63 9724.71 9725.03 9725.31 9725.47 9725.63 9726.07 9726.55 9726.99 9727.47 9727.51 9727.55 9727.63 9727.75 9728.11 9728.47 9728.39 9728.27 9728.07 9727.87 9727.99 9728.11 9728.31 9728.47 9728.63 9728.79 9728.43 9728.07 9727.95 9727.83 9727.71 9727.59 9727.59 9727.59 9727.83 9728.07 9728.15 9728.27 9728.35 9728.43 9728.83 9729.19 9729.55 9729.87 9729.59 9729.31 9729.07 9728.87 9728.75 9728.63 9728.63 9728.63 9728.83 9728.99 9729.03 9729.11 9729.27 9729.43 9729.59 9729.75 9729.71 9729.71 9729.91 9730.11 9730.11 9730.15 9730.27 9730.39 9730.39 9730.39 9730.39 9730.39 9730.67 9730.95 9731.07 9731.19 9731.23 9731.23 9731.23 9731.23 9731.35 9731.47 9731.71 9731.91 9731.87 9731.87 9731.63 9731.43 9731.27 9731.11 9730.99 9730.91 9730.95 9730.99 9730.79 9730.63 9730.55 9730.51 9730.71 9730.91 9731.19 9731.47 9731.43 9722.71 9722.47 9722.27 9722.03 9721.75 9722.19 9722.59 9722.91 9723.23 9723.55 9723.91 9724.23 9724.51 9724.63 9724.75 9724.91 9725.07 9725.31 9725.55 9726.03 9726.51 9726.95 9727.39 9727.47 9727.51 9727.63 9727.79 9728.07 9728.35 9728.15 9727.91 9727.71 9727.51 9727.63 9727.71 9727.83 9727.91 9727.95 9727.95 9727.63 9727.27 9727.15 9727.03 9727.11 9727.15 9727.43 9727.71 9728.07 9728.39 9728.55 9728.67 9728.75 9728.83 9729.11 9729.39 9729.63 9729.83 9729.35 9728.87 9728.59 9728.31 9728.39 9728.43 9728.47 9728.51 9728.75 9728.99 9729.23 9729.43 9729.47 9729.47 9729.47 9729.43 9729.47 9729.47 9729.71 9729.95 9729.87 9729.79 9730.03 9730.27 9730.35 9730.43 9730.43 9730.43 9730.71 9731.03 9731.11 9731.19 9731.23 9731.23 9731.15 9731.11 9731.31 9731.47 9731.71 9731.99 9731.99 9731.95 9731.71 9731.43 9731.31 9731.15 9731.15 9731.11 9731.15 9731.15 9730.83 9730.51 9730.27 9730.03 9730.23 9730.39 9730.71 9731.07 9731.07 9722.67 9722.51 9722.39 9722.19 9721.99 9722.35 9722.71 9723.03 9723.35 9723.55 9723.71 9723.95 9724.23 9724.47 9724.71 9724.91 9725.07 9725.35 9725.67 9726.11 9726.55 9726.91 9727.31 9727.31 9727.35 9727.43 9727.55 9727.79 9728.07 9727.91 9727.79 9727.71 9727.63 9727.75 9727.87 9727.79 9727.71 9727.59 9727.47 9727.15 9726.87 9726.95 9726.99 9727.19 9727.39 9727.75 9728.15 9728.39 9728.63 9728.63 9728.63 9728.75 9728.91 9729.07 9729.23 9729.23 9729.19 9728.79 9728.39 9728.19 9727.99 9728.27 9728.55 9728.63 9728.71 9728.79 9728.87 9728.87 9728.91 9728.91 9728.91 9728.99 9729.07 9729.11 9729.19 9729.35 9729.55 9729.55 9729.55 9729.87 9730.15 9730.23 9730.27 9730.23 9730.15 9730.43 9730.71 9730.83 9730.99 9731.03 9731.07 9731.03 9731.03 9731.27 9731.55 9731.71 9731.87 9731.71 9731.55 9731.27 9730.99 9730.95 9730.95 9731.03 9731.15 9731.15 9731.15 9730.83 9730.55 9730.43 9730.31 9730.39 9730.47 9730.59 9730.71 9730.67 9722.63 9722.55 9722.47 9722.35 9722.23 9722.55 9722.83 9723.15 9723.47 9723.47 9723.51 9723.71 9723.91 9724.31 9724.71 9724.87 9725.03 9725.43 9725.79 9726.19 9726.55 9726.91 9727.23 9727.23 9727.19 9727.23 9727.27 9727.51 9727.75 9727.71 9727.67 9727.71 9727.79 9727.91 9727.99 9727.71 9727.47 9727.23 9726.95 9726.71 9726.47 9726.71 9726.95 9727.31 9727.63 9728.11 9728.55 9728.71 9728.87 9728.71 9728.55 9728.79 9728.99 9729.03 9729.07 9728.83 9728.55 9728.23 9727.91 9727.79 9727.67 9728.15 9728.63 9728.75 9728.87 9728.83 9728.75 9728.55 9728.35 9728.31 9728.31 9728.47 9728.67 9728.79 9728.87 9728.99 9729.11 9729.23 9729.31 9729.67 9730.03 9730.07 9730.11 9729.99 9729.87 9730.11 9730.35 9730.55 9730.79 9730.87 9730.91 9730.91 9730.91 9731.27 9731.59 9731.63 9731.71 9731.47 9731.19 9730.87 9730.55 9730.63 9730.71 9730.95 9731.19 9731.15 9731.11 9730.87 9730.59 9730.55 9730.55 9730.55 9730.51 9730.47 9730.39 9730.27 9721.99 9722.03 9722.07 9722.19 9722.27 9722.59 9722.95 9723.23 9723.51 9723.39 9723.31 9723.59 9723.87 9724.27 9724.67 9724.91 9725.15 9725.47 9725.79 9725.99 9726.23 9726.35 9726.47 9726.47 9726.47 9726.63 9726.79 9726.99 9727.23 9727.27 9727.35 9727.55 9727.79 9727.87 9727.99 9727.59 9727.23 9726.87 9726.51 9726.55 9726.55 9726.99 9727.39 9727.67 9727.95 9728.27 9728.55 9728.59 9728.59 9728.43 9728.31 9728.47 9728.63 9728.55 9728.43 9728.23 9727.99 9727.79 9727.55 9727.39 9727.23 9727.63 9727.99 9728.15 9728.27 9728.23 9728.15 9728.11 9728.07 9728.15 9728.27 9728.47 9728.71 9728.71 9728.75 9728.83 9728.91 9729.03 9729.11 9729.35 9729.59 9729.63 9729.67 9729.71 9729.75 9730.03 9730.31 9730.47 9730.67 9730.67 9730.71 9730.67 9730.67 9730.91 9731.15 9731.11 9731.11 9730.91 9730.71 9730.55 9730.35 9730.51 9730.63 9730.83 9730.99 9730.91 9730.83 9730.67 9730.55 9730.47 9730.39 9730.35 9730.27 9730.19 9730.15 9730.11 9721.35 9721.51 9721.67 9721.99 9722.31 9722.67 9723.07 9723.31 9723.55 9723.31 9723.11 9723.47 9723.79 9724.23 9724.63 9724.95 9725.27 9725.51 9725.75 9725.83 9725.87 9725.79 9725.67 9725.71 9725.79 9726.07 9726.31 9726.47 9726.67 9726.87 9727.03 9727.39 9727.75 9727.87 9727.95 9727.47 9726.99 9726.51 9726.03 9726.35 9726.67 9727.27 9727.83 9728.07 9728.27 9728.43 9728.59 9728.47 9728.31 9728.19 9728.03 9728.19 9728.31 9728.07 9727.79 9727.63 9727.43 9727.31 9727.23 9727.03 9726.79 9727.07 9727.35 9727.51 9727.67 9727.63 9727.55 9727.63 9727.75 9727.99 9728.23 9728.47 9728.71 9728.67 9728.63 9728.67 9728.71 9728.83 9728.91 9729.03 9729.15 9729.23 9729.27 9729.47 9729.63 9729.95 9730.27 9730.39 9730.55 9730.51 9730.47 9730.47 9730.43 9730.55 9730.67 9730.55 9730.47 9730.39 9730.27 9730.23 9730.15 9730.39 9730.59 9730.67 9730.75 9730.63 9730.55 9730.51 9730.47 9730.39 9730.27 9730.15 9729.99 9729.95 9729.87 9729.99 9721.03 9721.19 9721.31 9721.71 9722.07 9722.35 9722.59 9722.79 9722.95 9723.11 9723.23 9723.67 9724.11 9724.39 9724.67 9724.99 9725.31 9725.39 9725.47 9725.35 9725.19 9725.11 9725.07 9725.27 9725.47 9725.67 9725.87 9726.11 9726.35 9726.51 9726.67 9726.95 9727.27 9727.27 9727.27 9726.83 9726.43 9726.15 9725.87 9726.27 9726.71 9727.19 9727.71 9727.87 9728.03 9728.15 9728.27 9728.07 9727.91 9727.63 9727.43 9727.35 9727.31 9727.27 9727.23 9727.15 9727.07 9727.03 9726.99 9726.87 9726.79 9727.11 9727.47 9727.47 9727.47 9727.43 9727.39 9727.47 9727.59 9727.87 9728.15 9728.39 9728.55 9728.47 9728.39 9728.47 9728.51 9728.55 9728.63 9728.83 9728.99 9729.07 9729.11 9729.31 9729.47 9729.71 9729.95 9729.95 9729.99 9729.99 9730.03 9729.99 9729.95 9729.95 9729.95 9729.79 9729.63 9729.59 9729.51 9729.51 9729.51 9729.67 9729.87 9729.95 9730.07 9730.07 9730.07 9730.19 9730.31 9730.15 9730.03 9729.83 9729.67 9729.71 9729.79 9729.83 9720.71 9720.83 9720.95 9721.39 9721.83 9721.99 9722.15 9722.23 9722.31 9722.87 9723.39 9723.91 9724.43 9724.55 9724.71 9725.03 9725.35 9725.31 9725.23 9724.87 9724.51 9724.47 9724.43 9724.79 9725.11 9725.27 9725.43 9725.71 9725.99 9726.15 9726.31 9726.55 9726.75 9726.63 9726.55 9726.23 9725.87 9725.79 9725.67 9726.19 9726.71 9727.15 9727.55 9727.63 9727.75 9727.87 9727.95 9727.71 9727.47 9727.15 9726.79 9726.55 9726.31 9726.47 9726.67 9726.67 9726.67 9726.71 9726.71 9726.75 9726.79 9727.19 9727.55 9727.43 9727.31 9727.23 9727.19 9727.31 9727.43 9727.79 9728.11 9728.27 9728.43 9728.31 9728.19 9728.23 9728.31 9728.31 9728.35 9728.59 9728.83 9728.91 9728.95 9729.15 9729.35 9729.47 9729.59 9729.47 9729.39 9729.47 9729.59 9729.55 9729.47 9729.31 9729.19 9729.03 9728.83 9728.79 9728.75 9728.83 9728.87 9728.99 9729.11 9729.23 9729.39 9729.47 9729.59 9729.87 9730.11 9729.95 9729.75 9729.55 9729.35 9729.51 9729.67 9729.71 9720.71 9720.95 9721.15 9721.55 9721.91 9722.07 9722.23 9722.23 9722.23 9722.59 9722.95 9723.31 9723.71 9723.79 9723.87 9724.11 9724.39 9724.31 9724.23 9724.15 9724.03 9724.19 9724.39 9724.75 9725.15 9725.27 9725.39 9725.71 9726.07 9726.11 9726.19 9726.23 9726.27 9726.03 9725.83 9725.51 9725.19 9725.27 9725.39 9725.83 9726.27 9726.55 9726.83 9726.91 9727.03 9727.03 9727.07 9726.79 9726.55 9726.15 9725.79 9725.63 9725.47 9725.63 9725.87 9726.03 9726.19 9726.27 9726.35 9726.27 9726.23 9726.47 9726.75 9726.75 9726.71 9726.79 9726.87 9727.03 9727.15 9727.55 9727.91 9728.07 9728.23 9728.19 9728.11 9728.15 9728.19 9728.19 9728.23 9728.35 9728.47 9728.47 9728.47 9728.59 9728.67 9728.71 9728.79 9728.75 9728.75 9728.91 9729.07 9728.99 9728.95 9728.83 9728.71 9728.63 9728.51 9728.51 9728.55 9728.63 9728.71 9728.83 9728.99 9729.07 9729.19 9729.27 9729.35 9729.55 9729.71 9729.51 9729.31 9728.99 9728.67 9728.71 9728.71 9728.63 9720.71 9721.03 9721.35 9721.67 9721.99 9722.15 9722.27 9722.23 9722.15 9722.31 9722.47 9722.71 9722.99 9722.99 9722.99 9723.19 9723.39 9723.31 9723.27 9723.39 9723.51 9723.95 9724.35 9724.75 9725.15 9725.27 9725.39 9725.75 9726.11 9726.07 9726.07 9725.91 9725.75 9725.43 9725.11 9724.83 9724.51 9724.79 9725.07 9725.47 9725.83 9725.95 9726.07 9726.19 9726.31 9726.23 9726.15 9725.87 9725.59 9725.19 9724.79 9724.71 9724.59 9724.83 9725.03 9725.35 9725.67 9725.83 9725.95 9725.79 9725.63 9725.79 9725.95 9726.07 9726.15 9726.35 9726.55 9726.71 9726.87 9727.31 9727.71 9727.91 9728.07 9728.03 9727.99 9728.03 9728.07 9728.07 9728.07 9728.11 9728.15 9728.07 9727.99 9727.99 9727.99 9727.99 9727.95 9728.03 9728.11 9728.31 9728.51 9728.47 9728.39 9728.31 9728.27 9728.23 9728.19 9728.23 9728.31 9728.39 9728.51 9728.67 9728.83 9728.91 9728.99 9729.07 9729.11 9729.23 9729.35 9729.11 9728.83 9728.43 9727.99 9727.87 9727.75 9727.55 </TempDataArray>
    </BinaryData>
    <End xmlns="" EndString="7777"/>
</gribObject>
