<?xml version="1.0" encoding="UTF-8" standalone="yes"?>
<gribObject xmlns:xsi="http://www.w3.org/2001/XMLSchema-instance" xmlns:xsd="http://www.w3.org/2001/XMLSchema" xmlns="http://c4i.mlt/ICDU/schema" ForecastTime="2025-09-26T12:00:00.000Z" RunTime="2025-09-26T12:00:00.000Z" ParameterName="Geopotential height" FileName="newsingapore">
    <Indicator xmlns="" GribHeader="GRIB" NumOfOctets="21" GribType="2"/>
    <ProductDefinition xmlns="" NumOfOctets="4" ParamTableVersion="2" OrigCenter="7" ProcessID="81" GridID="36" GDS_BDS_Flag="128" ParamAndUnits="156" LevelType="0" Level="100" ReferenceTime="26" Month="9" Day="26" Hour="12" Minute="0" ForecastTimeUnits="1" PeriodOfTime1="12" PeriodOfTime2="0" TimeRangeIndicator="1" NumInAverage="16628" NumMissingAverage="0" CenturyOfReference="21" SubcenterID="0" DecimalScaleFactor="2" Reserved1="0" Lat1="-11000" Lon1="91000" Lat2="-9500" Lon2="105375" Di="125" Dj="125"/>
    <GridDescription xmlns="" NumOfOctets="72" NV="0" PV="255" DataRepresentationType="0">
        <LatLonProjection Ni="116" Nj="13" Flags="128" ScanFlags="64" Reserved="0"/>
    </GridDescription>
    <BinaryData xmlns="" NumOfOctets="6032" FlagsAndUnused="12" BinaryScaleFactor="2" ReferenceValue="1661529.125000" DatumPacked="1508" OptionalFlags="0">
        <TempDataArray>16623.77 16624.05 16624.37 16624.25 16624.13 16623.69 16623.21 16623.01 16622.77 16623.05 16623.29 16624.13 16624.97 16625.53 16626.05 16626.29 16626.53 16627.17 16627.81 16628.37 16628.89 16629.05 16629.21 16628.89 16628.53 16628.21 16627.89 16628.21 16628.57 16628.69 16628.81 16629.01 16629.17 16629.13 16629.09 16629.53 16629.93 16630.05 16630.17 16630.21 16630.25 16630.45 16630.65 16631.05 16631.45 16631.65 16631.85 16632.05 16632.21 16632.49 16632.73 16632.69 16632.61 16632.69 16632.73 16632.57 16632.41 16632.41 16632.41 16632.61 16632.81 16633.33 16633.85 16634.05 16634.21 16634.05 16633.85 16634.17 16634.49 16634.69 16634.85 16634.61 16634.37 16634.13 16633.85 16634.33 16634.77 16635.21 16635.69 16635.85 16635.97 16636.05 16636.13 16636.45 16636.77 16637.29 16637.77 16637.89 16638.05 16637.97 16637.85 16637.85 16637.85 16637.77 16637.69 16637.61 16637.49 16637.53 16637.57 16637.73 16637.93 16637.73 16637.53 16636.89 16636.21 16636.05 16635.85 16635.73 16635.65 16635.21 16634.73 16634.29 16633.85 16633.49 16633.09 16632.97 16622.37 16622.65 16622.93 16622.97 16623.01 16622.69 16622.37 16622.29 16622.21 16622.57 16622.89 16623.73 16624.53 16625.09 16625.69 16626.01 16626.37 16627.01 16627.65 16628.05 16628.49 16628.45 16628.37 16628.21 16628.05 16627.69 16627.33 16627.57 16627.85 16628.05 16628.29 16628.49 16628.69 16628.81 16628.97 16629.37 16629.85 16630.13 16630.41 16630.49 16630.53 16630.53 16630.53 16630.69 16630.85 16630.97 16631.05 16631.21 16631.33 16631.61 16631.89 16631.89 16631.89 16631.97 16632.01 16632.13 16632.21 16632.13 16632.01 16631.89 16631.73 16632.17 16632.57 16632.77 16632.97 16632.89 16632.77 16633.29 16633.81 16634.09 16634.37 16634.17 16634.01 16633.85 16633.69 16634.17 16634.65 16634.97 16635.33 16635.37 16635.49 16635.61 16635.73 16636.21 16636.65 16637.13 16637.61 16637.69 16637.81 16637.65 16637.49 16637.29 16637.09 16636.93 16636.73 16636.61 16636.53 16636.61 16636.73 16636.93 16637.17 16637.09 16637.05 16636.49 16635.93 16635.53 16635.09 16634.89 16634.65 16634.25 16633.89 16633.53 16633.21 16632.93 16632.69 16632.65 16621.01 16621.25 16621.49 16621.69 16621.85 16621.73 16621.57 16621.61 16621.65 16622.09 16622.53 16623.29 16624.05 16624.69 16625.33 16625.77 16626.17 16626.81 16627.45 16627.77 16628.09 16627.85 16627.57 16627.57 16627.53 16627.17 16626.77 16626.93 16627.09 16627.45 16627.81 16628.01 16628.21 16628.53 16628.81 16629.25 16629.73 16630.21 16630.65 16630.73 16630.81 16630.57 16630.37 16630.33 16630.25 16630.29 16630.29 16630.37 16630.45 16630.73 16631.05 16631.13 16631.17 16631.21 16631.29 16631.65 16632.01 16631.81 16631.61 16631.17 16630.69 16631.01 16631.29 16631.53 16631.73 16631.73 16631.69 16632.37 16633.09 16633.49 16633.85 16633.73 16633.65 16633.57 16633.53 16634.01 16634.49 16634.73 16634.93 16634.97 16634.97 16635.17 16635.37 16635.93 16636.49 16636.97 16637.41 16637.49 16637.57 16637.37 16637.13 16636.73 16636.33 16636.05 16635.77 16635.65 16635.53 16635.69 16635.85 16636.13 16636.37 16636.49 16636.57 16636.09 16635.65 16635.01 16634.33 16634.01 16633.65 16633.37 16633.05 16632.81 16632.53 16632.41 16632.29 16632.33 16620.53 16620.77 16621.01 16621.25 16621.53 16621.53 16621.49 16621.49 16621.49 16622.09 16622.73 16623.29 16623.89 16624.37 16624.85 16625.33 16625.77 16626.17 16626.57 16626.85 16627.17 16626.97 16626.73 16626.73 16626.73 16626.45 16626.17 16626.21 16626.29 16626.57 16626.81 16627.09 16627.37 16627.89 16628.37 16628.81 16629.21 16629.53 16629.81 16629.81 16629.85 16629.73 16629.57 16629.61 16629.61 16629.69 16629.73 16629.81 16629.89 16630.05 16630.21 16630.25 16630.29 16630.29 16630.33 16630.69 16631.05 16631.05 16631.01 16630.73 16630.45 16630.81 16631.17 16631.25 16631.37 16631.17 16630.93 16631.69 16632.45 16632.85 16633.29 16633.33 16633.37 16633.41 16633.45 16633.77 16634.09 16634.21 16634.37 16634.45 16634.53 16634.77 16635.01 16635.49 16636.01 16636.53 16637.05 16637.21 16637.33 16637.09 16636.85 16636.41 16636.01 16635.73 16635.45 16635.33 16635.21 16635.17 16635.17 16635.13 16635.13 16635.17 16635.21 16635.01 16634.81 16634.37 16633.93 16633.45 16632.97 16632.69 16632.37 16632.33 16632.29 16632.21 16632.17 16632.01 16620.01 16620.25 16620.49 16620.85 16621.21 16621.33 16621.41 16621.37 16621.33 16622.13 16622.89 16623.33 16623.77 16624.05 16624.37 16624.89 16625.37 16625.53 16625.65 16625.93 16626.21 16626.05 16625.93 16625.97 16625.97 16625.73 16625.53 16625.53 16625.49 16625.65 16625.81 16626.21 16626.57 16627.21 16627.89 16628.29 16628.73 16628.85 16628.93 16628.89 16628.85 16628.85 16628.81 16628.89 16628.93 16629.05 16629.21 16629.25 16629.29 16629.33 16629.33 16629.37 16629.41 16629.37 16629.33 16629.73 16630.09 16630.25 16630.41 16630.29 16630.17 16630.61 16631.01 16631.01 16631.01 16630.61 16630.17 16630.97 16631.77 16632.25 16632.73 16632.89 16633.09 16633.21 16633.33 16633.53 16633.69 16633.73 16633.77 16633.89 16634.05 16634.37 16634.65 16635.05 16635.49 16636.09 16636.69 16636.89 16637.09 16636.81 16636.53 16636.09 16635.65 16635.37 16635.09 16634.97 16634.85 16634.65 16634.45 16634.17 16633.89 16633.89 16633.85 16633.89 16633.97 16633.73 16633.53 16632.89 16632.29 16632.01 16631.69 16631.85 16632.01 16632.05 16632.05 16631.69 16619.49 16619.57 16619.65 16619.89 16620.13 16620.53 16620.93 16621.13 16621.37 16621.89 16622.49 16622.93 16623.41 16623.65 16623.89 16624.37 16624.81 16624.93 16625.05 16625.17 16625.33 16625.17 16625.01 16625.09 16625.17 16624.89 16624.61 16624.57 16624.53 16624.77 16625.01 16625.41 16625.85 16626.41 16627.01 16627.33 16627.65 16627.65 16627.69 16627.73 16627.81 16627.97 16628.13 16628.17 16628.21 16628.21 16628.21 16628.29 16628.37 16628.49 16628.61 16628.57 16628.53 16628.49 16628.45 16628.93 16629.45 16629.61 16629.81 16630.05 16630.29 16630.61 16630.89 16630.69 16630.49 16630.05 16629.65 16630.33 16630.97 16631.53 16632.05 16632.33 16632.61 16632.73 16632.89 16633.05 16633.21 16633.37 16633.49 16633.77 16634.05 16634.33 16634.61 16635.09 16635.57 16636.09 16636.61 16636.81 16637.01 16636.89 16636.77 16636.45 16636.13 16635.69 16635.25 16635.01 16634.77 16634.61 16634.45 16634.21 16633.93 16633.73 16633.53 16633.33 16633.13 16632.97 16632.81 16632.37 16631.97 16631.57 16631.17 16631.21 16631.29 16631.41 16631.57 16631.21 16618.93 16618.89 16618.81 16618.93 16619.05 16619.73 16620.45 16620.89 16621.37 16621.73 16622.05 16622.57 16623.05 16623.21 16623.41 16623.85 16624.25 16624.33 16624.41 16624.41 16624.41 16624.21 16624.05 16624.21 16624.37 16624.05 16623.69 16623.65 16623.57 16623.89 16624.17 16624.65 16625.13 16625.61 16626.09 16626.33 16626.57 16626.49 16626.41 16626.57 16626.73 16627.05 16627.41 16627.45 16627.45 16627.37 16627.25 16627.37 16627.45 16627.65 16627.85 16627.73 16627.65 16627.57 16627.53 16628.17 16628.81 16629.01 16629.17 16629.81 16630.41 16630.61 16630.81 16630.37 16629.97 16629.57 16629.13 16629.65 16630.17 16630.77 16631.37 16631.73 16632.13 16632.29 16632.41 16632.57 16632.73 16632.97 16633.21 16633.61 16634.01 16634.29 16634.57 16635.09 16635.61 16636.05 16636.49 16636.69 16636.89 16636.97 16637.01 16636.81 16636.61 16636.01 16635.41 16635.05 16634.69 16634.57 16634.45 16634.21 16633.97 16633.57 16633.17 16632.73 16632.29 16632.17 16632.05 16631.85 16631.61 16631.13 16630.61 16630.57 16630.53 16630.81 16631.05 16630.77 16618.61 16618.65 16618.69 16618.77 16618.85 16619.25 16619.69 16620.45 16621.21 16621.49 16621.77 16622.13 16622.45 16622.57 16622.69 16622.97 16623.29 16623.57 16623.85 16623.93 16624.01 16623.85 16623.73 16624.01 16624.29 16624.05 16623.81 16623.57 16623.37 16623.73 16624.05 16624.25 16624.49 16625.01 16625.57 16625.89 16626.21 16626.29 16626.33 16626.37 16626.41 16626.53 16626.61 16626.53 16626.49 16626.45 16626.41 16626.49 16626.57 16626.77 16626.97 16626.97 16626.97 16626.93 16626.89 16627.61 16628.33 16628.45 16628.57 16629.13 16629.73 16629.73 16629.73 16629.53 16629.29 16629.13 16628.97 16629.29 16629.65 16630.05 16630.45 16630.73 16631.05 16631.13 16631.21 16631.41 16631.57 16631.97 16632.37 16632.89 16633.45 16633.89 16634.29 16635.01 16635.73 16636.17 16636.57 16636.65 16636.69 16636.53 16636.37 16636.09 16635.85 16635.37 16634.93 16634.53 16634.17 16633.97 16633.81 16633.73 16633.69 16633.49 16633.29 16632.97 16632.65 16632.41 16632.17 16631.85 16631.57 16631.01 16630.49 16630.25 16630.01 16630.13 16630.29 16630.13 16618.29 16618.41 16618.57 16618.57 16618.61 16618.77 16618.93 16620.01 16621.05 16621.29 16621.49 16621.69 16621.85 16621.89 16621.93 16622.13 16622.33 16622.81 16623.25 16623.41 16623.57 16623.49 16623.37 16623.77 16624.17 16624.05 16623.89 16623.57 16623.21 16623.57 16623.89 16623.89 16623.85 16624.45 16625.01 16625.45 16625.89 16626.05 16626.25 16626.17 16626.09 16625.97 16625.81 16625.65 16625.49 16625.53 16625.57 16625.65 16625.73 16625.89 16626.09 16626.17 16626.25 16626.29 16626.29 16627.05 16627.85 16627.89 16627.97 16628.49 16629.01 16628.85 16628.69 16628.65 16628.61 16628.69 16628.77 16628.97 16629.13 16629.33 16629.53 16629.73 16629.93 16630.01 16630.05 16630.25 16630.45 16631.01 16631.57 16632.21 16632.85 16633.45 16634.05 16634.97 16635.85 16636.25 16636.65 16636.57 16636.49 16636.09 16635.69 16635.37 16635.09 16634.77 16634.45 16634.05 16633.61 16633.37 16633.13 16633.25 16633.37 16633.37 16633.37 16633.17 16632.97 16632.65 16632.29 16631.89 16631.49 16630.93 16630.37 16629.89 16629.45 16629.53 16629.57 16629.53 16617.09 16617.29 16617.45 16617.65 16617.89 16618.01 16618.17 16619.05 16619.93 16620.57 16621.17 16621.49 16621.85 16621.65 16621.49 16621.49 16621.49 16621.85 16622.25 16622.45 16622.65 16622.57 16622.53 16622.93 16623.29 16623.29 16623.29 16622.97 16622.65 16622.85 16623.09 16622.89 16622.73 16623.29 16623.85 16624.21 16624.57 16624.81 16625.05 16625.21 16625.37 16625.17 16625.01 16624.89 16624.73 16624.77 16624.81 16625.05 16625.25 16625.45 16625.69 16625.69 16625.73 16625.81 16625.89 16626.65 16627.41 16627.45 16627.53 16627.93 16628.37 16628.17 16628.01 16628.05 16628.17 16628.21 16628.25 16628.21 16628.13 16628.21 16628.33 16628.61 16628.89 16629.25 16629.57 16630.01 16630.45 16630.97 16631.49 16632.13 16632.73 16633.41 16634.09 16634.85 16635.65 16636.01 16636.37 16636.33 16636.29 16635.97 16635.69 16635.21 16634.77 16634.41 16634.05 16633.97 16633.89 16633.81 16633.73 16633.73 16633.73 16633.57 16633.41 16633.09 16632.77 16632.49 16632.17 16631.89 16631.61 16631.13 16630.65 16630.29 16629.89 16629.97 16630.01 16629.97 16615.89 16616.13 16616.33 16616.73 16617.13 16617.25 16617.37 16618.09 16618.81 16619.85 16620.85 16621.33 16621.81 16621.41 16621.01 16620.81 16620.61 16620.93 16621.25 16621.49 16621.69 16621.69 16621.69 16622.05 16622.41 16622.57 16622.69 16622.37 16622.05 16622.17 16622.29 16621.97 16621.61 16622.13 16622.65 16622.97 16623.25 16623.57 16623.89 16624.25 16624.61 16624.41 16624.21 16624.09 16623.97 16624.01 16624.05 16624.41 16624.77 16625.01 16625.25 16625.21 16625.17 16625.33 16625.49 16626.21 16626.97 16627.01 16627.05 16627.37 16627.73 16627.53 16627.29 16627.49 16627.69 16627.73 16627.73 16627.41 16627.13 16627.13 16627.13 16627.53 16627.89 16628.49 16629.09 16629.77 16630.41 16630.93 16631.41 16632.05 16632.65 16633.37 16634.13 16634.77 16635.41 16635.77 16636.09 16636.05 16636.05 16635.85 16635.65 16635.05 16634.41 16634.05 16633.69 16633.93 16634.17 16634.25 16634.33 16634.21 16634.05 16633.73 16633.45 16633.01 16632.57 16632.29 16632.05 16631.89 16631.73 16631.33 16630.93 16630.65 16630.37 16630.41 16630.45 16630.45 16615.81 16615.81 16615.81 16616.05 16616.33 16616.73 16617.09 16617.53 16618.01 16618.85 16619.73 16620.45 16621.21 16621.13 16621.13 16620.97 16620.81 16621.01 16621.21 16621.37 16621.49 16621.37 16621.25 16621.45 16621.65 16621.77 16621.89 16621.73 16621.57 16621.65 16621.69 16621.45 16621.21 16621.53 16621.89 16622.05 16622.29 16622.61 16622.97 16623.29 16623.69 16623.57 16623.41 16623.33 16623.25 16623.33 16623.41 16623.69 16624.01 16624.29 16624.57 16624.69 16624.85 16624.97 16625.13 16625.73 16626.33 16626.45 16626.57 16626.81 16627.05 16626.97 16626.89 16627.09 16627.33 16627.29 16627.21 16626.97 16626.69 16626.89 16627.05 16627.73 16628.37 16629.01 16629.61 16630.05 16630.45 16630.69 16630.93 16631.49 16632.05 16632.81 16633.57 16634.05 16634.57 16634.81 16635.01 16635.05 16635.09 16634.97 16634.89 16634.41 16633.93 16633.69 16633.41 16633.65 16633.85 16633.97 16634.05 16633.85 16633.65 16633.41 16633.21 16632.89 16632.57 16632.21 16631.85 16631.69 16631.57 16631.13 16630.73 16630.61 16630.49 16630.69 16630.89 16630.97 16615.73 16615.53 16615.29 16615.41 16615.53 16616.17 16616.81 16617.01 16617.17 16617.89 16618.57 16619.57 16620.57 16620.89 16621.21 16621.09 16620.97 16621.05 16621.17 16621.21 16621.29 16621.05 16620.81 16620.85 16620.89 16620.97 16621.05 16621.09 16621.13 16621.13 16621.09 16620.93 16620.77 16620.93 16621.09 16621.21 16621.29 16621.65 16622.01 16622.37 16622.73 16622.69 16622.65 16622.57 16622.53 16622.65 16622.77 16623.01 16623.21 16623.53 16623.85 16624.21 16624.53 16624.65 16624.73 16625.21 16625.69 16625.89 16626.05 16626.21 16626.37 16626.41 16626.45 16626.73 16626.97 16626.85 16626.73 16626.49 16626.25 16626.65 16627.01 16627.97 16628.89 16629.53 16630.13 16630.33 16630.49 16630.49 16630.45 16630.93 16631.41 16632.21 16633.01 16633.37 16633.73 16633.85 16633.93 16634.05 16634.13 16634.13 16634.09 16633.77 16633.45 16633.29 16633.13 16633.33 16633.53 16633.65 16633.77 16633.49 16633.21 16633.05 16632.93 16632.73 16632.53 16632.05 16631.61 16631.49 16631.37 16630.97 16630.57 16630.57 16630.57 16630.97 16631.37 16631.45 </TempDataArray>
    </BinaryData>
    <End xmlns="" EndString="7777"/>
</gribObject>
