<?xml version="1.0" encoding="UTF-8" standalone="yes"?>
<gribObject xmlns:xsi="http://www.w3.org/2001/XMLSchema-instance" xmlns:xsd="http://www.w3.org/2001/XMLSchema" xmlns="http://c4i.mlt/ICDU/schema" ForecastTime="2025-09-25T12:00:00.000Z" RunTime="2025-09-25T12:00:00.000Z" ParameterName="Geopotential height" FileName="newsingapore">
    <Indicator xmlns="" GribHeader="GRIB" NumOfOctets="21" GribType="2"/>
    <ProductDefinition xmlns="" NumOfOctets="4" ParamTableVersion="2" OrigCenter="7" ProcessID="81" GridID="36" GDS_BDS_Flag="128" ParamAndUnits="156" LevelType="0" Level="200" ReferenceTime="25" Month="9" Day="25" Hour="12" Minute="0" ForecastTimeUnits="1" PeriodOfTime1="12" PeriodOfTime2="0" TimeRangeIndicator="1" NumInAverage="12451" NumMissingAverage="0" CenturyOfReference="21" SubcenterID="0" DecimalScaleFactor="2" Reserved1="0" Lat1="-11000" Lon1="91000" Lat2="-9500" Lon2="105375" Di="125" Dj="125"/>
    <GridDescription xmlns="" NumOfOctets="72" NV="0" PV="255" DataRepresentationType="0">
        <LatLonProjection Ni="116" Nj="13" Flags="128" ScanFlags="64" Reserved="0"/>
    </GridDescription>
    <BinaryData xmlns="" NumOfOctets="6032" FlagsAndUnused="12" BinaryScaleFactor="2" ReferenceValue="1244126.500000" DatumPacked="1508" OptionalFlags="0">
        <TempDataArray>12445.15 12444.75 12444.31 12444.59 12444.86 12445.02 12445.18 12444.86 12444.55 12444.35 12444.10 12444.59 12445.07 12445.86 12446.67 12447.59 12448.47 12448.94 12449.39 12449.59 12449.75 12449.99 12450.23 12450.23 12450.26 12450.26 12450.26 12450.18 12450.10 12450.02 12449.94 12450.07 12450.15 12450.26 12450.39 12450.67 12450.94 12451.26 12451.59 12451.70 12451.78 12451.83 12451.83 12451.91 12451.94 12452.10 12452.23 12452.47 12452.70 12452.91 12453.07 12453.31 12453.51 12453.83 12454.15 12454.26 12454.39 12454.31 12454.18 12454.23 12454.23 12454.39 12454.51 12454.67 12454.78 12454.83 12454.83 12454.86 12454.91 12455.07 12455.18 12455.23 12455.31 12455.31 12455.31 12455.31 12455.31 12455.43 12455.55 12455.78 12456.02 12456.15 12456.26 12456.35 12456.43 12456.51 12456.55 12456.62 12456.70 12456.83 12456.94 12456.94 12456.94 12456.99 12456.99 12457.15 12457.26 12457.31 12457.35 12457.31 12457.23 12457.43 12457.62 12457.94 12458.23 12458.51 12458.78 12458.94 12459.10 12459.18 12459.23 12459.10 12458.99 12458.75 12458.51 12458.31 12445.15 12444.83 12444.55 12444.70 12444.91 12444.99 12445.10 12444.83 12444.59 12444.10 12443.62 12443.86 12444.15 12445.02 12445.94 12446.91 12447.86 12448.39 12448.94 12449.23 12449.47 12449.75 12449.99 12450.02 12450.02 12450.02 12450.07 12449.94 12449.86 12449.83 12449.78 12449.83 12449.91 12449.94 12449.99 12450.18 12450.39 12450.70 12451.02 12451.15 12451.26 12451.26 12451.31 12451.39 12451.51 12451.62 12451.78 12452.02 12452.26 12452.47 12452.70 12452.99 12453.31 12453.67 12454.07 12454.18 12454.31 12454.23 12454.15 12454.07 12453.99 12454.10 12454.23 12454.35 12454.51 12454.55 12454.59 12454.62 12454.67 12454.86 12455.02 12455.15 12455.26 12455.26 12455.31 12455.26 12455.23 12455.35 12455.47 12455.67 12455.86 12455.99 12456.10 12456.23 12456.35 12456.43 12456.51 12456.55 12456.59 12456.67 12456.78 12456.78 12456.83 12456.86 12456.86 12457.02 12457.23 12457.31 12457.39 12457.35 12457.31 12457.51 12457.70 12457.99 12458.26 12458.55 12458.83 12458.91 12459.02 12458.99 12458.99 12458.83 12458.67 12458.51 12458.39 12458.26 12445.15 12444.94 12444.75 12444.83 12444.91 12444.99 12445.02 12444.83 12444.59 12443.86 12443.15 12443.15 12443.18 12444.23 12445.23 12446.23 12447.26 12447.91 12448.51 12448.86 12449.18 12449.47 12449.75 12449.78 12449.78 12449.83 12449.83 12449.75 12449.62 12449.62 12449.59 12449.62 12449.67 12449.62 12449.59 12449.70 12449.83 12450.15 12450.43 12450.59 12450.70 12450.75 12450.75 12450.91 12451.02 12451.18 12451.31 12451.55 12451.78 12452.07 12452.35 12452.70 12453.07 12453.51 12453.94 12454.10 12454.23 12454.15 12454.07 12453.91 12453.75 12453.83 12453.91 12454.07 12454.23 12454.26 12454.31 12454.39 12454.43 12454.67 12454.86 12455.07 12455.23 12455.23 12455.26 12455.23 12455.18 12455.31 12455.39 12455.55 12455.67 12455.83 12455.94 12456.10 12456.26 12456.35 12456.43 12456.43 12456.43 12456.51 12456.59 12456.67 12456.70 12456.75 12456.75 12456.94 12457.15 12457.31 12457.43 12457.39 12457.35 12457.55 12457.75 12458.02 12458.31 12458.59 12458.83 12458.86 12458.91 12458.83 12458.70 12458.51 12458.31 12458.26 12458.23 12458.23 12445.35 12445.26 12445.18 12445.15 12445.15 12445.02 12444.91 12444.62 12444.39 12443.67 12442.99 12442.91 12442.83 12443.67 12444.51 12445.47 12446.39 12447.10 12447.83 12448.35 12448.91 12449.23 12449.55 12449.59 12449.67 12449.70 12449.75 12449.67 12449.62 12449.51 12449.39 12449.43 12449.43 12449.39 12449.35 12449.31 12449.31 12449.55 12449.83 12450.02 12450.23 12450.35 12450.51 12450.62 12450.78 12450.94 12451.10 12451.35 12451.62 12451.91 12452.18 12452.51 12452.86 12453.26 12453.67 12453.70 12453.78 12453.70 12453.67 12453.59 12453.51 12453.59 12453.70 12453.83 12453.94 12454.07 12454.15 12454.26 12454.35 12454.55 12454.75 12454.94 12455.10 12455.18 12455.26 12455.31 12455.35 12455.47 12455.55 12455.67 12455.83 12455.91 12455.99 12455.99 12456.02 12456.10 12456.18 12456.26 12456.31 12456.39 12456.51 12456.59 12456.70 12456.75 12456.83 12456.99 12457.15 12457.26 12457.39 12457.39 12457.35 12457.59 12457.83 12458.10 12458.39 12458.62 12458.83 12458.86 12458.86 12458.78 12458.75 12458.62 12458.51 12458.55 12458.59 12458.59 12445.55 12445.59 12445.59 12445.51 12445.39 12445.10 12444.78 12444.47 12444.15 12443.47 12442.78 12442.62 12442.47 12443.15 12443.78 12444.67 12445.51 12446.31 12447.10 12447.86 12448.59 12448.94 12449.31 12449.43 12449.55 12449.59 12449.62 12449.62 12449.59 12449.39 12449.23 12449.23 12449.18 12449.15 12449.07 12448.94 12448.78 12448.99 12449.18 12449.47 12449.75 12449.99 12450.23 12450.39 12450.55 12450.70 12450.86 12451.15 12451.43 12451.70 12451.99 12452.35 12452.67 12453.02 12453.35 12453.35 12453.35 12453.31 12453.23 12453.23 12453.23 12453.35 12453.47 12453.59 12453.67 12453.83 12453.99 12454.15 12454.26 12454.47 12454.62 12454.83 12454.99 12455.15 12455.26 12455.39 12455.51 12455.62 12455.70 12455.83 12455.94 12455.99 12455.99 12455.91 12455.78 12455.86 12455.94 12456.07 12456.18 12456.31 12456.43 12456.55 12456.67 12456.78 12456.91 12457.07 12457.18 12457.26 12457.35 12457.35 12457.35 12457.62 12457.91 12458.18 12458.47 12458.67 12458.83 12458.83 12458.83 12458.78 12458.75 12458.75 12458.70 12458.83 12458.91 12458.94 12445.31 12445.35 12445.39 12445.43 12445.47 12445.18 12444.91 12444.55 12444.18 12443.62 12443.07 12442.91 12442.78 12443.18 12443.59 12444.26 12444.99 12445.86 12446.78 12447.62 12448.43 12448.70 12448.99 12449.07 12449.18 12449.23 12449.26 12449.26 12449.31 12449.18 12449.07 12449.02 12449.02 12448.94 12448.91 12448.70 12448.51 12448.70 12448.91 12449.18 12449.51 12449.75 12449.99 12450.18 12450.35 12450.55 12450.75 12450.94 12451.18 12451.39 12451.59 12451.91 12452.26 12452.62 12452.99 12453.02 12453.07 12453.02 12452.94 12453.02 12453.10 12453.23 12453.35 12453.39 12453.43 12453.55 12453.70 12453.83 12453.99 12454.15 12454.31 12454.47 12454.67 12454.83 12454.99 12455.10 12455.23 12455.35 12455.43 12455.62 12455.86 12455.94 12456.02 12455.99 12455.94 12455.99 12456.02 12456.02 12456.02 12456.10 12456.15 12456.31 12456.43 12456.67 12456.86 12457.02 12457.23 12457.31 12457.39 12457.35 12457.35 12457.55 12457.75 12458.07 12458.35 12458.51 12458.70 12458.75 12458.78 12458.83 12458.86 12458.91 12458.94 12458.94 12458.99 12458.91 12445.02 12445.15 12445.23 12445.39 12445.51 12445.26 12444.99 12444.62 12444.23 12443.78 12443.31 12443.23 12443.10 12443.26 12443.39 12443.91 12444.43 12445.47 12446.47 12447.39 12448.26 12448.47 12448.67 12448.75 12448.78 12448.83 12448.86 12448.94 12449.02 12448.99 12448.91 12448.86 12448.83 12448.78 12448.75 12448.47 12448.18 12448.39 12448.59 12448.94 12449.26 12449.51 12449.75 12449.94 12450.15 12450.39 12450.59 12450.75 12450.91 12451.02 12451.15 12451.51 12451.86 12452.26 12452.62 12452.70 12452.78 12452.75 12452.67 12452.83 12452.94 12453.10 12453.23 12453.23 12453.18 12453.31 12453.39 12453.55 12453.67 12453.83 12453.94 12454.15 12454.31 12454.51 12454.70 12454.83 12454.94 12455.07 12455.15 12455.47 12455.75 12455.91 12456.02 12456.07 12456.07 12456.10 12456.10 12455.99 12455.86 12455.86 12455.86 12456.02 12456.18 12456.51 12456.83 12457.02 12457.23 12457.31 12457.39 12457.39 12457.35 12457.47 12457.59 12457.91 12458.23 12458.39 12458.55 12458.67 12458.75 12458.86 12458.99 12459.10 12459.18 12459.10 12459.02 12458.86 12444.75 12444.91 12445.07 12445.18 12445.31 12444.91 12444.51 12443.91 12443.31 12442.94 12442.59 12442.55 12442.55 12442.67 12442.78 12443.35 12443.94 12444.86 12445.83 12446.62 12447.47 12447.59 12447.75 12447.75 12447.78 12447.86 12447.94 12448.26 12448.59 12448.55 12448.55 12448.47 12448.39 12448.47 12448.55 12448.35 12448.18 12448.31 12448.39 12448.59 12448.78 12448.94 12449.10 12449.26 12449.39 12449.59 12449.78 12450.07 12450.35 12450.43 12450.55 12450.78 12451.07 12451.47 12451.83 12452.02 12452.23 12452.26 12452.35 12452.47 12452.59 12452.70 12452.83 12452.75 12452.67 12452.75 12452.83 12453.07 12453.31 12453.55 12453.78 12453.91 12454.07 12454.26 12454.43 12454.62 12454.83 12454.91 12455.02 12455.23 12455.43 12455.62 12455.78 12455.86 12455.99 12456.02 12456.10 12456.02 12455.94 12455.94 12455.94 12456.10 12456.31 12456.59 12456.91 12457.15 12457.39 12457.51 12457.67 12457.70 12457.75 12457.83 12457.91 12458.15 12458.39 12458.51 12458.62 12458.62 12458.67 12458.70 12458.78 12458.91 12459.07 12458.99 12458.91 12458.70 12444.43 12444.67 12444.86 12444.99 12445.07 12444.55 12444.02 12443.18 12442.35 12442.10 12441.83 12441.91 12441.99 12442.07 12442.15 12442.83 12443.47 12444.31 12445.15 12445.91 12446.62 12446.70 12446.78 12446.78 12446.78 12446.91 12447.02 12447.59 12448.10 12448.15 12448.15 12448.07 12447.94 12448.15 12448.31 12448.23 12448.18 12448.18 12448.18 12448.23 12448.31 12448.39 12448.47 12448.55 12448.62 12448.83 12448.99 12449.39 12449.75 12449.83 12449.91 12450.10 12450.26 12450.67 12451.02 12451.35 12451.67 12451.83 12451.99 12452.10 12452.23 12452.31 12452.39 12452.26 12452.10 12452.18 12452.26 12452.59 12452.91 12453.26 12453.59 12453.70 12453.83 12453.99 12454.15 12454.39 12454.67 12454.78 12454.86 12454.99 12455.10 12455.35 12455.55 12455.70 12455.86 12455.99 12456.10 12456.07 12455.99 12456.02 12456.02 12456.23 12456.39 12456.67 12456.94 12457.23 12457.51 12457.75 12457.94 12458.07 12458.15 12458.15 12458.18 12458.35 12458.51 12458.59 12458.67 12458.62 12458.55 12458.59 12458.59 12458.75 12458.91 12458.83 12458.75 12458.51 12444.07 12444.35 12444.62 12444.67 12444.70 12444.07 12443.47 12442.70 12441.94 12441.83 12441.70 12441.75 12441.75 12441.78 12441.86 12442.47 12443.10 12443.83 12444.55 12445.18 12445.86 12445.83 12445.83 12445.83 12445.86 12446.15 12446.47 12447.02 12447.59 12447.78 12447.94 12447.94 12447.94 12448.10 12448.23 12448.18 12448.10 12448.07 12448.02 12447.99 12447.94 12447.99 12448.02 12448.23 12448.39 12448.67 12448.91 12449.23 12449.59 12449.62 12449.67 12449.75 12449.86 12450.15 12450.47 12450.83 12451.23 12451.39 12451.59 12451.67 12451.78 12451.83 12451.86 12451.78 12451.75 12451.86 12451.99 12452.26 12452.59 12452.86 12453.15 12453.31 12453.47 12453.70 12453.91 12454.23 12454.55 12454.67 12454.78 12454.83 12454.91 12455.02 12455.15 12455.35 12455.55 12455.75 12455.99 12456.10 12456.23 12456.35 12456.51 12456.67 12456.86 12457.10 12457.39 12457.70 12458.02 12458.23 12458.47 12458.47 12458.47 12458.39 12458.31 12458.39 12458.47 12458.55 12458.67 12458.62 12458.62 12458.55 12458.47 12458.55 12458.62 12458.59 12458.55 12458.43 12443.67 12444.02 12444.39 12444.35 12444.31 12443.59 12442.86 12442.18 12441.51 12441.55 12441.59 12441.55 12441.51 12441.55 12441.55 12442.15 12442.70 12443.31 12443.91 12444.51 12445.10 12444.99 12444.83 12444.86 12444.91 12445.39 12445.86 12446.47 12447.07 12447.43 12447.75 12447.83 12447.91 12448.07 12448.18 12448.10 12448.02 12447.94 12447.86 12447.70 12447.55 12447.59 12447.59 12447.86 12448.15 12448.51 12448.83 12449.10 12449.39 12449.39 12449.43 12449.43 12449.43 12449.67 12449.91 12450.35 12450.75 12450.99 12451.18 12451.23 12451.31 12451.31 12451.35 12451.35 12451.35 12451.51 12451.67 12451.94 12452.23 12452.47 12452.67 12452.91 12453.10 12453.39 12453.67 12454.02 12454.39 12454.55 12454.67 12454.67 12454.67 12454.70 12454.75 12454.99 12455.18 12455.55 12455.86 12456.15 12456.43 12456.70 12456.94 12457.15 12457.31 12457.55 12457.78 12458.15 12458.51 12458.75 12458.94 12458.86 12458.78 12458.59 12458.39 12458.39 12458.43 12458.55 12458.62 12458.67 12458.67 12458.51 12458.35 12458.31 12458.31 12458.31 12458.35 12458.35 12443.70 12443.75 12443.78 12443.51 12443.26 12442.67 12442.07 12441.75 12441.39 12441.47 12441.55 12441.51 12441.43 12441.59 12441.75 12442.15 12442.59 12443.18 12443.78 12444.15 12444.51 12444.23 12443.91 12444.10 12444.31 12445.07 12445.83 12446.23 12446.67 12447.10 12447.55 12447.70 12447.91 12447.99 12448.10 12448.02 12447.99 12447.86 12447.78 12447.67 12447.55 12447.55 12447.59 12447.83 12448.02 12448.43 12448.78 12449.02 12449.26 12449.26 12449.26 12449.26 12449.26 12449.47 12449.67 12450.02 12450.39 12450.59 12450.78 12450.91 12451.02 12451.07 12451.15 12451.23 12451.31 12451.47 12451.59 12451.78 12451.99 12452.18 12452.39 12452.59 12452.78 12453.02 12453.31 12453.67 12454.07 12454.31 12454.59 12454.62 12454.67 12454.70 12454.75 12454.94 12455.15 12455.55 12455.91 12456.15 12456.39 12456.62 12456.86 12457.10 12457.31 12457.59 12457.83 12458.18 12458.55 12458.91 12459.26 12459.18 12459.15 12458.94 12458.78 12458.67 12458.55 12458.55 12458.51 12458.47 12458.47 12458.31 12458.18 12458.02 12457.86 12457.78 12457.67 12457.75 12443.70 12443.43 12443.15 12442.70 12442.23 12441.75 12441.26 12441.31 12441.31 12441.39 12441.51 12441.43 12441.35 12441.62 12441.91 12442.18 12442.47 12443.07 12443.62 12443.78 12443.91 12443.47 12442.99 12443.35 12443.70 12444.75 12445.75 12446.02 12446.26 12446.78 12447.31 12447.59 12447.86 12447.94 12448.02 12447.99 12447.91 12447.78 12447.67 12447.59 12447.51 12447.55 12447.59 12447.75 12447.91 12448.35 12448.75 12448.94 12449.10 12449.10 12449.07 12449.07 12449.07 12449.23 12449.39 12449.70 12449.99 12450.18 12450.35 12450.55 12450.70 12450.83 12450.91 12451.10 12451.26 12451.39 12451.51 12451.62 12451.75 12451.91 12452.07 12452.26 12452.47 12452.70 12452.91 12453.35 12453.75 12454.10 12454.47 12454.55 12454.62 12454.67 12454.70 12454.94 12455.15 12455.55 12455.91 12456.15 12456.39 12456.59 12456.78 12457.07 12457.35 12457.62 12457.86 12458.23 12458.59 12459.07 12459.55 12459.55 12459.51 12459.31 12459.15 12458.91 12458.67 12458.55 12458.39 12458.31 12458.23 12458.10 12457.99 12457.70 12457.43 12457.23 12456.99 12457.15 </TempDataArray>
    </BinaryData>
    <End xmlns="" EndString="7777"/>
</gribObject>
