<?xml version="1.0" encoding="UTF-8" standalone="yes"?>
<gribObject xmlns:xsi="http://www.w3.org/2001/XMLSchema-instance" xmlns:xsd="http://www.w3.org/2001/XMLSchema" xmlns="http://c4i.mlt/ICDU/schema" ForecastTime="2025-09-29T12:00:00.000Z" RunTime="2025-09-29T12:00:00.000Z" ParameterName="Geopotential height" FileName="newsingapore">
    <Indicator xmlns="" GribHeader="GRIB" NumOfOctets="21" GribType="2"/>
    <ProductDefinition xmlns="" NumOfOctets="4" ParamTableVersion="2" OrigCenter="7" ProcessID="81" GridID="0" GDS_BDS_Flag="128" ParamAndUnits="156" LevelType="0" Level="200" ReferenceTime="29" Month="9" Day="29" Hour="12" Minute="0" ForecastTimeUnits="1" PeriodOfTime1="12" PeriodOfTime2="0" TimeRangeIndicator="1" NumInAverage="12452" NumMissingAverage="0" CenturyOfReference="21" SubcenterID="0" DecimalScaleFactor="2" Reserved1="0" Lat1="-11000" Lon1="91000" Lat2="-9500" Lon2="105375" Di="125" Dj="125"/>
    <GridDescription xmlns="" NumOfOctets="72" NV="0" PV="255" DataRepresentationType="0">
        <LatLonProjection Ni="116" Nj="13" Flags="128" ScanFlags="64" Reserved="0"/>
    </GridDescription>
    <BinaryData xmlns="" NumOfOctets="6032" FlagsAndUnused="12" BinaryScaleFactor="2" ReferenceValue="1244781.625000" DatumPacked="1508" OptionalFlags="0">
        <TempDataArray>12455.74 12455.66 12455.58 12455.26 12454.94 12455.06 12455.18 12455.18 12455.14 12455.02 12454.90 12454.90 12454.90 12454.86 12454.82 12454.70 12454.54 12454.62 12454.66 12454.42 12454.14 12454.10 12454.06 12454.18 12454.30 12454.10 12453.86 12453.58 12453.26 12453.42 12453.58 12453.66 12453.74 12453.74 12453.74 12453.90 12454.06 12454.14 12454.22 12454.02 12453.78 12453.42 12453.02 12452.70 12452.38 12452.42 12452.42 12452.50 12452.58 12452.54 12452.50 12452.62 12452.74 12453.06 12453.38 12453.58 12453.74 12453.82 12453.86 12453.90 12453.90 12453.86 12453.82 12453.66 12453.46 12453.58 12453.70 12453.70 12453.66 12453.70 12453.74 12453.58 12453.42 12453.58 12453.70 12454.30 12454.86 12454.90 12454.90 12454.70 12454.50 12454.26 12453.98 12453.90 12453.78 12453.70 12453.62 12453.54 12453.46 12453.34 12453.22 12453.14 12453.02 12453.18 12453.30 12453.34 12453.34 12453.50 12453.62 12453.70 12453.74 12453.82 12453.86 12453.82 12453.78 12454.02 12454.26 12454.70 12455.10 12455.22 12455.30 12455.18 12455.06 12455.22 12455.38 12455.50 12455.22 12455.06 12454.90 12454.66 12454.42 12454.54 12454.70 12454.70 12454.74 12454.70 12454.62 12454.54 12454.46 12454.30 12454.18 12454.10 12454.02 12453.98 12453.98 12453.74 12453.54 12453.54 12453.58 12453.74 12453.86 12453.70 12453.58 12453.46 12453.34 12453.58 12453.86 12453.94 12454.06 12454.02 12454.02 12454.10 12454.18 12454.14 12454.14 12453.86 12453.58 12453.26 12452.90 12452.62 12452.34 12452.30 12452.26 12452.34 12452.42 12452.46 12452.50 12452.66 12452.78 12452.98 12453.22 12453.46 12453.70 12453.86 12454.02 12454.10 12454.18 12454.10 12454.06 12453.94 12453.82 12453.90 12453.98 12453.90 12453.82 12453.70 12453.58 12453.46 12453.34 12453.66 12453.94 12454.34 12454.78 12454.70 12454.66 12454.42 12454.14 12453.98 12453.78 12453.82 12453.82 12453.74 12453.66 12453.46 12453.30 12453.02 12452.74 12452.62 12452.54 12452.78 12452.98 12453.06 12453.18 12453.14 12453.14 12453.30 12453.46 12453.58 12453.74 12453.70 12453.66 12453.74 12453.82 12454.10 12454.38 12454.58 12454.82 12454.90 12454.98 12455.22 12455.50 12455.50 12454.70 12454.46 12454.22 12454.06 12453.86 12454.02 12454.18 12454.26 12454.34 12454.34 12454.34 12454.18 12454.02 12453.78 12453.50 12453.50 12453.46 12453.34 12453.26 12453.10 12452.90 12453.02 12453.10 12453.26 12453.42 12453.34 12453.26 12453.34 12453.42 12453.78 12454.10 12454.22 12454.34 12454.30 12454.26 12454.26 12454.26 12454.14 12454.02 12453.70 12453.38 12453.10 12452.78 12452.54 12452.30 12452.18 12452.06 12452.18 12452.26 12452.38 12452.50 12452.66 12452.82 12452.94 12453.02 12453.34 12453.62 12453.90 12454.14 12454.30 12454.42 12454.34 12454.26 12454.22 12454.18 12454.22 12454.26 12454.10 12453.94 12453.66 12453.38 12453.34 12453.30 12453.74 12454.18 12454.42 12454.66 12454.54 12454.42 12454.10 12453.78 12453.70 12453.58 12453.74 12453.86 12453.78 12453.66 12453.42 12453.14 12452.70 12452.22 12452.14 12452.06 12452.38 12452.66 12452.82 12452.98 12452.82 12452.62 12452.90 12453.18 12453.38 12453.58 12453.54 12453.50 12453.42 12453.38 12453.50 12453.62 12453.98 12454.34 12454.62 12454.86 12455.26 12455.62 12455.50 12454.10 12453.86 12453.62 12453.54 12453.46 12453.50 12453.54 12453.54 12453.50 12453.42 12453.34 12453.26 12453.18 12452.98 12452.82 12452.82 12452.82 12452.66 12452.50 12452.46 12452.46 12452.62 12452.78 12452.94 12453.14 12453.10 12453.06 12453.18 12453.30 12453.62 12453.94 12454.02 12454.14 12454.06 12454.02 12453.98 12453.98 12453.90 12453.82 12453.62 12453.42 12453.22 12452.98 12452.70 12452.42 12452.26 12452.10 12452.22 12452.34 12452.46 12452.62 12452.86 12453.10 12453.30 12453.50 12453.70 12453.94 12454.14 12454.34 12454.38 12454.42 12454.42 12454.42 12454.42 12454.46 12454.58 12454.66 12454.50 12454.34 12454.02 12453.74 12453.70 12453.62 12453.94 12454.22 12454.42 12454.58 12454.42 12454.26 12453.94 12453.62 12453.50 12453.42 12453.54 12453.66 12453.54 12453.46 12453.18 12452.90 12452.62 12452.34 12452.38 12452.38 12452.62 12452.90 12452.94 12452.98 12452.90 12452.82 12452.82 12452.82 12453.02 12453.26 12453.18 12453.14 12453.06 12452.98 12453.22 12453.42 12453.82 12454.22 12454.46 12454.70 12455.26 12455.82 12455.54 12453.50 12453.26 12453.02 12453.06 12453.06 12452.98 12452.90 12452.82 12452.70 12452.50 12452.34 12452.34 12452.30 12452.22 12452.14 12452.14 12452.14 12451.94 12451.74 12451.86 12451.98 12452.22 12452.42 12452.66 12452.86 12452.86 12452.86 12453.02 12453.14 12453.46 12453.78 12453.86 12453.90 12453.82 12453.74 12453.70 12453.66 12453.62 12453.58 12453.54 12453.50 12453.34 12453.18 12452.86 12452.54 12452.34 12452.14 12452.26 12452.38 12452.58 12452.74 12453.06 12453.38 12453.66 12453.94 12454.10 12454.22 12454.38 12454.54 12454.46 12454.38 12454.46 12454.54 12454.66 12454.74 12454.90 12455.06 12454.90 12454.70 12454.42 12454.10 12454.02 12453.94 12454.10 12454.26 12454.38 12454.50 12454.30 12454.10 12453.78 12453.42 12453.34 12453.30 12453.34 12453.42 12453.34 12453.26 12452.94 12452.62 12452.58 12452.50 12452.58 12452.66 12452.90 12453.14 12453.06 12452.94 12452.98 12453.02 12452.74 12452.46 12452.70 12452.90 12452.82 12452.74 12452.66 12452.58 12452.94 12453.26 12453.66 12454.06 12454.30 12454.54 12455.26 12455.98 12455.58 12453.02 12452.78 12452.54 12452.62 12452.70 12452.50 12452.30 12452.22 12452.14 12452.02 12451.90 12451.82 12451.78 12451.78 12451.78 12451.62 12451.42 12451.42 12451.38 12451.70 12452.02 12452.02 12452.06 12452.22 12452.38 12452.42 12452.46 12452.70 12452.98 12453.26 12453.58 12453.50 12453.46 12453.26 12453.06 12452.94 12452.86 12452.90 12452.94 12452.98 12452.98 12452.86 12452.70 12452.58 12452.46 12452.50 12452.54 12452.74 12452.94 12452.94 12452.98 12453.14 12453.26 12453.66 12454.06 12454.22 12454.42 12454.42 12454.38 12454.30 12454.26 12454.38 12454.50 12454.66 12454.82 12455.06 12455.26 12455.10 12454.94 12454.54 12454.18 12454.02 12453.86 12453.86 12453.90 12453.94 12453.94 12453.82 12453.70 12453.22 12452.74 12452.78 12452.82 12453.06 12453.34 12453.22 12453.14 12452.86 12452.58 12452.70 12452.86 12452.98 12453.10 12453.30 12453.46 12453.46 12453.46 12453.42 12453.34 12453.14 12452.94 12453.10 12453.26 12453.14 12453.02 12452.90 12452.82 12453.14 12453.50 12453.86 12454.22 12454.58 12454.98 12455.34 12455.70 12455.26 12452.50 12452.26 12452.02 12452.18 12452.30 12451.98 12451.66 12451.62 12451.54 12451.50 12451.46 12451.34 12451.22 12451.34 12451.42 12451.06 12450.70 12450.86 12451.02 12451.54 12452.02 12451.86 12451.66 12451.78 12451.90 12451.98 12452.02 12452.42 12452.82 12453.10 12453.34 12453.18 12452.98 12452.66 12452.34 12452.22 12452.06 12452.18 12452.30 12452.38 12452.46 12452.34 12452.22 12452.30 12452.38 12452.66 12452.94 12453.22 12453.46 12453.34 12453.22 12453.18 12453.18 12453.66 12454.14 12454.38 12454.62 12454.42 12454.22 12454.18 12454.10 12454.30 12454.50 12454.70 12454.90 12455.18 12455.46 12455.30 12455.14 12454.70 12454.26 12454.02 12453.74 12453.66 12453.54 12453.46 12453.38 12453.34 12453.26 12452.66 12452.06 12452.18 12452.30 12452.78 12453.26 12453.14 12452.98 12452.74 12452.50 12452.86 12453.18 12453.34 12453.54 12453.66 12453.78 12453.90 12453.98 12453.82 12453.66 12453.54 12453.42 12453.50 12453.62 12453.42 12453.26 12453.18 12453.06 12453.38 12453.70 12454.02 12454.34 12454.90 12455.42 12455.42 12455.42 12454.98 12451.90 12451.82 12451.74 12451.82 12451.90 12451.62 12451.34 12451.26 12451.14 12451.10 12451.06 12450.90 12450.78 12450.90 12451.06 12450.94 12450.82 12451.02 12451.26 12451.26 12451.30 12451.22 12451.14 12451.38 12451.62 12451.74 12451.82 12452.10 12452.34 12452.62 12452.86 12452.74 12452.58 12452.42 12452.26 12452.18 12452.14 12452.10 12452.10 12452.22 12452.34 12452.26 12452.22 12452.26 12452.34 12452.62 12452.94 12453.18 12453.46 12453.42 12453.34 12453.34 12453.26 12453.66 12454.02 12454.22 12454.38 12454.26 12454.14 12454.06 12453.98 12454.10 12454.18 12454.46 12454.74 12455.06 12455.34 12455.10 12454.82 12454.30 12453.82 12453.54 12453.26 12453.10 12452.90 12452.66 12452.42 12451.86 12451.34 12450.90 12450.46 12451.02 12451.54 12452.22 12452.86 12452.94 12453.02 12452.90 12452.78 12453.02 12453.26 12453.42 12453.62 12453.78 12453.98 12453.86 12453.74 12453.42 12453.06 12452.90 12452.74 12452.82 12452.90 12452.98 12453.10 12453.06 12453.02 12453.38 12453.74 12453.90 12454.06 12454.38 12454.74 12454.82 12454.94 12454.90 12451.30 12451.34 12451.42 12451.42 12451.46 12451.26 12451.02 12450.90 12450.74 12450.70 12450.62 12450.46 12450.30 12450.50 12450.66 12450.78 12450.90 12451.18 12451.46 12451.02 12450.58 12450.58 12450.58 12450.98 12451.34 12451.50 12451.62 12451.74 12451.86 12452.14 12452.38 12452.26 12452.18 12452.18 12452.18 12452.18 12452.18 12452.06 12451.90 12452.06 12452.22 12452.22 12452.22 12452.26 12452.26 12452.58 12452.90 12453.18 12453.46 12453.50 12453.50 12453.42 12453.38 12453.66 12453.90 12454.02 12454.14 12454.10 12454.06 12453.98 12453.86 12453.86 12453.86 12454.22 12454.58 12454.90 12455.22 12454.86 12454.50 12453.94 12453.34 12453.06 12452.78 12452.50 12452.26 12451.86 12451.42 12450.42 12449.38 12449.14 12448.86 12449.82 12450.78 12451.62 12452.46 12452.74 12453.02 12453.02 12453.02 12453.22 12453.38 12453.50 12453.66 12453.94 12454.18 12453.86 12453.50 12452.98 12452.46 12452.26 12452.02 12452.10 12452.18 12452.54 12452.90 12452.94 12452.98 12453.38 12453.78 12453.78 12453.74 12453.90 12454.02 12454.22 12454.42 12454.78 12450.74 12450.66 12450.58 12450.54 12450.50 12450.46 12450.38 12450.34 12450.26 12450.22 12450.22 12450.26 12450.26 12450.46 12450.62 12450.78 12450.94 12451.14 12451.34 12451.02 12450.74 12450.66 12450.62 12450.74 12450.90 12451.10 12451.30 12451.38 12451.50 12451.66 12451.82 12451.86 12451.90 12451.86 12451.86 12451.78 12451.66 12451.70 12451.74 12451.86 12452.02 12452.02 12452.06 12452.14 12452.18 12452.34 12452.54 12452.74 12452.94 12453.10 12453.30 12453.26 12453.26 12453.38 12453.50 12453.58 12453.66 12453.70 12453.74 12453.70 12453.66 12453.66 12453.66 12453.90 12454.18 12454.38 12454.62 12454.10 12453.62 12453.06 12452.46 12452.26 12452.06 12451.94 12451.78 12451.26 12450.74 12449.94 12449.14 12449.02 12448.94 12449.50 12450.06 12451.14 12452.26 12452.74 12453.22 12453.30 12453.38 12453.46 12453.58 12453.74 12453.90 12454.06 12454.18 12453.74 12453.30 12452.74 12452.14 12452.18 12452.22 12452.30 12452.42 12452.70 12453.02 12453.14 12453.26 12453.54 12453.82 12453.62 12453.46 12453.66 12453.82 12454.10 12454.34 12454.66 12450.18 12449.98 12449.74 12449.66 12449.54 12449.66 12449.74 12449.78 12449.78 12449.78 12449.78 12450.02 12450.26 12450.42 12450.58 12450.78 12450.94 12451.06 12451.18 12451.06 12450.90 12450.78 12450.62 12450.50 12450.42 12450.70 12450.94 12451.06 12451.14 12451.18 12451.22 12451.42 12451.58 12451.58 12451.54 12451.34 12451.14 12451.34 12451.54 12451.66 12451.78 12451.86 12451.90 12452.02 12452.10 12452.14 12452.14 12452.26 12452.38 12452.74 12453.06 12453.10 12453.14 12453.10 12453.06 12453.14 12453.18 12453.26 12453.38 12453.42 12453.42 12453.42 12453.42 12453.62 12453.78 12453.90 12453.98 12453.38 12452.74 12452.18 12451.58 12451.46 12451.34 12451.34 12451.30 12450.66 12450.02 12449.46 12448.86 12448.94 12449.02 12449.18 12449.34 12450.70 12452.02 12452.74 12453.42 12453.58 12453.70 12453.74 12453.78 12453.94 12454.10 12454.18 12454.22 12453.66 12453.10 12452.46 12451.82 12452.10 12452.38 12452.50 12452.66 12452.90 12453.10 12453.30 12453.50 12453.66 12453.82 12453.50 12453.18 12453.42 12453.62 12453.94 12454.26 12454.54 12449.42 12449.10 12448.78 12448.78 12448.78 12449.06 12449.34 12449.42 12449.54 12449.54 12449.54 12449.82 12450.06 12450.30 12450.50 12450.58 12450.62 12450.74 12450.82 12450.86 12450.90 12450.58 12450.30 12450.18 12450.02 12450.22 12450.42 12450.58 12450.74 12450.86 12450.94 12451.14 12451.34 12451.34 12451.30 12451.10 12450.94 12450.90 12450.86 12450.90 12450.98 12451.30 12451.66 12451.86 12452.06 12451.94 12451.82 12451.82 12451.86 12452.22 12452.58 12452.54 12452.50 12452.50 12452.54 12452.70 12452.90 12452.90 12452.90 12452.86 12452.86 12452.94 12452.98 12453.18 12453.38 12453.42 12453.46 12452.94 12452.46 12452.02 12451.62 12451.38 12451.14 12450.94 12450.74 12450.22 12449.74 12449.38 12449.06 12449.14 12449.26 12449.30 12449.34 12450.54 12451.74 12452.62 12453.50 12453.78 12454.06 12454.06 12454.06 12454.14 12454.18 12454.10 12454.06 12453.50 12452.98 12452.38 12451.78 12452.02 12452.26 12452.50 12452.78 12452.94 12453.14 12453.46 12453.78 12453.94 12454.06 12453.62 12453.18 12453.46 12453.74 12454.06 12454.34 12454.54 12448.66 12448.26 12447.82 12447.94 12448.02 12448.46 12448.90 12449.10 12449.30 12449.30 12449.30 12449.58 12449.86 12450.18 12450.46 12450.38 12450.30 12450.38 12450.46 12450.66 12450.86 12450.42 12449.98 12449.82 12449.62 12449.74 12449.86 12450.10 12450.34 12450.50 12450.66 12450.90 12451.10 12451.10 12451.06 12450.90 12450.70 12450.42 12450.14 12450.18 12450.18 12450.78 12451.38 12451.70 12452.02 12451.78 12451.50 12451.42 12451.30 12451.70 12452.10 12451.98 12451.86 12451.94 12451.98 12452.30 12452.62 12452.50 12452.38 12452.34 12452.30 12452.42 12452.54 12452.74 12452.94 12452.94 12452.90 12452.54 12452.14 12451.90 12451.66 12451.30 12450.90 12450.54 12450.14 12449.78 12449.42 12449.34 12449.26 12449.34 12449.46 12449.42 12449.34 12450.42 12451.46 12452.54 12453.62 12454.02 12454.38 12454.34 12454.34 12454.30 12454.26 12454.06 12453.86 12453.38 12452.86 12452.30 12451.74 12451.94 12452.10 12452.50 12452.86 12453.02 12453.14 12453.62 12454.06 12454.18 12454.30 12453.78 12453.22 12453.54 12453.86 12454.18 12454.46 12454.58 </TempDataArray>
    </BinaryData>
    <End xmlns="" EndString="7777"/>
</gribObject>
