<?xml version="1.0" encoding="UTF-8" standalone="yes"?>
<gribObject xmlns:xsi="http://www.w3.org/2001/XMLSchema-instance" xmlns:xsd="http://www.w3.org/2001/XMLSchema" xmlns="http://c4i.mlt/ICDU/schema" ForecastTime="2025-09-25T12:00:00.000Z" RunTime="2025-09-25T12:00:00.000Z" ParameterName="Geopotential height" FileName="newsingapore">
    <Indicator xmlns="" GribHeader="GRIB" NumOfOctets="21" GribType="2"/>
    <ProductDefinition xmlns="" NumOfOctets="4" ParamTableVersion="2" OrigCenter="7" ProcessID="81" GridID="36" GDS_BDS_Flag="128" ParamAndUnits="156" LevelType="0" Level="100" ReferenceTime="25" Month="9" Day="25" Hour="12" Minute="0" ForecastTimeUnits="1" PeriodOfTime1="12" PeriodOfTime2="0" TimeRangeIndicator="1" NumInAverage="16602" NumMissingAverage="0" CenturyOfReference="21" SubcenterID="0" DecimalScaleFactor="2" Reserved1="0" Lat1="-11000" Lon1="91000" Lat2="-9500" Lon2="105375" Di="125" Dj="125"/>
    <GridDescription xmlns="" NumOfOctets="72" NV="0" PV="255" DataRepresentationType="0">
        <LatLonProjection Ni="116" Nj="13" Flags="128" ScanFlags="64" Reserved="0"/>
    </GridDescription>
    <BinaryData xmlns="" NumOfOctets="6032" FlagsAndUnused="12" BinaryScaleFactor="2" ReferenceValue="1659062.875000" DatumPacked="1508" OptionalFlags="0">
        <TempDataArray>16609.27 16609.59 16609.91 16609.95 16609.99 16609.43 16608.83 16607.83 16606.87 16606.67 16606.51 16606.75 16606.99 16607.15 16607.27 16607.59 16607.91 16607.31 16606.75 16606.07 16605.35 16604.79 16604.19 16604.15 16604.11 16604.23 16604.35 16604.63 16604.87 16605.07 16605.27 16605.71 16606.11 16606.35 16606.59 16606.79 16606.95 16606.83 16606.71 16606.07 16605.43 16605.31 16605.19 16605.15 16605.07 16604.59 16604.07 16603.75 16603.43 16603.51 16603.55 16603.51 16603.51 16602.99 16602.51 16601.87 16601.23 16600.59 16599.91 16599.51 16599.11 16599.23 16599.31 16599.47 16599.59 16599.75 16599.87 16600.31 16600.71 16601.15 16601.63 16601.79 16601.91 16601.79 16601.67 16601.75 16601.79 16601.95 16602.07 16602.27 16602.43 16603.23 16603.99 16605.35 16606.71 16607.51 16608.31 16608.31 16608.31 16608.27 16608.23 16608.11 16607.95 16607.91 16607.83 16607.95 16608.03 16608.39 16608.71 16609.07 16609.39 16609.91 16610.43 16610.99 16611.51 16611.71 16611.91 16612.15 16612.39 16612.95 16613.47 16614.11 16614.71 16615.15 16615.63 16615.63 16608.51 16608.83 16609.15 16608.99 16608.87 16608.11 16607.35 16606.39 16605.39 16605.19 16604.99 16605.39 16605.79 16605.79 16605.79 16606.07 16606.39 16605.99 16605.59 16605.07 16604.55 16603.95 16603.39 16603.27 16603.15 16603.19 16603.23 16603.59 16603.95 16604.23 16604.55 16604.87 16605.23 16605.43 16605.63 16605.71 16605.79 16605.79 16605.79 16605.31 16604.83 16604.71 16604.59 16604.43 16604.31 16603.87 16603.43 16603.27 16603.07 16603.11 16603.15 16603.15 16603.11 16602.67 16602.19 16601.67 16601.11 16600.47 16599.83 16599.43 16598.99 16599.07 16599.11 16599.23 16599.35 16599.51 16599.63 16599.83 16600.07 16600.43 16600.79 16601.03 16601.31 16601.51 16601.71 16601.99 16602.23 16602.31 16602.43 16602.43 16602.47 16602.99 16603.59 16604.75 16605.95 16606.63 16607.31 16607.39 16607.47 16607.47 16607.51 16607.47 16607.43 16607.51 16607.59 16607.67 16607.83 16608.07 16608.35 16608.83 16609.31 16609.95 16610.59 16611.15 16611.71 16611.99 16612.23 16612.51 16612.75 16613.31 16613.87 16614.51 16615.11 16615.47 16615.79 16615.63 16607.75 16608.07 16608.35 16608.07 16607.75 16606.83 16605.91 16604.91 16603.91 16603.71 16603.51 16604.03 16604.59 16604.43 16604.27 16604.59 16604.87 16604.63 16604.39 16604.07 16603.71 16603.15 16602.55 16602.39 16602.23 16602.15 16602.11 16602.59 16603.03 16603.43 16603.79 16604.07 16604.31 16604.51 16604.67 16604.63 16604.59 16604.75 16604.87 16604.55 16604.19 16604.11 16603.99 16603.75 16603.51 16603.15 16602.79 16602.75 16602.71 16602.75 16602.79 16602.75 16602.71 16602.31 16601.91 16601.43 16600.95 16600.35 16599.75 16599.31 16598.91 16598.91 16598.87 16598.99 16599.15 16599.27 16599.35 16599.39 16599.43 16599.71 16599.95 16600.31 16600.67 16601.19 16601.75 16602.19 16602.67 16602.75 16602.79 16602.63 16602.47 16602.83 16603.15 16604.15 16605.19 16605.75 16606.27 16606.47 16606.63 16606.67 16606.75 16606.83 16606.87 16607.11 16607.31 16607.47 16607.59 16607.79 16607.99 16608.63 16609.27 16609.99 16610.71 16611.31 16611.91 16612.23 16612.55 16612.83 16613.11 16613.71 16614.27 16614.91 16615.51 16615.75 16615.95 16615.63 16606.99 16606.91 16606.87 16606.47 16606.11 16605.43 16604.79 16603.79 16602.83 16602.59 16602.39 16603.15 16603.95 16603.87 16603.79 16603.63 16603.51 16603.23 16602.91 16602.67 16602.43 16601.95 16601.47 16601.19 16600.95 16600.87 16600.83 16601.39 16601.99 16602.39 16602.79 16602.99 16603.19 16603.43 16603.63 16603.63 16603.67 16603.71 16603.79 16603.43 16603.11 16602.87 16602.63 16602.39 16602.19 16602.03 16601.87 16601.91 16601.95 16601.99 16601.99 16601.99 16601.95 16601.71 16601.47 16601.07 16600.63 16600.11 16599.63 16599.07 16598.55 16598.39 16598.23 16598.39 16598.51 16598.67 16598.79 16598.91 16598.99 16599.23 16599.47 16599.91 16600.39 16601.07 16601.75 16602.31 16602.83 16602.95 16603.07 16602.95 16602.79 16603.11 16603.47 16604.23 16605.03 16605.43 16605.83 16606.03 16606.27 16606.47 16606.63 16606.83 16607.03 16607.35 16607.67 16607.99 16608.23 16608.47 16608.67 16609.27 16609.87 16610.47 16611.07 16611.55 16612.07 16612.39 16612.75 16612.99 16613.27 16613.71 16614.15 16614.75 16615.31 16615.67 16616.03 16615.83 16606.19 16605.79 16605.35 16604.91 16604.43 16604.07 16603.67 16602.67 16601.71 16601.51 16601.27 16602.31 16603.31 16603.31 16603.27 16602.71 16602.15 16601.79 16601.43 16601.27 16601.11 16600.75 16600.35 16599.99 16599.63 16599.59 16599.51 16600.23 16600.95 16601.39 16601.79 16601.95 16602.07 16602.31 16602.59 16602.67 16602.71 16602.67 16602.67 16602.35 16602.03 16601.63 16601.23 16601.07 16600.87 16600.91 16600.95 16601.07 16601.19 16601.19 16601.19 16601.19 16601.19 16601.11 16601.03 16600.67 16600.31 16599.91 16599.47 16598.83 16598.19 16597.91 16597.59 16597.75 16597.87 16598.07 16598.23 16598.39 16598.55 16598.75 16598.95 16599.55 16600.11 16600.91 16601.71 16602.39 16603.03 16603.19 16603.35 16603.23 16603.11 16603.43 16603.75 16604.31 16604.87 16605.11 16605.35 16605.63 16605.91 16606.19 16606.51 16606.83 16607.19 16607.63 16608.07 16608.51 16608.91 16609.11 16609.31 16609.87 16610.43 16610.91 16611.39 16611.79 16612.19 16612.55 16612.91 16613.15 16613.39 16613.71 16614.03 16614.59 16615.11 16615.63 16616.11 16616.07 16605.47 16605.11 16604.71 16604.07 16603.39 16602.71 16602.03 16601.31 16600.63 16600.87 16601.15 16601.95 16602.79 16602.39 16602.03 16601.19 16600.35 16600.03 16599.67 16599.55 16599.39 16599.31 16599.23 16599.11 16598.95 16599.03 16599.11 16599.75 16600.35 16600.67 16600.99 16601.11 16601.27 16601.55 16601.83 16601.83 16601.79 16601.75 16601.75 16601.55 16601.31 16600.87 16600.43 16600.23 16600.11 16600.15 16600.23 16600.31 16600.39 16600.39 16600.39 16600.31 16600.27 16600.27 16600.27 16600.07 16599.83 16599.63 16599.43 16598.91 16598.39 16597.99 16597.59 16597.71 16597.83 16597.91 16597.99 16598.07 16598.19 16598.55 16598.91 16599.55 16600.23 16600.95 16601.71 16602.15 16602.63 16602.59 16602.59 16602.51 16602.43 16602.67 16602.87 16603.27 16603.67 16604.03 16604.43 16604.91 16605.43 16605.91 16606.43 16606.79 16607.15 16607.51 16607.83 16608.27 16608.67 16608.91 16609.15 16609.67 16610.19 16610.63 16611.07 16611.31 16611.59 16611.95 16612.35 16612.79 16613.23 16613.67 16614.07 16614.55 16615.07 16615.39 16615.75 16615.67 16604.75 16604.43 16604.07 16603.23 16602.35 16601.39 16600.39 16599.99 16599.55 16600.27 16600.99 16601.63 16602.23 16601.51 16600.79 16599.67 16598.59 16598.23 16597.91 16597.79 16597.67 16597.91 16598.11 16598.19 16598.27 16598.51 16598.71 16599.23 16599.75 16599.95 16600.15 16600.31 16600.43 16600.79 16601.11 16600.99 16600.87 16600.83 16600.79 16600.71 16600.63 16600.11 16599.59 16599.47 16599.31 16599.43 16599.51 16599.55 16599.59 16599.59 16599.55 16599.43 16599.31 16599.43 16599.51 16599.47 16599.39 16599.39 16599.39 16598.99 16598.59 16598.07 16597.59 16597.71 16597.83 16597.79 16597.75 16597.79 16597.83 16598.31 16598.83 16599.59 16600.31 16600.99 16601.71 16601.95 16602.19 16601.99 16601.79 16601.79 16601.75 16601.87 16601.99 16602.23 16602.43 16602.95 16603.47 16604.23 16604.95 16605.63 16606.31 16606.67 16607.07 16607.35 16607.63 16608.03 16608.43 16608.71 16608.95 16609.47 16609.95 16610.35 16610.75 16610.83 16610.95 16611.39 16611.79 16612.43 16613.07 16613.59 16614.11 16614.55 16614.99 16615.15 16615.35 16615.27 16603.95 16603.59 16603.23 16602.35 16601.47 16600.71 16599.91 16599.71 16599.51 16600.11 16600.67 16601.07 16601.43 16600.19 16598.95 16597.67 16596.47 16596.07 16595.75 16595.59 16595.47 16595.79 16596.11 16596.35 16596.59 16597.07 16597.51 16597.99 16598.47 16598.51 16598.55 16598.79 16598.99 16599.43 16599.83 16599.87 16599.87 16599.79 16599.67 16599.59 16599.47 16599.11 16598.75 16598.51 16598.27 16598.23 16598.23 16598.23 16598.19 16598.39 16598.59 16598.63 16598.63 16598.75 16598.87 16598.83 16598.79 16598.87 16598.99 16598.83 16598.75 16598.27 16597.83 16597.91 16598.03 16598.15 16598.31 16598.23 16598.11 16598.43 16598.71 16599.43 16600.15 16600.83 16601.51 16601.71 16601.95 16601.83 16601.75 16601.67 16601.59 16601.51 16601.47 16601.51 16601.59 16601.91 16602.23 16602.79 16603.35 16603.99 16604.63 16605.11 16605.63 16606.15 16606.67 16607.11 16607.55 16607.79 16608.03 16608.59 16609.15 16609.67 16610.23 16610.39 16610.55 16610.87 16611.15 16611.91 16612.67 16613.39 16614.11 16614.35 16614.59 16614.43 16614.27 16614.11 16603.15 16602.75 16602.35 16601.47 16600.59 16599.99 16599.43 16599.47 16599.47 16599.95 16600.39 16600.51 16600.63 16598.83 16597.07 16595.67 16594.31 16593.95 16593.55 16593.39 16593.23 16593.67 16594.11 16594.51 16594.91 16595.63 16596.31 16596.75 16597.15 16597.07 16596.95 16597.27 16597.55 16598.07 16598.59 16598.75 16598.87 16598.75 16598.59 16598.47 16598.31 16598.11 16597.87 16597.55 16597.23 16597.11 16596.95 16596.87 16596.79 16597.23 16597.63 16597.79 16597.95 16598.11 16598.23 16598.19 16598.15 16598.35 16598.55 16598.71 16598.87 16598.47 16598.07 16598.15 16598.23 16598.55 16598.87 16598.63 16598.39 16598.51 16598.59 16599.31 16599.99 16600.63 16601.27 16601.47 16601.67 16601.67 16601.67 16601.55 16601.43 16601.15 16600.91 16600.83 16600.71 16600.83 16600.95 16601.35 16601.75 16602.31 16602.91 16603.55 16604.19 16604.95 16605.67 16606.15 16606.67 16606.91 16607.11 16607.71 16608.31 16608.99 16609.71 16609.95 16610.15 16610.35 16610.55 16611.39 16612.23 16613.15 16614.11 16614.15 16614.15 16613.67 16613.15 16612.99 16602.11 16601.83 16601.55 16600.79 16600.03 16599.75 16599.51 16599.71 16599.91 16600.03 16600.19 16599.79 16599.39 16597.71 16596.03 16594.75 16593.47 16592.79 16592.11 16592.07 16592.03 16592.67 16593.27 16593.63 16593.99 16594.87 16595.75 16596.19 16596.63 16596.47 16596.31 16596.43 16596.51 16596.87 16597.19 16597.39 16597.59 16597.47 16597.35 16597.23 16597.11 16597.07 16597.07 16596.95 16596.83 16596.63 16596.39 16596.11 16595.83 16596.11 16596.43 16596.79 16597.15 16597.55 16597.91 16597.99 16598.07 16598.15 16598.31 16598.55 16598.79 16598.47 16598.15 16598.15 16598.19 16598.59 16598.99 16598.91 16598.83 16598.63 16598.43 16598.87 16599.31 16599.83 16600.39 16600.55 16600.75 16600.91 16601.15 16601.39 16601.63 16601.67 16601.67 16601.59 16601.47 16601.43 16601.43 16601.59 16601.75 16601.95 16602.15 16602.59 16602.99 16603.67 16604.35 16604.83 16605.31 16605.51 16605.75 16606.31 16606.91 16607.67 16608.47 16608.95 16609.47 16609.67 16609.87 16610.43 16610.95 16611.79 16612.63 16612.67 16612.75 16612.39 16612.03 16611.95 16601.07 16600.91 16600.71 16600.11 16599.47 16599.51 16599.55 16599.95 16600.31 16600.15 16599.99 16599.07 16598.15 16596.59 16594.99 16593.79 16592.59 16591.63 16590.63 16590.75 16590.83 16591.63 16592.43 16592.75 16593.07 16594.11 16595.15 16595.63 16596.11 16595.87 16595.63 16595.59 16595.51 16595.67 16595.83 16596.07 16596.27 16596.23 16596.15 16595.99 16595.87 16596.07 16596.23 16596.31 16596.43 16596.15 16595.83 16595.31 16594.83 16595.03 16595.23 16595.83 16596.39 16596.99 16597.55 16597.75 16597.95 16597.99 16598.03 16598.35 16598.67 16598.47 16598.23 16598.19 16598.15 16598.67 16599.15 16599.19 16599.23 16598.75 16598.27 16598.43 16598.59 16599.03 16599.51 16599.67 16599.79 16600.19 16600.59 16601.19 16601.79 16602.15 16602.47 16602.31 16602.19 16602.03 16601.87 16601.79 16601.71 16601.59 16601.43 16601.63 16601.79 16602.43 16603.03 16603.51 16603.95 16604.15 16604.35 16604.95 16605.51 16606.35 16607.19 16607.99 16608.75 16608.99 16609.19 16609.43 16609.67 16610.39 16611.11 16611.23 16611.35 16611.15 16610.91 16610.95 16600.67 16600.63 16600.59 16600.23 16599.91 16599.91 16599.95 16599.87 16599.83 16599.23 16598.67 16597.55 16596.47 16595.27 16594.11 16593.31 16592.59 16591.67 16590.75 16590.75 16590.75 16591.67 16592.59 16592.67 16592.75 16593.39 16594.03 16594.55 16595.07 16594.91 16594.75 16594.75 16594.75 16594.79 16594.83 16594.95 16595.07 16595.23 16595.35 16595.31 16595.31 16595.35 16595.39 16595.47 16595.55 16595.27 16594.99 16594.63 16594.19 16594.31 16594.43 16594.83 16595.27 16595.87 16596.51 16596.83 16597.15 16597.27 16597.39 16597.79 16598.15 16598.15 16598.15 16598.19 16598.23 16598.63 16598.99 16598.95 16598.95 16598.51 16598.11 16598.27 16598.43 16598.79 16599.15 16599.31 16599.51 16599.83 16600.15 16600.67 16601.23 16601.51 16601.79 16601.71 16601.63 16601.43 16601.27 16601.23 16601.23 16601.19 16601.15 16601.35 16601.55 16601.99 16602.47 16602.87 16603.31 16603.55 16603.79 16604.31 16604.79 16605.47 16606.15 16606.79 16607.43 16607.83 16608.19 16608.51 16608.83 16609.43 16610.03 16610.31 16610.59 16610.59 16610.59 16610.59 16600.27 16600.35 16600.43 16600.39 16600.35 16600.31 16600.31 16599.83 16599.35 16598.31 16597.31 16596.07 16594.79 16593.99 16593.19 16592.87 16592.55 16591.71 16590.87 16590.79 16590.67 16591.67 16592.71 16592.55 16592.39 16592.67 16592.91 16593.47 16593.99 16593.95 16593.87 16593.95 16593.99 16593.91 16593.83 16593.83 16593.87 16594.23 16594.55 16594.63 16594.71 16594.63 16594.55 16594.59 16594.63 16594.43 16594.19 16593.91 16593.59 16593.63 16593.63 16593.91 16594.15 16594.79 16595.43 16595.91 16596.39 16596.59 16596.75 16597.19 16597.67 16597.91 16598.11 16598.23 16598.31 16598.59 16598.83 16598.75 16598.63 16598.31 16597.95 16598.11 16598.27 16598.55 16598.79 16598.99 16599.19 16599.47 16599.75 16600.19 16600.63 16600.83 16601.07 16601.07 16601.03 16600.83 16600.67 16600.67 16600.71 16600.83 16600.91 16601.11 16601.27 16601.59 16601.91 16602.27 16602.63 16602.95 16603.23 16603.67 16604.07 16604.63 16605.15 16605.63 16606.11 16606.67 16607.19 16607.59 16607.99 16608.47 16608.95 16609.39 16609.79 16609.99 16610.23 16610.27 </TempDataArray>
    </BinaryData>
    <End xmlns="" EndString="7777"/>
</gribObject>
