<?xml version="1.0" encoding="UTF-8" standalone="yes"?>
<gribObject xmlns:xsi="http://www.w3.org/2001/XMLSchema-instance" xmlns:xsd="http://www.w3.org/2001/XMLSchema" xmlns="http://c4i.mlt/ICDU/schema" ForecastTime="2025-09-29T12:00:00.000Z" RunTime="2025-09-29T12:00:00.000Z" ParameterName="V component of wind" FileName="newsingapore">
    <Indicator xmlns="" GribHeader="GRIB" NumOfOctets="21" GribType="2"/>
    <ProductDefinition xmlns="" NumOfOctets="4" ParamTableVersion="2" OrigCenter="7" ProcessID="81" GridID="83" GDS_BDS_Flag="128" ParamAndUnits="132" LevelType="0" Level="100" ReferenceTime="29" Month="9" Day="29" Hour="12" Minute="0" ForecastTimeUnits="1" PeriodOfTime1="12" PeriodOfTime2="0" TimeRangeIndicator="1" NumInAverage="-1" NumMissingAverage="0" CenturyOfReference="21" SubcenterID="0" DecimalScaleFactor="2" Reserved1="0" Lat1="-11000" Lon1="91000" Lat2="-9500" Lon2="105375" Di="125" Dj="125"/>
    <GridDescription xmlns="" NumOfOctets="72" NV="0" PV="255" DataRepresentationType="0">
        <LatLonProjection Ni="116" Nj="13" Flags="128" ScanFlags="64" Reserved="0"/>
    </GridDescription>
    <BinaryData xmlns="" NumOfOctets="6032" FlagsAndUnused="12" BinaryScaleFactor="0" ReferenceValue="-670.352783" DatumPacked="1508" OptionalFlags="0">
        <TempDataArray>-4.44 -4.31 -4.17 -4.18 -4.19 -4.25 -4.31 -4.37 -4.42 -4.38 -4.34 -4.30 -4.25 -4.31 -4.36 -4.50 -4.64 -4.76 -4.89 -4.92 -4.95 -4.89 -4.83 -4.69 -4.55 -4.44 -4.32 -4.22 -4.13 -3.90 -3.68 -3.67 -3.66 -3.59 -3.51 -3.20 -2.89 -2.70 -2.52 -2.56 -2.60 -2.52 -2.44 -2.43 -2.41 -2.23 -2.06 -1.90 -1.75 -1.89 -2.03 -2.23 -2.43 -2.59 -2.74 -2.87 -3.01 -2.94 -2.86 -3.01 -3.16 -3.50 -3.83 -4.20 -4.57 -4.67 -4.76 -4.53 -4.30 -3.98 -3.65 -3.53 -3.41 -3.50 -3.59 -3.49 -3.38 -3.05 -2.71 -2.21 -1.71 -1.43 -1.16 -1.13 -1.09 -1.08 -1.08 -0.99 -0.91 -0.80 -0.69 -0.29 0.11 0.93 1.74 2.04 2.35 2.55 2.75 2.99 3.24 3.37 3.50 3.39 3.27 3.11 2.95 2.97 2.99 3.00 3.02 3.28 3.54 3.84 4.13 4.20 -4.13 -4.02 -3.89 -3.88 -3.86 -3.84 -3.81 -3.84 -3.85 -3.98 -4.10 -4.25 -4.39 -4.48 -4.57 -4.66 -4.74 -4.87 -5.00 -5.03 -5.07 -4.87 -4.67 -4.46 -4.25 -4.19 -4.13 -3.95 -3.77 -3.54 -3.32 -3.29 -3.25 -3.21 -3.15 -2.93 -2.70 -2.48 -2.26 -2.17 -2.08 -2.06 -2.03 -2.07 -2.10 -2.06 -2.02 -1.94 -1.86 -1.96 -2.06 -2.22 -2.38 -2.46 -2.53 -2.45 -2.37 -2.29 -2.21 -2.36 -2.49 -2.74 -2.98 -3.28 -3.57 -3.64 -3.69 -3.55 -3.41 -3.31 -3.21 -3.23 -3.24 -3.25 -3.27 -3.11 -2.94 -2.83 -2.71 -2.40 -2.08 -1.92 -1.75 -1.64 -1.51 -1.38 -1.24 -1.27 -1.30 -1.25 -1.19 -0.72 -0.24 0.50 1.25 1.81 2.37 2.60 2.84 3.00 3.17 3.30 3.44 3.30 3.16 3.14 3.12 3.21 3.30 3.25 3.21 3.42 3.63 3.96 4.30 4.38 -3.83 -3.73 -3.62 -3.58 -3.54 -3.43 -3.32 -3.31 -3.29 -3.58 -3.87 -4.20 -4.53 -4.66 -4.79 -4.81 -4.84 -4.97 -5.10 -5.14 -5.18 -4.85 -4.51 -4.24 -3.96 -3.95 -3.93 -3.67 -3.41 -3.18 -2.96 -2.91 -2.85 -2.83 -2.80 -2.66 -2.52 -2.26 -2.01 -1.78 -1.56 -1.59 -1.62 -1.71 -1.79 -1.89 -1.98 -1.97 -1.97 -2.03 -2.09 -2.21 -2.33 -2.33 -2.33 -2.03 -1.73 -1.65 -1.57 -1.70 -1.83 -1.98 -2.13 -2.36 -2.58 -2.61 -2.63 -2.58 -2.52 -2.65 -2.77 -2.92 -3.07 -3.01 -2.95 -2.73 -2.51 -2.61 -2.71 -2.59 -2.46 -2.40 -2.35 -2.15 -1.94 -1.67 -1.41 -1.55 -1.70 -1.70 -1.70 -1.14 -0.59 0.08 0.75 1.57 2.38 2.65 2.93 3.01 3.10 3.24 3.37 3.21 3.04 3.16 3.28 3.44 3.61 3.50 3.40 3.56 3.72 4.09 4.46 4.56 -4.00 -3.88 -3.76 -3.71 -3.66 -3.49 -3.31 -3.32 -3.32 -3.64 -3.97 -4.13 -4.30 -4.31 -4.33 -4.40 -4.46 -4.57 -4.68 -4.71 -4.73 -4.50 -4.25 -4.04 -3.82 -3.82 -3.81 -3.60 -3.39 -3.28 -3.17 -3.08 -2.99 -3.06 -3.12 -3.35 -3.58 -3.58 -3.57 -3.31 -3.04 -3.04 -3.04 -2.92 -2.78 -2.94 -3.09 -3.20 -3.29 -3.10 -2.89 -2.69 -2.48 -2.24 -2.01 -1.72 -1.44 -1.47 -1.49 -1.58 -1.67 -1.60 -1.53 -1.65 -1.76 -2.03 -2.29 -2.28 -2.27 -2.28 -2.29 -2.37 -2.45 -2.49 -2.53 -2.54 -2.55 -2.67 -2.78 -2.78 -2.78 -2.83 -2.88 -2.55 -2.21 -1.76 -1.31 -1.30 -1.28 -1.48 -1.67 -1.51 -1.34 -0.63 0.09 0.64 1.20 1.32 1.44 1.57 1.70 2.11 2.53 2.57 2.61 2.88 3.16 3.49 3.84 3.84 3.86 4.10 4.36 4.63 4.91 4.89 -4.17 -4.04 -3.90 -3.85 -3.79 -3.55 -3.30 -3.33 -3.35 -3.71 -4.07 -4.07 -4.07 -3.97 -3.87 -3.98 -4.09 -4.18 -4.26 -4.28 -4.29 -4.14 -4.00 -3.85 -3.69 -3.69 -3.69 -3.53 -3.37 -3.37 -3.38 -3.26 -3.14 -3.29 -3.44 -4.04 -4.64 -4.89 -5.14 -4.83 -4.52 -4.49 -4.47 -4.13 -3.78 -4.00 -4.21 -4.42 -4.62 -4.16 -3.70 -3.17 -2.63 -2.16 -1.69 -1.42 -1.15 -1.28 -1.42 -1.47 -1.51 -1.22 -0.94 -0.94 -0.94 -1.45 -1.96 -1.99 -2.02 -1.92 -1.81 -1.82 -1.83 -1.98 -2.12 -2.36 -2.59 -2.72 -2.85 -2.98 -3.10 -3.25 -3.41 -2.95 -2.48 -1.85 -1.22 -1.04 -0.87 -1.26 -1.65 -1.87 -2.09 -1.33 -0.58 -0.28 0.01 -0.02 -0.05 0.12 0.29 0.99 1.69 1.93 2.17 2.60 3.03 3.55 4.06 4.18 4.31 4.65 4.99 5.17 5.36 5.23 -4.34 -4.28 -4.22 -4.13 -4.04 -3.92 -3.80 -3.81 -3.82 -4.01 -4.20 -4.16 -4.13 -4.04 -3.96 -3.89 -3.82 -3.79 -3.76 -3.84 -3.93 -4.01 -4.10 -3.93 -3.76 -3.81 -3.87 -3.67 -3.46 -3.20 -2.93 -2.75 -2.56 -2.78 -3.00 -3.77 -4.54 -5.17 -5.80 -5.68 -5.56 -5.51 -5.46 -5.30 -5.14 -5.07 -5.00 -4.99 -4.98 -4.46 -3.93 -3.41 -2.88 -2.34 -1.80 -1.60 -1.39 -1.57 -1.75 -1.87 -1.99 -1.71 -1.43 -1.58 -1.72 -2.02 -2.31 -2.23 -2.15 -1.98 -1.80 -1.57 -1.33 -1.15 -0.96 -1.44 -1.91 -2.27 -2.63 -2.65 -2.68 -2.81 -2.94 -2.45 -1.95 -1.35 -0.76 -0.72 -0.68 -1.11 -1.54 -1.92 -2.29 -1.68 -1.06 -0.80 -0.53 -0.63 -0.73 -0.81 -0.89 -0.01 0.87 1.47 2.07 2.37 2.67 3.12 3.57 3.80 4.05 4.16 4.28 4.35 4.42 4.38 -4.52 -4.53 -4.54 -4.42 -4.29 -4.30 -4.30 -4.30 -4.30 -4.31 -4.33 -4.26 -4.19 -4.12 -4.05 -3.80 -3.55 -3.40 -3.25 -3.41 -3.57 -3.88 -4.20 -4.01 -3.82 -3.93 -4.05 -3.80 -3.56 -3.03 -2.49 -2.24 -1.98 -2.27 -2.56 -3.50 -4.44 -5.45 -6.47 -6.54 -6.61 -6.54 -6.46 -6.48 -6.51 -6.14 -5.78 -5.56 -5.33 -4.75 -4.17 -3.66 -3.14 -2.52 -1.91 -1.77 -1.64 -1.86 -2.08 -2.28 -2.48 -2.21 -1.93 -2.21 -2.50 -2.58 -2.66 -2.48 -2.29 -2.04 -1.79 -1.32 -0.84 -0.33 0.19 -0.53 -1.24 -1.83 -2.41 -2.33 -2.26 -2.37 -2.48 -1.95 -1.42 -0.86 -0.30 -0.39 -0.49 -0.96 -1.44 -1.97 -2.50 -2.02 -1.55 -1.32 -1.08 -1.25 -1.41 -1.75 -2.08 -1.02 0.04 1.00 1.96 2.14 2.31 2.69 3.07 3.42 3.78 3.67 3.57 3.52 3.47 3.53 -5.01 -5.07 -5.14 -4.93 -4.72 -4.58 -4.43 -4.33 -4.23 -4.07 -3.91 -3.76 -3.60 -3.57 -3.54 -3.45 -3.37 -3.37 -3.37 -3.39 -3.42 -3.45 -3.47 -3.29 -3.11 -3.35 -3.58 -3.45 -3.32 -2.69 -2.05 -1.91 -1.76 -2.37 -2.98 -3.79 -4.60 -5.31 -6.01 -6.16 -6.31 -6.27 -6.22 -6.28 -6.34 -6.06 -5.78 -5.51 -5.23 -4.71 -4.19 -3.67 -3.16 -2.39 -1.63 -1.82 -2.00 -2.28 -2.54 -2.64 -2.74 -2.59 -2.43 -2.61 -2.78 -2.71 -2.63 -2.07 -1.51 -1.28 -1.05 -0.67 -0.28 -0.01 0.27 -0.23 -0.72 -1.13 -1.53 -1.75 -1.97 -2.25 -2.52 -2.21 -1.90 -1.32 -0.74 -0.93 -1.11 -1.52 -1.92 -2.07 -2.21 -1.77 -1.32 -1.11 -0.89 -1.13 -1.37 -1.35 -1.32 -0.71 -0.11 0.67 1.45 1.67 1.89 2.26 2.64 2.98 3.32 3.29 3.27 3.47 3.68 3.60 -5.50 -5.62 -5.74 -5.45 -5.15 -4.86 -4.56 -4.37 -4.17 -3.83 -3.49 -3.26 -3.02 -3.02 -3.03 -3.11 -3.19 -3.34 -3.49 -3.38 -3.27 -3.01 -2.74 -2.58 -2.41 -2.76 -3.11 -3.09 -3.08 -2.35 -1.62 -1.58 -1.54 -2.47 -3.41 -4.09 -4.76 -5.16 -5.56 -5.79 -6.01 -6.00 -5.99 -6.08 -6.17 -5.98 -5.79 -5.46 -5.13 -4.67 -4.21 -3.69 -3.18 -2.26 -1.35 -1.86 -2.37 -2.69 -3.01 -3.01 -3.00 -2.97 -2.94 -3.01 -3.07 -2.84 -2.60 -1.67 -0.73 -0.52 -0.31 -0.02 0.27 0.30 0.34 0.06 -0.21 -0.44 -0.66 -1.17 -1.69 -2.13 -2.57 -2.48 -2.38 -1.78 -1.18 -1.46 -1.74 -2.07 -2.41 -2.17 -1.92 -1.51 -1.10 -0.90 -0.70 -1.02 -1.33 -0.95 -0.56 -0.41 -0.26 0.34 0.93 1.20 1.47 1.84 2.20 2.53 2.86 2.91 2.96 3.43 3.89 3.66 -5.76 -5.92 -6.09 -5.67 -5.25 -4.74 -4.22 -3.93 -3.63 -3.44 -3.25 -3.10 -2.94 -2.87 -2.81 -2.76 -2.70 -2.63 -2.56 -2.36 -2.16 -1.99 -1.81 -1.79 -1.76 -2.18 -2.60 -2.87 -3.15 -2.77 -2.38 -2.38 -2.38 -3.14 -3.90 -4.28 -4.66 -4.92 -5.18 -5.43 -5.68 -5.71 -5.73 -5.96 -6.19 -6.22 -6.24 -5.76 -5.28 -4.78 -4.29 -3.81 -3.32 -2.83 -2.34 -2.87 -3.40 -3.68 -3.95 -3.65 -3.35 -3.06 -2.77 -2.69 -2.60 -2.34 -2.08 -1.19 -0.30 -0.54 -0.77 -0.70 -0.62 -0.36 -0.09 0.06 0.21 0.34 0.47 -0.63 -1.72 -1.94 -2.15 -1.76 -1.36 -0.99 -0.61 -0.69 -0.76 -1.37 -1.96 -1.44 -0.91 -0.78 -0.65 -0.49 -0.32 -0.65 -0.96 -0.47 0.04 0.24 0.44 0.87 1.29 1.31 1.34 1.60 1.86 2.32 2.80 2.91 3.04 3.39 3.75 3.41 -6.02 -6.23 -6.43 -5.89 -5.36 -4.62 -3.88 -3.49 -3.10 -3.06 -3.01 -2.94 -2.86 -2.72 -2.59 -2.40 -2.21 -1.93 -1.64 -1.35 -1.05 -0.97 -0.89 -1.00 -1.11 -1.60 -2.09 -2.65 -3.22 -3.18 -3.15 -3.18 -3.22 -3.80 -4.39 -4.48 -4.56 -4.68 -4.80 -5.08 -5.36 -5.42 -5.48 -5.85 -6.21 -6.45 -6.70 -6.06 -5.43 -4.90 -4.37 -3.92 -3.47 -3.40 -3.33 -3.88 -4.43 -4.66 -4.89 -4.30 -3.71 -3.16 -2.60 -2.37 -2.14 -1.85 -1.56 -0.72 0.12 -0.56 -1.23 -1.37 -1.51 -1.02 -0.53 0.05 0.63 1.11 1.59 -0.08 -1.76 -1.75 -1.74 -1.04 -0.34 -0.19 -0.05 0.08 0.21 -0.66 -1.52 -0.71 0.10 -0.05 -0.20 -0.07 0.05 -0.28 -0.60 0.01 0.63 0.88 1.14 1.40 1.65 1.43 1.20 1.36 1.51 2.12 2.73 2.92 3.11 3.36 3.61 3.17 -5.66 -5.93 -6.20 -5.73 -5.26 -4.50 -3.73 -3.29 -2.85 -2.70 -2.55 -2.39 -2.23 -2.10 -1.97 -1.76 -1.55 -1.51 -1.47 -1.35 -1.23 -1.23 -1.22 -1.43 -1.63 -2.02 -2.41 -2.75 -3.08 -3.03 -2.98 -3.07 -3.16 -3.69 -4.21 -4.18 -4.14 -4.24 -4.33 -4.57 -4.81 -4.90 -4.98 -5.30 -5.60 -5.91 -6.22 -5.79 -5.36 -4.87 -4.38 -4.03 -3.68 -3.42 -3.15 -3.52 -3.89 -4.00 -4.11 -3.69 -3.27 -2.82 -2.37 -2.14 -1.90 -1.54 -1.17 -0.71 -0.24 -0.96 -1.67 -1.84 -2.00 -1.17 -0.33 0.47 1.27 1.55 1.84 0.27 -1.29 -1.26 -1.22 -0.24 0.75 0.58 0.42 0.49 0.55 0.11 -0.33 -0.08 0.17 -0.01 -0.19 0.11 0.42 0.21 0.01 0.65 1.29 1.63 1.97 1.86 1.75 1.58 1.41 1.40 1.39 1.72 2.05 2.13 2.22 2.66 3.11 3.09 -5.31 -5.64 -5.98 -5.57 -5.16 -4.38 -3.59 -3.09 -2.60 -2.35 -2.09 -1.85 -1.60 -1.48 -1.36 -1.13 -0.89 -1.10 -1.31 -1.36 -1.41 -1.48 -1.55 -1.85 -2.15 -2.44 -2.74 -2.84 -2.95 -2.88 -2.82 -2.96 -3.11 -3.57 -4.04 -3.88 -3.72 -3.79 -3.86 -4.06 -4.26 -4.38 -4.49 -4.75 -5.00 -5.37 -5.74 -5.52 -5.30 -4.85 -4.39 -4.14 -3.89 -3.43 -2.98 -3.16 -3.35 -3.33 -3.32 -3.08 -2.83 -2.49 -2.14 -1.90 -1.66 -1.22 -0.78 -0.70 -0.61 -1.37 -2.12 -2.31 -2.49 -1.31 -0.13 0.88 1.90 2.00 2.09 0.63 -0.83 -0.77 -0.71 0.57 1.84 1.36 0.89 0.89 0.89 0.87 0.85 0.54 0.23 0.03 -0.18 0.30 0.78 0.70 0.62 1.28 1.95 2.37 2.80 2.32 1.84 1.73 1.61 1.44 1.26 1.31 1.37 1.35 1.32 1.97 2.61 3.02 </TempDataArray>
    </BinaryData>
    <End xmlns="" EndString="7777"/>
</gribObject>
