<?xml version="1.0" encoding="UTF-8" standalone="yes"?>
<gribObject xmlns:xsi="http://www.w3.org/2001/XMLSchema-instance" xmlns:xsd="http://www.w3.org/2001/XMLSchema" xmlns="http://c4i.mlt/ICDU/schema" ForecastTime="2025-09-25T12:00:00.000Z" RunTime="2025-09-25T12:00:00.000Z" ParameterName="Relative humidity" FileName="newsingapore">
    <Indicator xmlns="" GribHeader="GRIB" NumOfOctets="21" GribType="2"/>
    <ProductDefinition xmlns="" NumOfOctets="4" ParamTableVersion="2" OrigCenter="7" ProcessID="81" GridID="36" GDS_BDS_Flag="128" ParamAndUnits="157" LevelType="0" Level="100" ReferenceTime="25" Month="9" Day="25" Hour="12" Minute="0" ForecastTimeUnits="1" PeriodOfTime1="12" PeriodOfTime2="0" TimeRangeIndicator="1" NumInAverage="70" NumMissingAverage="0" CenturyOfReference="21" SubcenterID="0" DecimalScaleFactor="1" Reserved1="0" Lat1="-11000" Lon1="91000" Lat2="-9500" Lon2="105375" Di="125" Dj="125"/>
    <GridDescription xmlns="" NumOfOctets="72" NV="0" PV="255" DataRepresentationType="0">
        <LatLonProjection Ni="116" Nj="13" Flags="128" ScanFlags="64" Reserved="0"/>
    </GridDescription>
    <BinaryData xmlns="" NumOfOctets="6032" FlagsAndUnused="12" BinaryScaleFactor="0" ReferenceValue="404.000000" DatumPacked="1508" OptionalFlags="0">
        <TempDataArray>56.10 56.20 56.30 55.70 55.10 54.30 53.50 52.30 51.00 51.50 52.00 52.00 52.00 53.00 53.90 53.90 53.80 53.60 53.40 52.20 50.90 50.20 49.50 51.00 52.40 54.40 56.40 57.40 58.40 58.30 58.20 59.10 60.00 60.90 61.80 62.80 63.80 64.20 64.50 63.50 62.40 61.70 60.90 60.80 60.60 61.70 62.70 64.20 65.60 65.30 65.00 65.00 65.00 65.30 65.60 66.30 66.90 68.60 70.30 71.20 72.10 71.60 71.10 69.80 68.40 68.90 69.40 71.80 74.10 74.10 74.20 73.10 72.10 72.50 72.80 75.20 77.50 80.90 84.30 87.90 91.50 95.10 98.70 98.70 98.70 98.90 99.00 97.80 96.50 94.10 91.60 90.40 89.20 89.60 90.00 90.40 90.80 88.80 86.70 85.80 84.90 85.30 85.60 85.80 85.90 85.20 84.40 85.20 85.90 87.00 88.10 88.60 89.00 90.80 92.50 93.30 57.60 57.50 57.30 55.50 53.70 51.60 49.60 48.50 47.40 48.60 49.70 50.30 51.00 51.00 51.10 51.10 51.10 51.30 51.50 51.00 50.40 50.00 49.70 51.40 53.10 54.60 56.10 57.70 59.20 59.20 59.20 59.90 60.70 61.40 62.20 62.60 63.10 64.50 65.90 65.20 64.50 63.40 62.30 61.50 60.80 61.80 62.80 63.80 64.90 64.70 64.60 64.60 64.60 64.60 64.60 65.10 65.60 67.50 69.50 70.70 72.00 72.30 72.70 71.70 70.70 70.20 69.70 71.10 72.50 73.10 73.60 73.50 73.40 73.80 74.30 75.50 76.70 79.10 81.50 84.50 87.50 91.20 95.00 95.70 96.30 96.70 97.10 96.10 95.10 93.40 91.80 90.90 90.10 90.20 90.40 90.10 89.80 88.50 87.30 87.00 86.70 86.60 86.50 86.30 86.20 85.40 84.60 85.80 87.00 88.20 89.50 90.80 92.20 92.80 93.50 93.20 59.10 58.70 58.30 55.30 52.30 48.90 45.60 44.70 43.80 45.60 47.40 48.70 49.90 49.10 48.20 48.30 48.30 48.90 49.60 49.80 49.90 49.90 49.80 51.80 53.70 54.80 55.80 57.90 60.00 60.10 60.20 60.80 61.30 61.90 62.50 62.40 62.30 64.80 67.20 66.90 66.60 65.10 63.60 62.30 61.00 61.90 62.80 63.50 64.10 64.10 64.20 64.20 64.20 63.90 63.60 63.90 64.20 66.50 68.70 70.30 71.80 73.10 74.30 73.60 72.90 71.40 69.90 70.40 70.90 72.00 73.10 73.90 74.70 75.20 75.70 75.80 75.90 77.30 78.70 81.10 83.40 87.40 91.30 92.60 93.90 94.60 95.20 94.40 93.60 92.80 91.90 91.40 90.90 90.80 90.70 89.80 88.80 88.30 87.80 88.10 88.40 87.90 87.30 86.90 86.50 85.60 84.70 86.40 88.00 89.40 90.80 93.10 95.30 94.90 94.40 93.10 56.30 55.10 53.90 51.60 49.40 47.60 45.90 45.50 45.00 46.70 48.40 49.70 51.00 49.70 48.50 48.00 47.40 47.80 48.10 48.50 49.00 49.50 49.90 51.60 53.20 54.00 54.90 56.60 58.30 58.50 58.80 59.60 60.50 61.50 62.50 62.70 63.00 64.60 66.30 66.10 66.00 65.00 64.10 62.90 61.80 61.60 61.40 61.80 62.20 62.60 63.10 63.90 64.80 65.10 65.40 65.80 66.30 68.10 69.90 71.60 73.20 74.60 76.00 75.60 75.20 74.20 73.30 73.40 73.60 74.70 75.80 76.70 77.50 77.90 78.40 78.50 78.60 79.70 80.90 83.60 86.30 89.90 93.50 94.10 94.80 95.50 96.20 96.10 96.00 94.90 93.90 92.70 91.60 90.80 90.10 89.70 89.20 89.70 90.20 91.00 91.80 91.50 91.20 90.80 90.50 89.90 89.30 90.50 91.70 92.40 93.00 94.00 95.00 93.70 92.40 90.60 53.50 51.50 49.40 47.90 46.40 46.30 46.20 46.20 46.20 47.80 49.40 50.80 52.10 50.40 48.70 47.70 46.60 46.60 46.50 47.30 48.10 49.10 50.10 51.40 52.60 53.30 53.90 55.30 56.60 57.00 57.30 58.50 59.70 61.10 62.40 63.00 63.60 64.50 65.30 65.30 65.30 64.90 64.50 63.60 62.60 61.30 59.90 60.10 60.30 61.10 61.90 63.70 65.40 66.30 67.20 67.80 68.30 69.70 71.10 72.90 74.60 76.10 77.60 77.50 77.40 77.00 76.60 76.50 76.30 77.40 78.50 79.40 80.30 80.70 81.00 81.10 81.20 82.10 83.00 86.10 89.10 92.40 95.60 95.60 95.70 96.50 97.20 97.80 98.30 97.10 95.80 94.00 92.20 90.90 89.50 89.60 89.60 91.10 92.60 93.90 95.10 95.10 95.00 94.80 94.50 94.20 93.90 94.70 95.40 95.30 95.20 94.90 94.60 92.50 90.40 88.10 51.40 49.50 47.60 46.20 44.90 45.00 45.10 45.20 45.40 48.20 51.10 52.20 53.30 51.40 49.50 48.40 47.30 47.40 47.40 48.20 48.90 50.90 52.90 54.40 55.90 56.10 56.40 57.00 57.60 58.00 58.50 59.80 61.00 62.00 63.00 63.80 64.60 65.10 65.70 65.40 65.10 63.90 62.60 61.70 60.90 60.10 59.40 59.70 60.00 60.80 61.60 63.30 65.00 65.50 66.10 67.30 68.60 69.80 71.10 72.80 74.50 76.70 78.90 79.00 79.20 77.60 76.00 76.10 76.20 77.70 79.10 80.10 81.20 80.60 80.10 80.30 80.40 82.30 84.10 87.90 91.60 94.40 97.10 97.50 97.90 98.20 98.60 98.90 99.20 98.50 97.80 95.70 93.60 92.10 90.70 91.20 91.70 93.30 94.90 96.00 97.20 96.90 96.70 95.80 95.00 94.30 93.60 93.30 92.90 92.50 92.00 92.30 92.60 91.10 89.60 87.70 49.30 47.50 45.70 44.60 43.40 43.70 44.00 44.30 44.50 48.60 52.70 53.60 54.40 52.30 50.20 49.10 48.00 48.20 48.30 49.10 49.80 52.70 55.60 57.40 59.20 59.00 58.80 58.70 58.50 59.10 59.70 61.00 62.30 63.00 63.60 64.60 65.50 65.80 66.00 65.50 64.90 62.80 60.70 59.90 59.10 59.00 58.90 59.30 59.60 60.40 61.20 62.90 64.60 64.80 64.90 66.90 68.80 69.90 71.00 72.70 74.30 77.20 80.10 80.50 80.90 78.20 75.40 75.80 76.10 77.90 79.70 80.90 82.00 80.60 79.20 79.40 79.60 82.40 85.20 89.70 94.20 96.40 98.60 99.30 100.00 100.00 100.00 100.00 100.00 99.90 99.70 97.30 94.90 93.40 91.90 92.90 93.80 95.50 97.10 98.20 99.30 98.80 98.30 96.90 95.50 94.40 93.30 91.90 90.40 89.60 88.80 89.70 90.60 89.70 88.80 87.20 46.80 45.20 43.50 42.80 42.00 43.20 44.50 45.30 46.20 49.60 53.10 53.90 54.70 51.60 48.60 47.40 46.30 47.10 47.90 49.00 50.00 52.50 55.00 56.50 58.00 58.20 58.40 58.10 57.80 58.10 58.40 59.70 60.90 62.20 63.50 64.80 66.20 66.60 67.00 67.40 67.70 66.10 64.50 63.80 63.00 62.40 61.70 61.20 60.60 60.70 60.90 62.50 64.20 63.90 63.60 64.60 65.60 66.30 67.00 68.10 69.30 72.60 76.00 77.90 79.90 77.20 74.60 74.00 73.50 74.80 76.20 77.40 78.70 78.20 77.70 78.60 79.60 82.60 85.60 88.70 91.90 93.10 94.40 94.40 94.50 94.90 95.40 96.30 97.20 97.90 98.60 97.90 97.20 96.50 95.80 96.20 96.70 97.60 98.50 99.10 99.70 99.40 99.20 98.50 97.80 97.20 96.70 95.90 95.20 94.40 93.60 92.60 91.50 90.00 88.50 86.40 44.30 42.80 41.30 40.90 40.60 42.80 44.90 46.40 47.90 50.70 53.40 54.20 55.00 51.00 46.90 45.70 44.50 46.10 47.60 48.90 50.20 52.30 54.30 55.60 56.80 57.40 57.90 57.50 57.10 57.10 57.10 58.30 59.50 61.40 63.30 65.10 66.90 67.50 68.00 69.30 70.50 69.40 68.30 67.60 66.90 65.70 64.50 63.10 61.60 61.10 60.50 62.10 63.70 63.00 62.20 62.30 62.40 62.70 63.00 63.60 64.20 68.10 71.90 75.40 78.80 76.30 73.80 72.30 70.80 71.80 72.70 74.00 75.30 75.80 76.20 77.90 79.60 82.80 85.90 87.70 89.50 89.80 90.10 89.60 89.00 89.90 90.70 92.50 94.30 95.90 97.50 98.50 99.40 99.60 99.70 99.60 99.50 99.70 99.90 100.00 100.00 100.00 100.00 100.00 100.00 100.00 100.00 100.00 100.00 99.20 98.40 95.40 92.40 90.30 88.10 85.60 42.90 41.90 40.90 40.90 40.90 43.10 45.40 46.80 48.10 49.60 51.10 50.80 50.60 48.20 45.80 44.90 44.10 44.70 45.30 46.00 46.60 48.50 50.30 51.90 53.50 55.80 58.10 58.60 59.00 58.30 57.60 57.80 58.10 59.70 61.40 63.30 65.20 66.70 68.20 68.70 69.30 67.80 66.40 65.60 64.90 64.20 63.50 63.20 63.00 62.80 62.60 63.70 64.80 64.50 64.20 64.00 63.90 63.90 64.00 64.30 64.60 67.60 70.60 72.90 75.20 73.90 72.60 71.30 70.00 70.50 71.10 72.80 74.60 75.20 75.80 77.10 78.40 80.30 82.30 82.90 83.50 83.90 84.20 84.50 84.80 86.20 87.60 89.30 91.00 91.70 92.40 93.10 93.70 93.80 93.90 93.40 92.80 94.30 95.80 97.30 98.80 99.20 99.70 99.80 100.00 100.00 100.00 99.90 99.80 99.20 98.50 94.90 91.20 88.40 85.50 83.10 41.60 41.00 40.40 40.80 41.10 43.50 45.90 47.10 48.30 48.50 48.70 47.50 46.20 45.40 44.60 44.10 43.60 43.30 43.00 43.00 43.00 44.70 46.30 48.30 50.20 54.30 58.30 59.60 60.90 59.50 58.00 57.30 56.60 58.10 59.50 61.50 63.40 65.90 68.40 68.20 68.00 66.30 64.50 63.70 62.80 62.70 62.50 63.40 64.30 64.50 64.60 65.30 65.90 66.00 66.10 65.80 65.40 65.20 64.90 65.00 65.00 67.20 69.30 70.40 71.50 71.40 71.30 70.20 69.10 69.30 69.40 71.70 73.90 74.70 75.40 76.30 77.20 77.90 78.60 78.10 77.50 77.90 78.30 79.50 80.60 82.50 84.40 86.10 87.70 87.50 87.30 87.70 88.00 88.10 88.10 87.10 86.10 88.90 91.70 94.60 97.50 98.40 99.30 99.70 100.00 100.00 100.00 99.80 99.60 99.10 98.60 94.30 90.00 86.50 82.90 80.60 41.30 41.10 40.90 42.00 43.10 44.80 46.60 47.30 48.00 47.70 47.40 46.40 45.50 45.70 45.90 45.10 44.40 43.30 42.20 42.60 43.00 45.60 48.30 50.00 51.70 55.30 58.90 59.80 60.70 59.70 58.70 58.40 58.20 58.10 58.10 58.80 59.60 61.40 63.20 63.50 63.80 62.80 61.90 61.50 61.10 61.40 61.80 63.00 64.30 65.00 65.80 66.20 66.70 67.00 67.30 67.50 67.60 67.80 68.00 68.40 68.90 70.30 71.70 71.70 71.70 70.80 69.80 68.50 67.30 67.60 67.90 69.40 71.00 71.80 72.70 73.40 74.20 74.50 74.90 75.00 75.20 76.10 77.00 78.60 80.10 81.60 83.10 84.20 85.30 84.60 83.90 83.90 83.90 84.60 85.30 85.20 85.20 87.20 89.20 92.00 94.80 95.20 95.60 96.00 96.40 96.50 96.60 95.90 95.30 93.70 92.20 88.40 84.60 81.80 79.00 77.70 40.90 41.20 41.40 43.20 45.00 46.20 47.30 47.50 47.70 46.90 46.00 45.40 44.80 45.90 47.10 46.20 45.20 43.30 41.40 42.20 42.90 46.60 50.30 51.80 53.20 56.30 59.40 59.90 60.40 59.90 59.30 59.60 59.80 58.20 56.60 56.20 55.80 56.90 57.90 58.70 59.50 59.40 59.30 59.40 59.40 60.20 61.00 62.60 64.20 65.60 66.90 67.20 67.40 68.00 68.50 69.20 69.80 70.40 71.00 71.90 72.80 73.40 74.00 73.00 71.90 70.10 68.30 66.90 65.40 65.90 66.30 67.20 68.00 69.00 69.90 70.60 71.20 71.10 71.10 72.00 72.90 74.30 75.70 77.60 79.60 80.60 81.70 82.30 82.80 81.60 80.40 80.10 79.70 81.10 82.40 83.40 84.30 85.50 86.70 89.40 92.10 92.00 91.80 92.30 92.80 93.00 93.20 92.10 90.90 88.40 85.80 82.50 79.10 77.10 75.10 74.80 </TempDataArray>
    </BinaryData>
    <End xmlns="" EndString="7777"/>
</gribObject>
