<?xml version="1.0" encoding="UTF-8" standalone="yes"?>
<gribObject xmlns:xsi="http://www.w3.org/2001/XMLSchema-instance" xmlns:xsd="http://www.w3.org/2001/XMLSchema" xmlns="http://c4i.mlt/ICDU/schema" ForecastTime="2025-09-26T12:00:00.000Z" RunTime="2025-09-26T12:00:00.000Z" ParameterName="V component of wind" FileName="newsingapore">
    <Indicator xmlns="" GribHeader="GRIB" NumOfOctets="21" GribType="2"/>
    <ProductDefinition xmlns="" NumOfOctets="4" ParamTableVersion="2" OrigCenter="7" ProcessID="81" GridID="36" GDS_BDS_Flag="128" ParamAndUnits="132" LevelType="0" Level="200" ReferenceTime="26" Month="9" Day="26" Hour="12" Minute="0" ForecastTimeUnits="1" PeriodOfTime1="12" PeriodOfTime2="0" TimeRangeIndicator="1" NumInAverage="-7" NumMissingAverage="0" CenturyOfReference="21" SubcenterID="0" DecimalScaleFactor="1" Reserved1="0" Lat1="-11000" Lon1="91000" Lat2="-9500" Lon2="105375" Di="125" Dj="125"/>
    <GridDescription xmlns="" NumOfOctets="72" NV="0" PV="255" DataRepresentationType="0">
        <LatLonProjection Ni="116" Nj="13" Flags="128" ScanFlags="64" Reserved="0"/>
    </GridDescription>
    <BinaryData xmlns="" NumOfOctets="6032" FlagsAndUnused="12" BinaryScaleFactor="0" ReferenceValue="-182.892822" DatumPacked="1508" OptionalFlags="0">
        <TempDataArray>-13.39 -12.89 -12.39 -15.09 -17.89 -16.59 -15.19 -12.89 -10.49 -10.19 -9.79 -11.49 -13.29 -13.69 -14.09 -11.69 -9.29 -8.79 -8.29 -10.99 -13.69 -12.69 -11.79 -10.39 -8.99 -7.59 -6.19 -4.69 -3.19 -5.19 -7.29 -6.69 -6.09 -5.49 -4.99 -5.29 -5.59 -7.89 -10.09 -10.09 -10.09 -8.69 -7.39 -7.39 -7.49 -6.49 -5.39 -5.89 -6.49 -6.49 -6.59 -6.79 -6.99 -7.19 -7.29 -9.19 -11.09 -9.49 -7.79 -7.39 -6.89 -6.79 -6.69 -4.89 -3.09 -4.29 -5.59 -4.09 -2.59 -1.89 -1.09 -0.99 -0.99 -1.19 -1.49 -1.19 -0.79 -3.19 -5.69 -5.59 -5.59 -4.09 -2.49 -2.29 -2.19 -1.79 -1.29 -1.09 -0.89 -0.59 -0.39 -0.69 -0.99 -1.19 -1.39 -3.19 -4.89 -5.59 -6.19 -5.59 -4.99 -5.79 -6.69 -5.99 -5.29 -3.89 -2.49 -1.39 -0.29 0.01 0.21 0.11 -0.09 0.11 0.21 -0.49 -13.79 -13.39 -12.89 -14.39 -15.89 -15.79 -15.59 -14.09 -12.59 -11.89 -11.19 -12.09 -12.89 -13.29 -13.59 -12.69 -11.69 -11.59 -11.39 -12.59 -13.69 -13.09 -12.39 -11.39 -10.39 -9.39 -8.29 -6.49 -4.59 -5.49 -6.39 -5.99 -5.49 -5.59 -5.69 -6.89 -7.99 -9.39 -10.79 -10.89 -10.89 -9.79 -8.79 -8.19 -7.69 -6.99 -6.29 -6.49 -6.59 -5.99 -5.29 -5.79 -6.19 -6.89 -7.39 -8.59 -9.79 -10.09 -10.39 -9.99 -9.59 -7.79 -5.99 -3.99 -1.89 -3.89 -5.79 -4.99 -4.19 -2.69 -1.09 -1.29 -1.39 -1.59 -1.89 -2.09 -2.29 -4.19 -6.09 -5.79 -5.49 -3.89 -2.29 -2.29 -2.19 -2.09 -1.89 -1.49 -1.19 -0.79 -0.39 -0.49 -0.69 -1.09 -1.49 -3.59 -5.59 -5.89 -6.19 -5.69 -5.09 -6.49 -7.89 -6.49 -4.99 -3.59 -2.09 -1.09 -0.19 0.01 0.31 0.11 0.11 0.01 0.01 -0.79 -14.29 -13.89 -13.49 -13.69 -13.89 -14.99 -15.99 -15.29 -14.59 -13.59 -12.59 -12.59 -12.59 -12.89 -13.19 -13.69 -14.09 -14.39 -14.59 -14.19 -13.79 -13.39 -13.09 -12.49 -11.79 -11.09 -10.39 -8.29 -6.09 -5.79 -5.49 -5.19 -4.99 -5.69 -6.49 -8.49 -10.39 -10.99 -11.59 -11.69 -11.69 -10.89 -10.19 -8.99 -7.89 -7.49 -7.19 -6.99 -6.79 -5.49 -4.09 -4.79 -5.49 -6.49 -7.59 -7.99 -8.49 -10.69 -12.99 -12.59 -12.19 -8.79 -5.39 -3.09 -0.79 -3.39 -5.99 -5.89 -5.79 -3.49 -1.19 -1.49 -1.79 -2.09 -2.29 -3.09 -3.89 -5.19 -6.49 -5.99 -5.49 -3.79 -2.09 -2.19 -2.29 -2.39 -2.49 -1.99 -1.49 -0.89 -0.39 -0.39 -0.39 -0.99 -1.59 -3.99 -6.39 -6.29 -6.29 -5.79 -5.29 -7.19 -9.19 -6.99 -4.69 -3.19 -1.69 -0.89 -0.09 0.11 0.31 0.21 0.21 0.01 -0.29 -1.19 -15.09 -13.89 -12.69 -12.29 -11.79 -13.99 -16.19 -16.19 -16.29 -14.79 -13.29 -13.29 -13.29 -12.89 -12.39 -12.99 -13.49 -14.99 -16.39 -14.89 -13.29 -12.89 -12.39 -12.69 -12.89 -11.79 -10.69 -8.49 -6.29 -5.89 -5.49 -5.39 -5.19 -6.09 -6.89 -8.49 -10.09 -10.49 -10.89 -10.99 -11.09 -10.19 -9.39 -8.29 -7.09 -6.79 -6.29 -6.69 -6.99 -5.59 -4.19 -4.49 -4.79 -6.59 -8.49 -8.59 -8.69 -10.09 -11.39 -12.09 -12.69 -9.49 -6.09 -3.59 -0.99 -3.39 -5.69 -5.99 -6.19 -4.19 -2.09 -2.19 -2.29 -2.59 -2.89 -3.69 -4.39 -5.19 -5.89 -5.39 -4.89 -3.39 -1.89 -2.49 -2.99 -3.09 -3.19 -2.49 -1.69 -1.59 -1.49 -1.29 -1.09 -1.69 -2.29 -4.49 -6.79 -6.89 -6.99 -6.39 -5.79 -7.29 -8.69 -7.19 -5.59 -3.89 -2.19 -1.19 -0.19 0.01 0.21 0.21 0.21 -0.19 -0.59 -1.49 -15.99 -13.89 -11.89 -10.79 -9.69 -13.09 -16.39 -17.19 -17.99 -15.99 -13.99 -13.99 -13.99 -12.79 -11.59 -12.29 -12.89 -15.59 -18.29 -15.59 -12.89 -12.39 -11.79 -12.89 -13.99 -12.49 -10.99 -8.79 -6.59 -6.09 -5.59 -5.59 -5.49 -6.39 -7.29 -8.49 -9.69 -9.99 -10.19 -10.29 -10.39 -9.49 -8.69 -7.59 -6.39 -5.99 -5.49 -6.29 -7.19 -5.79 -4.39 -4.19 -4.09 -6.69 -9.39 -9.19 -8.99 -9.39 -9.79 -11.49 -13.29 -10.09 -6.89 -4.09 -1.29 -3.39 -5.49 -6.09 -6.69 -4.89 -2.99 -2.99 -2.89 -3.19 -3.49 -4.19 -4.99 -5.09 -5.29 -4.79 -4.29 -2.99 -1.69 -2.69 -3.79 -3.79 -3.89 -2.99 -1.99 -2.29 -2.59 -2.29 -1.89 -2.39 -2.99 -5.09 -7.19 -7.39 -7.69 -6.99 -6.29 -7.29 -8.29 -7.49 -6.59 -4.69 -2.69 -1.49 -0.29 -0.09 0.01 0.11 0.21 -0.39 -0.99 -1.79 -14.89 -12.49 -9.99 -10.49 -10.89 -13.89 -16.79 -16.79 -16.69 -15.39 -13.99 -13.99 -13.89 -13.49 -12.99 -12.69 -12.39 -14.49 -16.59 -15.69 -14.69 -13.29 -11.89 -12.89 -13.89 -12.79 -11.59 -8.99 -6.49 -6.39 -6.19 -6.09 -5.99 -6.89 -7.69 -8.99 -10.39 -10.49 -10.59 -10.39 -10.09 -8.89 -7.59 -7.69 -7.89 -6.79 -5.59 -6.19 -6.89 -6.49 -6.09 -5.89 -5.79 -6.99 -8.29 -8.19 -8.09 -8.39 -8.79 -10.49 -12.29 -9.79 -7.39 -5.99 -4.59 -5.19 -5.79 -5.69 -5.59 -4.49 -3.29 -3.49 -3.69 -3.69 -3.59 -3.89 -4.09 -4.59 -5.09 -4.59 -4.09 -2.79 -1.49 -2.99 -4.39 -4.49 -4.49 -3.59 -2.69 -3.29 -3.99 -3.59 -3.09 -2.89 -2.69 -4.29 -5.89 -6.39 -6.89 -6.59 -6.19 -7.29 -8.39 -7.59 -6.69 -5.29 -3.79 -2.59 -1.29 -0.89 -0.39 0.11 0.61 0.11 -0.39 -1.99 -13.89 -10.99 -8.09 -10.19 -12.19 -14.69 -17.29 -16.39 -15.49 -14.79 -14.09 -13.99 -13.89 -14.09 -14.39 -13.19 -11.99 -13.49 -14.99 -15.79 -16.59 -14.29 -11.99 -12.89 -13.89 -12.99 -12.09 -9.29 -6.39 -6.69 -6.89 -6.69 -6.49 -7.39 -8.19 -9.59 -10.99 -10.99 -10.99 -10.49 -9.89 -8.19 -6.49 -7.89 -9.39 -7.59 -5.69 -6.19 -6.59 -7.19 -7.79 -7.59 -7.49 -7.29 -7.19 -7.09 -7.09 -7.49 -7.79 -9.59 -11.29 -9.59 -7.89 -7.99 -7.99 -7.09 -6.09 -5.29 -4.59 -4.09 -3.59 -4.09 -4.59 -4.19 -3.79 -3.49 -3.19 -4.09 -4.99 -4.49 -3.89 -2.69 -1.39 -3.19 -4.99 -5.09 -5.09 -4.29 -3.39 -4.39 -5.39 -4.89 -4.29 -3.39 -2.39 -3.49 -4.59 -5.29 -6.09 -6.09 -6.19 -7.29 -8.49 -7.69 -6.79 -5.89 -4.89 -3.59 -2.29 -1.59 -0.79 0.11 1.01 0.61 0.21 -2.19 -11.99 -9.59 -7.09 -9.59 -12.09 -14.49 -16.89 -15.79 -14.59 -14.69 -14.79 -14.59 -14.39 -14.19 -13.89 -13.99 -13.99 -14.29 -14.59 -15.49 -16.49 -14.99 -13.49 -13.69 -13.89 -13.69 -13.39 -10.69 -7.79 -7.39 -6.99 -7.49 -7.89 -8.69 -9.39 -10.49 -11.59 -10.99 -10.39 -9.89 -9.39 -7.89 -6.29 -7.39 -8.39 -6.99 -5.59 -6.49 -7.29 -7.09 -6.99 -7.39 -7.89 -7.39 -6.89 -6.89 -6.79 -7.49 -7.99 -9.09 -10.19 -8.89 -7.49 -7.19 -6.89 -5.89 -4.89 -4.99 -4.99 -4.69 -4.29 -4.49 -4.49 -4.49 -4.49 -3.89 -3.19 -4.29 -5.39 -4.99 -4.39 -3.19 -1.99 -3.49 -4.99 -5.19 -5.29 -4.89 -4.39 -5.09 -5.89 -5.49 -4.99 -3.69 -2.29 -2.89 -3.39 -4.19 -4.99 -5.19 -5.39 -6.59 -7.69 -7.09 -6.49 -6.09 -5.59 -4.29 -2.99 -2.39 -1.69 -0.59 0.51 0.31 0.11 -2.19 -10.09 -8.09 -6.09 -9.09 -12.09 -14.29 -16.49 -15.09 -13.69 -14.59 -15.49 -15.19 -14.99 -14.29 -13.49 -14.79 -16.09 -15.19 -14.29 -15.29 -16.29 -15.69 -15.09 -14.49 -13.89 -14.29 -14.79 -12.09 -9.29 -8.19 -7.09 -8.19 -9.29 -9.99 -10.69 -11.39 -12.19 -10.89 -9.69 -9.29 -8.99 -7.59 -6.19 -6.79 -7.39 -6.49 -5.59 -6.79 -7.99 -7.09 -6.19 -7.29 -8.29 -7.49 -6.69 -6.59 -6.59 -7.49 -8.29 -8.69 -9.09 -8.09 -7.19 -6.49 -5.79 -4.79 -3.69 -4.59 -5.39 -5.29 -5.09 -4.79 -4.49 -4.89 -5.29 -4.19 -3.19 -4.49 -5.89 -5.49 -4.99 -3.79 -2.59 -3.79 -5.09 -5.29 -5.49 -5.49 -5.39 -5.89 -6.39 -6.09 -5.79 -3.99 -2.19 -2.29 -2.29 -3.19 -3.99 -4.29 -4.69 -5.79 -6.89 -6.59 -6.29 -6.29 -6.29 -4.99 -3.69 -3.19 -2.69 -1.39 0.01 0.01 0.01 -2.19 -10.29 -8.89 -7.49 -10.09 -12.69 -14.19 -15.69 -14.89 -14.09 -14.79 -15.39 -15.19 -14.89 -13.89 -12.89 -13.99 -14.99 -14.39 -13.69 -14.69 -15.59 -14.79 -13.99 -13.19 -12.29 -13.59 -14.89 -13.09 -11.19 -9.49 -7.79 -8.59 -9.39 -9.89 -10.19 -10.59 -10.89 -9.79 -8.79 -8.69 -8.69 -7.19 -5.69 -6.39 -6.99 -6.99 -6.99 -7.79 -8.49 -7.29 -5.99 -7.89 -9.79 -8.19 -6.49 -6.39 -6.19 -7.59 -8.99 -8.99 -9.09 -8.39 -7.69 -7.59 -7.39 -5.59 -3.69 -4.59 -5.49 -5.99 -6.49 -5.09 -3.59 -4.09 -4.49 -3.79 -2.99 -4.69 -6.39 -6.19 -5.99 -4.59 -3.29 -4.19 -5.09 -5.29 -5.39 -5.69 -5.99 -6.19 -6.29 -5.99 -5.79 -4.09 -2.29 -2.19 -2.09 -3.19 -4.29 -4.39 -4.49 -4.79 -5.19 -5.19 -5.19 -5.79 -6.39 -4.99 -3.59 -2.99 -2.39 -1.39 -0.29 -0.29 -0.19 -2.39 -10.59 -9.79 -8.89 -11.19 -13.39 -14.09 -14.89 -14.69 -14.49 -14.89 -15.29 -15.09 -14.89 -13.59 -12.29 -13.19 -13.99 -13.49 -13.09 -13.99 -14.89 -13.89 -12.89 -11.89 -10.79 -12.89 -14.99 -14.09 -13.19 -10.89 -8.49 -9.09 -9.59 -9.69 -9.79 -9.69 -9.49 -8.69 -7.89 -8.09 -8.39 -6.79 -5.29 -5.89 -6.59 -7.49 -8.39 -8.79 -9.09 -7.49 -5.79 -8.49 -11.29 -8.89 -6.39 -6.19 -5.89 -7.79 -9.69 -9.39 -8.99 -8.59 -8.19 -8.59 -9.09 -6.39 -3.69 -4.59 -5.59 -6.79 -7.99 -5.39 -2.79 -3.19 -3.69 -3.29 -2.89 -4.89 -6.89 -6.89 -6.99 -5.49 -3.99 -4.59 -5.19 -5.29 -5.29 -5.89 -6.59 -6.39 -6.19 -5.99 -5.79 -4.19 -2.49 -2.19 -1.89 -3.29 -4.59 -4.49 -4.29 -3.89 -3.49 -3.79 -4.09 -5.29 -6.49 -4.99 -3.49 -2.79 -2.19 -1.39 -0.59 -0.59 -0.49 -2.49 -12.99 -12.69 -12.29 -13.19 -14.09 -14.39 -14.79 -14.69 -14.49 -15.09 -15.59 -14.99 -14.29 -13.29 -12.29 -13.09 -13.99 -13.49 -12.89 -13.79 -14.69 -14.49 -14.19 -13.19 -12.09 -13.69 -15.29 -14.09 -12.89 -11.49 -10.09 -10.19 -10.19 -9.79 -9.39 -8.69 -7.89 -7.39 -6.89 -7.49 -8.19 -6.69 -5.29 -5.59 -5.79 -6.89 -7.99 -8.49 -8.89 -7.49 -5.99 -8.49 -10.89 -8.59 -6.29 -5.19 -3.99 -6.89 -9.79 -9.89 -10.09 -9.29 -8.39 -9.29 -10.19 -7.99 -5.79 -5.69 -5.59 -7.39 -9.09 -6.39 -3.59 -3.69 -3.69 -3.49 -3.19 -5.09 -6.89 -7.09 -7.19 -5.79 -4.29 -4.49 -4.49 -4.89 -5.19 -5.79 -6.49 -6.39 -6.19 -5.69 -5.19 -3.79 -2.29 -2.19 -2.09 -3.89 -5.59 -4.99 -4.39 -3.89 -3.39 -3.79 -4.09 -5.59 -7.09 -6.29 -5.49 -4.09 -2.49 -1.69 -0.79 -0.69 -0.59 -2.39 -15.49 -15.59 -15.79 -15.29 -14.79 -14.69 -14.69 -14.59 -14.59 -15.29 -15.99 -14.89 -13.69 -12.99 -12.29 -13.09 -13.99 -13.39 -12.69 -13.69 -14.59 -14.99 -15.49 -14.49 -13.49 -14.59 -15.59 -14.09 -12.59 -12.09 -11.69 -11.29 -10.79 -9.89 -8.99 -7.69 -6.39 -6.09 -5.89 -6.89 -7.99 -6.59 -5.29 -5.19 -5.09 -6.39 -7.59 -8.09 -8.69 -7.49 -6.19 -8.39 -10.49 -8.29 -6.19 -4.19 -2.09 -5.99 -9.89 -10.49 -11.09 -9.89 -8.69 -9.99 -11.39 -9.69 -7.89 -6.79 -5.59 -7.89 -10.29 -7.39 -4.49 -4.19 -3.79 -3.69 -3.59 -5.19 -6.89 -7.19 -7.49 -6.09 -4.69 -4.29 -3.89 -4.49 -5.09 -5.69 -6.39 -6.29 -6.29 -5.49 -4.69 -3.39 -2.09 -2.29 -2.39 -4.49 -6.59 -5.59 -4.49 -3.89 -3.29 -3.69 -4.19 -5.99 -7.69 -7.69 -7.59 -5.29 -2.89 -1.99 -0.99 -0.89 -0.79 -2.19 </TempDataArray>
    </BinaryData>
    <End xmlns="" EndString="7777"/>
</gribObject>
