<?xml version="1.0" encoding="UTF-8" standalone="yes"?>
<gribObject xmlns:xsi="http://www.w3.org/2001/XMLSchema-instance" xmlns:xsd="http://www.w3.org/2001/XMLSchema" xmlns="http://c4i.mlt/ICDU/schema" ForecastTime="2025-09-26T12:00:00.000Z" RunTime="2025-09-26T12:00:00.000Z" ParameterName="V component of wind" FileName="newsingapore">
    <Indicator xmlns="" GribHeader="GRIB" NumOfOctets="21" GribType="2"/>
    <ProductDefinition xmlns="" NumOfOctets="4" ParamTableVersion="2" OrigCenter="7" ProcessID="81" GridID="36" GDS_BDS_Flag="128" ParamAndUnits="132" LevelType="0" Level="300" ReferenceTime="26" Month="9" Day="26" Hour="12" Minute="0" ForecastTimeUnits="1" PeriodOfTime1="12" PeriodOfTime2="0" TimeRangeIndicator="1" NumInAverage="-3" NumMissingAverage="0" CenturyOfReference="21" SubcenterID="0" DecimalScaleFactor="1" Reserved1="0" Lat1="-11000" Lon1="91000" Lat2="-9500" Lon2="105375" Di="125" Dj="125"/>
    <GridDescription xmlns="" NumOfOctets="72" NV="0" PV="255" DataRepresentationType="0">
        <LatLonProjection Ni="116" Nj="13" Flags="128" ScanFlags="64" Reserved="0"/>
    </GridDescription>
    <BinaryData xmlns="" NumOfOctets="6032" FlagsAndUnused="12" BinaryScaleFactor="0" ReferenceValue="-100.223511" DatumPacked="1508" OptionalFlags="0">
        <TempDataArray>-3.82 -2.92 -2.02 -2.22 -2.32 -2.02 -1.72 -0.22 1.38 1.38 1.28 -0.02 -1.42 -3.72 -6.12 -5.22 -4.22 -3.22 -2.12 -2.22 -2.32 -3.22 -4.22 -4.92 -5.72 -5.42 -5.02 -4.92 -4.72 -4.42 -4.02 -3.92 -3.72 -3.72 -3.62 -2.02 -0.42 -0.92 -1.52 -2.52 -3.42 -2.82 -2.22 -2.82 -3.52 -3.32 -3.12 -2.72 -2.22 -2.02 -1.72 -1.62 -1.52 -1.52 -1.62 -2.02 -2.42 -2.72 -3.12 -5.62 -8.02 -6.42 -4.92 -4.62 -4.22 -5.02 -5.82 -4.72 -3.62 -3.52 -3.42 -4.22 -5.02 -5.42 -5.82 -5.22 -4.52 -4.22 -3.82 -4.12 -4.32 -3.82 -3.32 -5.02 -6.82 -5.62 -4.52 -3.12 -1.82 -1.52 -1.12 -1.62 -2.12 -2.42 -2.82 -3.22 -3.72 -3.72 -3.72 -3.22 -2.62 -2.32 -2.02 -1.32 -0.62 -0.12 0.38 0.58 0.68 0.68 0.68 0.88 1.08 1.08 1.08 0.38 -2.42 -2.82 -3.02 -2.42 -1.72 -1.82 -1.92 -0.42 1.08 1.18 1.38 0.38 -0.72 -2.82 -4.82 -4.42 -3.82 -2.92 -1.92 -2.02 -2.12 -3.42 -4.72 -5.62 -6.62 -6.02 -5.32 -5.02 -4.72 -4.72 -4.72 -4.42 -4.22 -4.32 -4.32 -2.92 -1.52 -2.22 -2.82 -3.32 -3.72 -3.02 -2.42 -2.72 -3.12 -2.82 -2.52 -2.12 -1.62 -1.42 -1.12 -1.02 -0.92 -1.22 -1.42 -2.52 -3.62 -3.92 -4.22 -6.32 -8.42 -6.82 -5.12 -4.42 -3.62 -4.62 -5.52 -4.52 -3.32 -3.32 -3.32 -4.42 -5.62 -5.32 -5.12 -4.82 -4.42 -4.72 -4.92 -5.42 -5.82 -5.52 -5.22 -6.22 -7.12 -6.02 -4.82 -3.52 -2.22 -1.52 -0.82 -1.32 -1.72 -2.02 -2.32 -2.62 -2.82 -2.82 -2.72 -2.32 -1.72 -1.62 -1.42 -0.92 -0.32 0.28 0.78 0.78 0.88 0.88 0.88 0.98 1.08 0.78 0.58 0.48 -1.12 -2.62 -4.12 -2.72 -1.22 -1.62 -2.12 -0.72 0.68 1.08 1.48 0.78 -0.02 -1.82 -3.62 -3.62 -3.52 -2.72 -1.82 -1.92 -2.02 -3.52 -5.12 -6.32 -7.52 -6.62 -5.62 -5.22 -4.82 -5.02 -5.32 -5.02 -4.72 -4.92 -5.02 -3.82 -2.62 -3.42 -4.22 -4.12 -4.02 -3.32 -2.62 -2.62 -2.72 -2.32 -2.02 -1.52 -1.02 -0.82 -0.62 -0.52 -0.42 -0.82 -1.32 -3.02 -4.82 -5.12 -5.32 -7.12 -8.92 -7.12 -5.32 -4.22 -3.12 -4.22 -5.32 -4.22 -3.12 -3.12 -3.22 -4.62 -6.12 -5.32 -4.42 -4.42 -4.42 -5.32 -6.12 -6.72 -7.32 -7.22 -7.12 -7.32 -7.52 -6.42 -5.22 -3.92 -2.72 -1.62 -0.62 -1.02 -1.42 -1.62 -1.82 -1.92 -2.02 -1.92 -1.82 -1.42 -0.92 -0.92 -0.92 -0.52 -0.02 0.58 1.18 1.08 0.98 1.08 1.08 0.98 0.98 0.48 -0.02 0.48 -1.02 -2.42 -3.82 -1.92 0.08 -0.12 -0.22 0.28 0.78 0.98 1.18 0.58 0.08 -1.32 -2.62 -2.82 -2.92 -2.52 -2.02 -2.02 -2.02 -3.82 -5.52 -6.92 -8.22 -7.02 -5.82 -5.02 -4.12 -4.32 -4.42 -4.42 -4.32 -4.82 -5.22 -4.42 -3.52 -3.92 -4.32 -3.92 -3.42 -2.72 -1.92 -2.02 -2.02 -2.02 -2.02 -1.72 -1.42 -1.32 -1.02 -0.82 -0.52 -0.82 -1.12 -3.62 -6.12 -6.12 -6.22 -7.02 -7.82 -6.72 -5.72 -4.32 -2.92 -3.82 -4.72 -4.32 -3.82 -4.02 -4.12 -5.62 -7.12 -6.22 -5.42 -6.02 -6.52 -7.02 -7.42 -7.42 -7.52 -7.52 -7.52 -7.52 -7.42 -6.42 -5.22 -3.82 -2.42 -1.52 -0.62 -0.82 -1.02 -1.42 -1.72 -2.12 -2.52 -2.72 -2.82 -1.72 -0.62 -0.32 -0.02 -0.02 0.08 0.58 1.08 1.08 1.18 1.08 1.08 0.88 0.68 0.48 0.38 0.58 -1.02 -2.32 -3.52 -1.12 1.28 1.48 1.58 1.18 0.88 0.88 0.88 0.48 0.08 -0.82 -1.72 -2.02 -2.42 -2.42 -2.32 -2.22 -2.12 -4.02 -5.92 -7.42 -8.92 -7.52 -6.02 -4.72 -3.52 -3.52 -3.62 -3.72 -3.92 -4.72 -5.52 -5.02 -4.52 -4.42 -4.42 -3.72 -2.92 -2.12 -1.32 -1.32 -1.32 -1.72 -2.02 -1.92 -1.92 -1.72 -1.52 -1.12 -0.72 -0.82 -1.02 -4.22 -7.42 -7.22 -7.02 -6.82 -6.72 -6.42 -6.12 -4.42 -2.72 -3.42 -4.12 -4.32 -4.62 -4.82 -5.02 -6.62 -8.12 -7.22 -6.42 -7.62 -8.72 -8.72 -8.72 -8.22 -7.72 -7.92 -8.02 -7.72 -7.42 -6.32 -5.32 -3.72 -2.22 -1.42 -0.62 -0.72 -0.72 -1.22 -1.72 -2.42 -3.02 -3.42 -3.82 -2.02 -0.32 0.18 0.78 0.48 0.18 0.58 0.98 1.08 1.28 1.18 1.08 0.68 0.38 0.58 0.68 0.68 -0.52 -1.12 -1.72 -0.12 1.48 1.88 2.18 1.88 1.58 1.88 2.28 1.88 1.48 0.38 -0.62 -1.32 -2.02 -2.12 -2.22 -2.12 -1.92 -3.72 -5.52 -7.02 -8.52 -7.32 -6.12 -4.72 -3.22 -3.12 -3.02 -3.12 -3.22 -4.42 -5.62 -5.22 -4.92 -4.62 -4.22 -3.82 -3.22 -2.72 -2.12 -2.02 -1.92 -2.22 -2.52 -2.52 -2.42 -2.22 -2.02 -1.82 -1.52 -1.62 -1.62 -4.52 -7.32 -7.32 -7.32 -6.22 -5.02 -5.12 -5.22 -4.12 -3.02 -3.72 -4.32 -4.72 -5.12 -4.92 -4.72 -6.12 -7.52 -7.52 -7.52 -8.42 -9.42 -9.12 -8.82 -8.62 -8.32 -8.52 -8.72 -8.12 -7.52 -6.22 -5.02 -3.22 -1.52 -1.12 -0.62 -0.82 -1.02 -1.62 -2.22 -2.72 -3.22 -3.52 -3.82 -2.12 -0.32 0.48 1.38 0.98 0.68 0.78 1.08 0.88 0.88 0.48 0.18 -0.12 -0.32 0.08 0.58 0.58 -0.02 -0.02 0.08 0.88 1.68 2.28 2.78 2.48 2.18 2.88 3.68 3.28 2.78 1.58 0.38 -0.62 -1.72 -1.92 -2.12 -2.02 -1.82 -3.42 -5.12 -6.62 -8.12 -7.12 -6.22 -4.62 -3.02 -2.72 -2.42 -2.52 -2.62 -4.12 -5.62 -5.52 -5.32 -4.72 -4.12 -3.92 -3.62 -3.32 -2.92 -2.72 -2.52 -2.82 -3.12 -3.02 -2.92 -2.72 -2.52 -2.42 -2.42 -2.32 -2.32 -4.72 -7.22 -7.42 -7.62 -5.52 -3.42 -3.92 -4.42 -3.82 -3.32 -4.02 -4.62 -5.12 -5.62 -5.02 -4.42 -5.72 -7.02 -7.82 -8.62 -9.32 -10.02 -9.42 -8.92 -8.92 -8.92 -9.12 -9.32 -8.52 -7.62 -6.12 -4.72 -2.72 -0.82 -0.72 -0.62 -1.02 -1.42 -2.02 -2.72 -3.12 -3.52 -3.62 -3.82 -2.12 -0.42 0.68 1.88 1.48 1.08 1.08 1.08 0.68 0.38 -0.22 -0.82 -0.92 -1.12 -0.32 0.38 0.48 0.68 0.58 0.68 0.68 0.88 1.98 3.18 2.68 2.18 2.88 3.58 3.38 3.18 1.78 0.48 -0.52 -1.42 -1.62 -1.72 -1.62 -1.52 -2.72 -3.82 -5.42 -7.02 -6.62 -6.12 -4.72 -3.32 -3.02 -2.72 -2.92 -3.02 -4.42 -5.72 -5.52 -5.32 -4.72 -4.12 -3.82 -3.52 -3.62 -3.62 -3.72 -3.72 -3.82 -3.82 -3.62 -3.32 -3.22 -3.12 -3.22 -3.22 -3.02 -2.82 -4.82 -6.82 -7.12 -7.52 -5.52 -3.42 -3.32 -3.22 -3.12 -3.12 -4.12 -5.02 -5.22 -5.32 -4.52 -3.72 -5.02 -6.22 -7.32 -8.42 -9.02 -9.72 -9.22 -8.72 -8.92 -9.12 -9.32 -9.52 -8.52 -7.52 -6.32 -5.02 -3.42 -1.82 -1.62 -1.32 -1.82 -2.32 -3.02 -3.72 -3.62 -3.52 -3.62 -3.72 -2.12 -0.42 0.68 1.88 1.58 1.28 1.08 0.98 0.48 0.18 -0.32 -0.72 -0.72 -0.62 -0.02 0.58 0.58 1.28 1.18 1.18 0.58 -0.02 1.68 3.48 2.78 2.08 2.78 3.48 3.48 3.48 2.08 0.58 -0.32 -1.22 -1.32 -1.42 -1.32 -1.22 -1.92 -2.62 -4.32 -6.02 -6.02 -6.02 -4.82 -3.62 -3.32 -3.12 -3.32 -3.52 -4.72 -5.82 -5.52 -5.32 -4.72 -4.12 -3.82 -3.42 -3.82 -4.32 -4.62 -4.92 -4.72 -4.62 -4.12 -3.72 -3.72 -3.72 -3.92 -4.12 -3.72 -3.42 -4.92 -6.42 -6.92 -7.42 -5.52 -3.52 -2.82 -2.02 -2.42 -2.92 -4.12 -5.42 -5.22 -5.12 -4.12 -3.02 -4.22 -5.42 -6.82 -8.32 -8.82 -9.32 -8.92 -8.62 -9.02 -9.32 -9.62 -9.82 -8.62 -7.42 -6.42 -5.42 -4.22 -2.92 -2.52 -2.12 -2.72 -3.22 -4.02 -4.82 -4.12 -3.52 -3.52 -3.62 -2.12 -0.52 0.58 1.78 1.58 1.48 1.08 0.78 0.28 -0.12 -0.42 -0.72 -0.42 -0.12 0.28 0.68 0.78 0.48 0.48 0.58 0.08 -0.32 1.18 2.88 2.98 3.28 3.18 3.08 2.68 2.28 1.18 0.08 -0.62 -1.22 -1.32 -1.52 -1.52 -1.42 -1.52 -1.62 -3.22 -4.72 -5.62 -6.52 -5.62 -4.72 -4.52 -4.32 -4.72 -5.12 -5.62 -6.12 -5.82 -5.62 -5.32 -4.92 -4.42 -3.82 -4.12 -4.42 -4.72 -4.92 -4.62 -4.32 -4.02 -3.62 -3.72 -3.72 -3.82 -3.92 -3.62 -3.32 -4.52 -5.62 -6.42 -7.32 -5.92 -4.52 -3.52 -2.32 -2.62 -2.92 -4.32 -5.62 -5.42 -5.22 -5.12 -4.82 -5.42 -5.92 -6.62 -7.22 -7.92 -8.52 -8.12 -7.62 -8.52 -9.42 -9.52 -9.72 -8.12 -6.62 -5.92 -5.12 -4.62 -4.02 -3.62 -3.22 -3.72 -4.22 -4.52 -4.92 -4.22 -3.62 -3.32 -3.12 -1.82 -0.42 0.58 1.78 1.58 1.38 0.88 0.48 0.28 0.18 -0.02 -0.22 -0.02 0.28 0.38 0.48 0.38 -0.42 -0.32 -0.12 -0.42 -0.72 0.68 2.18 3.28 4.38 3.48 2.58 1.88 1.08 0.28 -0.52 -0.82 -1.22 -1.42 -1.62 -1.62 -1.62 -1.22 -0.72 -2.12 -3.52 -5.32 -7.12 -6.42 -5.72 -5.62 -5.52 -6.12 -6.72 -6.62 -6.42 -6.12 -5.92 -5.92 -5.82 -5.12 -4.32 -4.42 -4.62 -4.82 -4.92 -4.52 -4.12 -3.82 -3.52 -3.72 -3.82 -3.82 -3.72 -3.52 -3.32 -4.12 -4.82 -6.02 -7.22 -6.42 -5.62 -4.22 -2.72 -2.92 -3.02 -4.42 -5.82 -5.62 -5.42 -6.12 -6.72 -6.62 -6.52 -6.32 -6.12 -6.92 -7.72 -7.22 -6.72 -8.12 -9.42 -9.52 -9.52 -7.62 -5.82 -5.32 -4.92 -5.02 -5.12 -4.82 -4.42 -4.82 -5.12 -5.12 -5.02 -4.32 -3.72 -3.12 -2.62 -1.52 -0.42 0.58 1.68 1.48 1.28 0.78 0.18 0.28 0.38 0.28 0.28 0.48 0.68 0.38 0.18 -0.02 -0.82 -1.02 -1.02 -1.32 -1.62 -0.42 0.78 2.08 3.48 2.98 2.48 1.78 1.08 0.38 -0.32 -0.82 -1.22 -1.62 -1.92 -1.92 -1.92 -1.62 -1.22 -2.72 -4.12 -6.12 -8.02 -7.42 -6.72 -6.42 -6.02 -6.62 -7.12 -6.92 -6.72 -6.52 -6.32 -6.02 -5.72 -5.12 -4.42 -4.52 -4.62 -4.92 -5.22 -4.82 -4.42 -4.32 -4.12 -4.22 -4.22 -4.02 -3.72 -3.52 -3.32 -3.82 -4.22 -5.42 -6.52 -6.42 -6.32 -5.02 -3.62 -3.82 -3.92 -4.62 -5.32 -5.12 -4.82 -5.62 -6.42 -6.82 -7.12 -6.92 -6.62 -7.12 -7.62 -7.42 -7.22 -8.22 -9.22 -9.02 -8.92 -7.02 -5.22 -4.82 -4.42 -4.62 -4.72 -4.42 -4.12 -4.42 -4.72 -4.72 -4.72 -4.32 -3.82 -3.22 -2.62 -1.52 -0.52 0.28 1.08 0.98 0.88 0.38 -0.22 -0.12 0.08 0.28 0.58 0.78 1.08 0.78 0.58 0.38 -1.32 -1.72 -2.02 -2.22 -2.52 -1.62 -0.72 0.88 2.58 2.48 2.38 1.68 0.98 0.38 -0.12 -0.72 -1.32 -1.82 -2.32 -2.32 -2.22 -2.02 -1.82 -3.32 -4.82 -6.82 -8.92 -8.32 -7.72 -7.12 -6.52 -7.02 -7.62 -7.32 -7.02 -6.92 -6.72 -6.22 -5.72 -5.12 -4.52 -4.52 -4.62 -5.12 -5.52 -5.12 -4.82 -4.82 -4.82 -4.82 -4.72 -4.22 -3.72 -3.52 -3.32 -3.52 -3.72 -4.72 -5.82 -6.42 -7.02 -5.82 -4.62 -4.72 -4.82 -4.82 -4.92 -4.62 -4.32 -5.22 -6.12 -6.92 -7.82 -7.42 -7.12 -7.32 -7.52 -7.72 -7.82 -8.42 -9.02 -8.62 -8.22 -6.42 -4.72 -4.42 -4.02 -4.12 -4.22 -4.02 -3.82 -4.12 -4.42 -4.42 -4.52 -4.22 -3.92 -3.22 -2.62 -1.62 -0.62 -0.12 0.48 0.48 0.48 -0.12 -0.62 -0.42 -0.22 0.28 0.88 1.18 1.48 1.28 0.98 0.88 </TempDataArray>
    </BinaryData>
    <End xmlns="" EndString="7777"/>
</gribObject>
