<?xml version="1.0" encoding="UTF-8" standalone="yes"?>
<gribObject xmlns:xsi="http://www.w3.org/2001/XMLSchema-instance" xmlns:xsd="http://www.w3.org/2001/XMLSchema" xmlns="http://c4i.mlt/ICDU/schema" ForecastTime="2025-09-26T12:00:00.000Z" RunTime="2025-09-26T12:00:00.000Z" ParameterName="V component of wind" FileName="newsingapore">
    <Indicator xmlns="" GribHeader="GRIB" NumOfOctets="21" GribType="2"/>
    <ProductDefinition xmlns="" NumOfOctets="4" ParamTableVersion="2" OrigCenter="7" ProcessID="81" GridID="36" GDS_BDS_Flag="128" ParamAndUnits="132" LevelType="0" Level="100" ReferenceTime="26" Month="9" Day="26" Hour="12" Minute="0" ForecastTimeUnits="1" PeriodOfTime1="12" PeriodOfTime2="0" TimeRangeIndicator="1" NumInAverage="-2" NumMissingAverage="0" CenturyOfReference="21" SubcenterID="0" DecimalScaleFactor="2" Reserved1="0" Lat1="-11000" Lon1="91000" Lat2="-9500" Lon2="105375" Di="125" Dj="125"/>
    <GridDescription xmlns="" NumOfOctets="72" NV="0" PV="255" DataRepresentationType="0">
        <LatLonProjection Ni="116" Nj="13" Flags="128" ScanFlags="64" Reserved="0"/>
    </GridDescription>
    <BinaryData xmlns="" NumOfOctets="6032" FlagsAndUnused="12" BinaryScaleFactor="0" ReferenceValue="-699.920410" DatumPacked="1508" OptionalFlags="0">
        <TempDataArray>-3.93 -3.95 -3.96 -3.61 -3.27 -3.04 -2.81 -2.30 -1.79 -1.34 -0.90 -0.62 -0.34 -0.33 -0.32 -0.33 -0.34 -0.34 -0.35 -0.15 0.04 0.03 0.03 -0.38 -0.79 -0.70 -0.61 -0.68 -0.75 -0.91 -1.08 -0.93 -0.78 -0.60 -0.43 -0.47 -0.50 -0.77 -1.03 -0.99 -0.95 -1.10 -1.25 -1.35 -1.45 -1.11 -0.76 -0.71 -0.65 -0.97 -1.28 -1.39 -1.50 -1.65 -1.80 -1.54 -1.27 -0.93 -0.59 -0.80 -1.01 -1.02 -1.02 -0.87 -0.72 -0.95 -1.18 -1.69 -2.20 -2.32 -2.43 -2.46 -2.50 -2.77 -3.03 -3.17 -3.30 -3.42 -3.53 -3.67 -3.81 -3.65 -3.48 -3.33 -3.17 -2.96 -2.74 -2.36 -1.98 -1.71 -1.44 -1.48 -1.53 -1.37 -1.21 -1.49 -1.77 -1.63 -1.50 -1.10 -0.71 -0.50 -0.29 -0.02 0.25 0.46 0.67 0.54 0.41 0.55 0.69 0.90 1.11 1.15 1.20 1.31 -2.75 -2.82 -2.88 -3.01 -3.13 -3.06 -2.99 -2.53 -2.07 -1.66 -1.25 -1.01 -0.77 -0.83 -0.87 -0.84 -0.81 -0.72 -0.63 -0.54 -0.45 -0.71 -0.97 -1.41 -1.84 -1.61 -1.37 -1.33 -1.28 -1.34 -1.39 -1.35 -1.31 -1.36 -1.41 -1.53 -1.65 -1.81 -1.97 -1.77 -1.57 -1.42 -1.26 -1.18 -1.09 -0.86 -0.62 -0.63 -0.62 -0.92 -1.21 -1.44 -1.66 -1.88 -2.09 -2.02 -1.93 -1.55 -1.17 -1.12 -1.08 -1.01 -0.93 -0.90 -0.87 -1.21 -1.54 -2.02 -2.49 -2.57 -2.65 -2.70 -2.75 -2.87 -2.99 -3.08 -3.16 -3.30 -3.44 -3.51 -3.57 -3.52 -3.46 -3.35 -3.24 -2.89 -2.53 -2.18 -1.82 -1.65 -1.47 -1.53 -1.60 -1.54 -1.47 -1.57 -1.67 -1.56 -1.44 -1.15 -0.85 -0.72 -0.59 -0.32 -0.05 0.36 0.78 0.78 0.78 0.91 1.06 1.23 1.42 1.44 1.46 1.51 -1.57 -1.69 -1.80 -2.40 -3.00 -3.09 -3.18 -2.77 -2.36 -1.98 -1.60 -1.41 -1.21 -1.32 -1.43 -1.36 -1.29 -1.10 -0.92 -0.93 -0.94 -1.46 -1.97 -2.43 -2.89 -2.51 -2.14 -1.98 -1.82 -1.76 -1.70 -1.77 -1.85 -2.12 -2.39 -2.60 -2.81 -2.86 -2.91 -2.55 -2.19 -1.73 -1.27 -1.00 -0.73 -0.61 -0.49 -0.54 -0.60 -0.88 -1.15 -1.49 -1.83 -2.11 -2.39 -2.50 -2.60 -2.17 -1.75 -1.45 -1.15 -1.00 -0.84 -0.94 -1.03 -1.46 -1.90 -2.35 -2.79 -2.83 -2.88 -2.94 -3.00 -2.97 -2.95 -2.99 -3.03 -3.19 -3.35 -3.34 -3.33 -3.39 -3.44 -3.38 -3.31 -2.82 -2.33 -2.00 -1.67 -1.58 -1.50 -1.58 -1.67 -1.70 -1.74 -1.66 -1.58 -1.48 -1.39 -1.19 -1.00 -0.94 -0.89 -0.62 -0.36 0.27 0.89 1.01 1.14 1.28 1.42 1.57 1.72 1.72 1.71 1.70 -1.96 -2.36 -2.76 -3.40 -4.04 -4.13 -4.22 -3.60 -2.99 -2.57 -2.15 -2.23 -2.30 -2.39 -2.49 -2.40 -2.31 -2.09 -1.86 -1.79 -1.70 -1.94 -2.18 -2.57 -2.95 -2.59 -2.22 -2.02 -1.81 -1.79 -1.77 -1.93 -2.09 -2.42 -2.74 -2.89 -3.03 -2.92 -2.79 -2.55 -2.29 -2.05 -1.79 -1.83 -1.86 -1.90 -1.94 -1.83 -1.71 -1.72 -1.71 -1.88 -2.03 -2.25 -2.45 -2.52 -2.58 -2.39 -2.19 -2.02 -1.84 -1.73 -1.62 -1.66 -1.69 -1.91 -2.13 -2.52 -2.91 -3.12 -3.32 -3.40 -3.48 -3.25 -3.02 -3.04 -3.05 -3.27 -3.47 -3.35 -3.23 -3.38 -3.52 -3.48 -3.42 -2.83 -2.23 -1.93 -1.62 -1.49 -1.36 -1.35 -1.34 -1.40 -1.46 -1.45 -1.44 -1.34 -1.23 -0.93 -0.62 -0.50 -0.39 -0.28 -0.17 0.22 0.62 0.88 1.14 1.27 1.41 1.51 1.62 1.69 1.76 1.76 -2.36 -3.04 -3.72 -4.41 -5.09 -5.18 -5.26 -4.44 -3.62 -3.16 -2.71 -3.05 -3.39 -3.47 -3.55 -3.44 -3.33 -3.07 -2.81 -2.64 -2.47 -2.43 -2.40 -2.70 -3.01 -2.66 -2.31 -2.05 -1.80 -1.82 -1.85 -2.10 -2.34 -2.72 -3.09 -3.18 -3.26 -2.97 -2.68 -2.54 -2.40 -2.36 -2.32 -2.65 -2.99 -3.19 -3.39 -3.11 -2.83 -2.56 -2.28 -2.26 -2.24 -2.38 -2.52 -2.55 -2.57 -2.61 -2.64 -2.58 -2.53 -2.47 -2.41 -2.38 -2.36 -2.36 -2.37 -2.70 -3.03 -3.40 -3.76 -3.86 -3.96 -3.53 -3.10 -3.09 -3.08 -3.34 -3.60 -3.36 -3.13 -3.37 -3.61 -3.58 -3.54 -2.84 -2.14 -1.86 -1.58 -1.40 -1.23 -1.12 -1.02 -1.10 -1.18 -1.24 -1.30 -1.19 -1.08 -0.66 -0.24 -0.06 0.11 0.07 0.02 0.18 0.35 0.74 1.14 1.27 1.40 1.45 1.51 1.66 1.80 1.83 -3.17 -3.65 -4.12 -4.53 -4.93 -5.01 -5.08 -4.57 -4.06 -3.74 -3.42 -3.66 -3.90 -3.79 -3.67 -3.61 -3.55 -3.60 -3.65 -3.48 -3.30 -3.39 -3.48 -3.62 -3.76 -3.37 -2.98 -2.76 -2.54 -2.49 -2.44 -2.63 -2.80 -3.04 -3.27 -3.42 -3.56 -3.42 -3.28 -3.23 -3.17 -3.29 -3.40 -3.67 -3.94 -4.04 -4.14 -3.90 -3.66 -3.39 -3.12 -2.93 -2.75 -2.76 -2.78 -2.91 -3.04 -3.14 -3.24 -3.24 -3.25 -3.31 -3.36 -3.29 -3.23 -2.90 -2.58 -2.71 -2.84 -3.27 -3.70 -3.79 -3.88 -3.73 -3.57 -3.54 -3.51 -3.49 -3.47 -3.24 -3.01 -3.26 -3.51 -3.45 -3.38 -2.67 -1.96 -1.91 -1.86 -1.73 -1.58 -1.39 -1.19 -1.11 -1.03 -1.01 -1.00 -0.95 -0.90 -0.54 -0.18 0.00 0.18 0.24 0.30 0.38 0.47 0.69 0.92 1.04 1.15 1.29 1.43 1.51 1.58 1.58 -3.98 -4.25 -4.52 -4.65 -4.77 -4.84 -4.91 -4.71 -4.51 -4.32 -4.13 -4.28 -4.42 -4.11 -3.79 -3.78 -3.77 -4.13 -4.49 -4.31 -4.14 -4.35 -4.56 -4.54 -4.51 -4.08 -3.66 -3.47 -3.28 -3.16 -3.04 -3.15 -3.27 -3.36 -3.45 -3.66 -3.86 -3.88 -3.89 -3.92 -3.95 -4.22 -4.48 -4.68 -4.89 -4.88 -4.88 -4.69 -4.49 -4.23 -3.96 -3.61 -3.25 -3.14 -3.04 -3.28 -3.51 -3.68 -3.84 -3.90 -3.96 -4.14 -4.32 -4.20 -4.09 -3.44 -2.79 -2.72 -2.65 -3.15 -3.64 -3.72 -3.80 -3.93 -4.05 -4.00 -3.94 -3.64 -3.34 -3.11 -2.89 -3.15 -3.41 -3.31 -3.22 -2.50 -1.78 -1.97 -2.15 -2.05 -1.94 -1.65 -1.36 -1.12 -0.88 -0.79 -0.70 -0.72 -0.73 -0.43 -0.12 0.06 0.25 0.41 0.57 0.58 0.58 0.64 0.70 0.80 0.90 1.12 1.35 1.36 1.36 1.33 -3.81 -4.16 -4.51 -4.70 -4.90 -4.69 -4.49 -4.40 -4.30 -4.41 -4.52 -4.69 -4.87 -4.60 -4.33 -4.26 -4.18 -4.47 -4.74 -4.64 -4.53 -4.57 -4.61 -4.64 -4.68 -4.65 -4.62 -4.38 -4.15 -3.83 -3.50 -3.37 -3.24 -3.43 -3.62 -4.06 -4.49 -4.57 -4.64 -4.53 -4.42 -4.38 -4.33 -4.49 -4.64 -4.79 -4.94 -4.70 -4.47 -4.13 -3.79 -3.59 -3.38 -3.29 -3.19 -3.30 -3.40 -3.54 -3.68 -3.75 -3.82 -3.98 -4.14 -4.05 -3.95 -3.53 -3.10 -2.94 -2.78 -3.08 -3.38 -3.54 -3.68 -3.82 -3.94 -3.81 -3.68 -3.24 -2.79 -2.44 -2.08 -2.33 -2.57 -2.38 -2.20 -1.78 -1.35 -1.50 -1.64 -1.48 -1.31 -0.96 -0.59 -0.50 -0.41 -0.22 -0.02 -0.14 -0.25 -0.23 -0.20 -0.19 -0.17 -0.10 -0.03 -0.03 -0.03 0.09 0.21 0.39 0.57 0.74 0.90 0.93 0.96 1.01 -3.65 -4.07 -4.49 -4.76 -5.03 -4.55 -4.07 -4.08 -4.09 -4.50 -4.90 -5.11 -5.31 -5.09 -4.87 -4.73 -4.60 -4.80 -5.00 -4.97 -4.93 -4.79 -4.66 -4.75 -4.85 -5.21 -5.57 -5.30 -5.03 -4.49 -3.95 -3.58 -3.21 -3.51 -3.80 -4.46 -5.12 -5.26 -5.40 -5.15 -4.89 -4.54 -4.19 -4.29 -4.39 -4.70 -5.00 -4.72 -4.44 -4.03 -3.62 -3.57 -3.52 -3.43 -3.34 -3.32 -3.30 -3.41 -3.52 -3.60 -3.68 -3.82 -3.96 -3.89 -3.81 -3.62 -3.42 -3.16 -2.91 -3.02 -3.13 -3.35 -3.57 -3.71 -3.84 -3.63 -3.42 -2.83 -2.24 -1.76 -1.28 -1.51 -1.73 -1.45 -1.18 -1.05 -0.92 -1.03 -1.14 -0.92 -0.69 -0.26 0.17 0.11 0.05 0.36 0.66 0.44 0.23 -0.03 -0.29 -0.44 -0.59 -0.61 -0.63 -0.64 -0.64 -0.46 -0.28 -0.02 0.24 0.35 0.45 0.50 0.55 0.69 -3.36 -3.43 -3.51 -3.99 -4.46 -4.29 -4.12 -4.01 -3.90 -4.53 -5.16 -5.50 -5.84 -5.46 -5.08 -4.85 -4.62 -4.60 -4.60 -4.57 -4.54 -4.48 -4.42 -4.55 -4.68 -5.15 -5.61 -5.38 -5.16 -4.63 -4.09 -3.70 -3.30 -3.35 -3.40 -3.93 -4.47 -4.77 -5.08 -5.00 -4.91 -4.60 -4.29 -4.44 -4.58 -4.81 -5.04 -4.90 -4.76 -4.54 -4.32 -4.24 -4.14 -3.91 -3.67 -3.69 -3.71 -3.79 -3.87 -3.87 -3.87 -3.87 -3.87 -3.84 -3.80 -3.67 -3.53 -3.29 -3.04 -3.11 -3.17 -3.31 -3.43 -3.44 -3.44 -3.09 -2.72 -2.12 -1.52 -1.24 -0.95 -1.16 -1.38 -1.13 -0.87 -0.88 -0.88 -1.22 -1.56 -1.51 -1.46 -0.83 -0.19 -0.11 -0.03 0.11 0.25 -0.06 -0.37 -0.49 -0.60 -0.71 -0.82 -0.73 -0.63 -0.65 -0.67 -0.68 -0.70 -0.62 -0.53 -0.39 -0.25 -0.12 0.02 0.18 -3.07 -2.80 -2.53 -3.21 -3.89 -4.03 -4.16 -3.93 -3.70 -4.56 -5.42 -5.90 -6.37 -5.83 -5.30 -4.96 -4.63 -4.41 -4.19 -4.18 -4.16 -4.17 -4.18 -4.35 -4.52 -5.08 -5.65 -5.47 -5.29 -4.77 -4.24 -3.81 -3.39 -3.20 -3.00 -3.41 -3.81 -4.28 -4.75 -4.85 -4.94 -4.67 -4.40 -4.58 -4.77 -4.92 -5.08 -5.08 -5.07 -5.05 -5.03 -4.90 -4.77 -4.39 -4.01 -4.07 -4.12 -4.17 -4.22 -4.14 -4.06 -3.92 -3.79 -3.80 -3.80 -3.73 -3.65 -3.41 -3.18 -3.20 -3.22 -3.26 -3.30 -3.18 -3.05 -2.54 -2.03 -1.41 -0.80 -0.71 -0.62 -0.82 -1.03 -0.80 -0.57 -0.71 -0.85 -1.41 -1.98 -2.10 -2.23 -1.39 -0.56 -0.33 -0.11 -0.14 -0.16 -0.57 -0.98 -0.94 -0.91 -0.99 -1.06 -0.85 -0.64 -0.67 -0.70 -0.91 -1.12 -1.21 -1.31 -1.13 -0.96 -0.74 -0.52 -0.34 -5.03 -4.48 -3.93 -3.87 -3.81 -3.84 -3.85 -3.92 -3.99 -4.60 -5.21 -5.45 -5.68 -5.63 -5.58 -5.50 -5.41 -4.99 -4.58 -4.50 -4.42 -4.46 -4.50 -4.69 -4.89 -5.17 -5.45 -5.26 -5.06 -4.84 -4.61 -4.41 -4.20 -3.88 -3.55 -3.72 -3.88 -4.20 -4.51 -4.65 -4.79 -4.78 -4.77 -4.87 -4.98 -5.04 -5.10 -5.13 -5.16 -5.31 -5.47 -5.49 -5.50 -4.99 -4.47 -4.38 -4.29 -4.48 -4.66 -4.60 -4.54 -4.30 -4.06 -3.94 -3.82 -3.72 -3.61 -3.44 -3.26 -3.25 -3.23 -3.20 -3.17 -2.97 -2.77 -2.32 -1.86 -1.37 -0.88 -0.92 -0.96 -1.08 -1.20 -1.00 -0.78 -0.79 -0.80 -1.18 -1.56 -1.75 -1.93 -1.25 -0.56 -0.40 -0.23 -0.20 -0.16 -0.31 -0.44 -0.48 -0.52 -0.93 -1.34 -1.38 -1.42 -1.34 -1.25 -1.42 -1.59 -1.61 -1.62 -1.34 -1.06 -0.94 -0.82 -0.61 -7.00 -6.16 -5.32 -4.53 -3.74 -3.65 -3.55 -3.91 -4.28 -4.64 -5.00 -4.99 -4.99 -5.42 -5.86 -6.03 -6.20 -5.58 -4.96 -4.82 -4.68 -4.75 -4.82 -5.03 -5.25 -5.25 -5.25 -5.05 -4.84 -4.91 -4.98 -5.00 -5.02 -4.57 -4.11 -4.04 -3.96 -4.11 -4.26 -4.45 -4.63 -4.88 -5.13 -5.16 -5.19 -5.16 -5.13 -5.19 -5.25 -5.58 -5.91 -6.07 -6.24 -5.58 -4.92 -4.69 -4.46 -4.79 -5.11 -5.07 -5.02 -4.68 -4.33 -4.09 -3.84 -3.71 -3.58 -3.46 -3.35 -3.30 -3.24 -3.14 -3.04 -2.76 -2.49 -2.09 -1.69 -1.32 -0.96 -1.13 -1.30 -1.34 -1.38 -1.19 -1.00 -0.88 -0.75 -0.95 -1.15 -1.39 -1.64 -1.10 -0.57 -0.46 -0.36 -0.27 -0.17 -0.04 0.09 -0.02 -0.13 -0.88 -1.63 -1.92 -2.20 -2.00 -1.81 -1.94 -2.07 -2.00 -1.94 -1.55 -1.16 -1.15 -1.13 -0.89 </TempDataArray>
    </BinaryData>
    <End xmlns="" EndString="7777"/>
</gribObject>
