<?xml version="1.0" encoding="UTF-8" standalone="yes"?>
<gribObject xmlns:xsi="http://www.w3.org/2001/XMLSchema-instance" xmlns:xsd="http://www.w3.org/2001/XMLSchema" xmlns="http://c4i.mlt/ICDU/schema" ForecastTime="2025-09-27T12:00:00.000Z" RunTime="2025-09-27T12:00:00.000Z" ParameterName="U component of wind" FileName="newsingapore">
    <Indicator xmlns="" GribHeader="GRIB" NumOfOctets="21" GribType="2"/>
    <ProductDefinition xmlns="" NumOfOctets="4" ParamTableVersion="2" OrigCenter="7" ProcessID="81" GridID="36" GDS_BDS_Flag="128" ParamAndUnits="131" LevelType="0" Level="300" ReferenceTime="27" Month="9" Day="27" Hour="12" Minute="0" ForecastTimeUnits="1" PeriodOfTime1="12" PeriodOfTime2="0" TimeRangeIndicator="1" NumInAverage="-5" NumMissingAverage="0" CenturyOfReference="21" SubcenterID="0" DecimalScaleFactor="1" Reserved1="0" Lat1="-11000" Lon1="91000" Lat2="-9500" Lon2="105375" Di="125" Dj="125"/>
    <GridDescription xmlns="" NumOfOctets="72" NV="0" PV="255" DataRepresentationType="0">
        <LatLonProjection Ni="116" Nj="13" Flags="128" ScanFlags="64" Reserved="0"/>
    </GridDescription>
    <BinaryData xmlns="" NumOfOctets="6032" FlagsAndUnused="12" BinaryScaleFactor="0" ReferenceValue="-136.803711" DatumPacked="1508" OptionalFlags="0">
        <TempDataArray>-10.98 -9.78 -8.58 -8.28 -8.08 -8.98 -9.98 -10.08 -10.18 -9.68 -9.18 -8.38 -7.48 -5.68 -3.78 -3.58 -3.38 -4.68 -5.98 -6.08 -6.28 -5.88 -5.38 -5.28 -5.18 -4.78 -4.38 -4.28 -4.28 -3.28 -2.28 -2.98 -3.68 -4.18 -4.58 -4.98 -5.28 -4.98 -4.78 -4.18 -3.58 -2.88 -2.08 -1.88 -1.68 -2.08 -2.48 -2.78 -3.18 -2.78 -2.48 -2.58 -2.58 -2.18 -1.88 -1.88 -1.88 -2.38 -2.88 -2.98 -2.98 -3.38 -3.78 -3.78 -3.78 -3.78 -3.78 -4.08 -4.38 -4.58 -4.78 -5.38 -5.98 -5.98 -6.08 -5.18 -4.28 -5.28 -6.18 -5.68 -5.28 -4.88 -4.58 -4.28 -3.98 -3.88 -3.68 -3.28 -2.88 -2.88 -2.88 -3.58 -4.28 -4.08 -3.98 -2.88 -1.88 -1.88 -1.88 -1.68 -1.48 -1.08 -0.58 -0.28 0.02 0.72 1.42 1.82 2.12 1.52 0.92 0.42 -0.08 -0.28 -0.38 -0.18 -12.08 -11.28 -10.48 -9.68 -8.98 -9.68 -10.38 -10.28 -10.18 -9.28 -8.38 -7.28 -6.18 -5.08 -3.98 -4.28 -4.38 -5.18 -5.88 -6.08 -6.28 -6.18 -5.88 -5.88 -5.88 -5.18 -4.58 -4.08 -3.58 -3.18 -2.68 -3.48 -4.18 -4.58 -4.78 -5.08 -5.28 -4.98 -4.68 -3.98 -3.28 -2.78 -2.18 -2.28 -2.28 -2.58 -2.88 -3.18 -3.48 -3.08 -2.58 -2.58 -2.58 -2.28 -1.98 -2.18 -2.28 -2.48 -2.68 -3.08 -3.48 -3.78 -3.98 -4.08 -4.08 -4.28 -4.38 -4.38 -4.38 -4.78 -5.18 -5.88 -6.48 -6.48 -6.38 -5.68 -4.98 -5.38 -5.78 -5.78 -5.68 -5.48 -5.18 -5.28 -5.28 -4.98 -4.58 -4.18 -3.78 -3.58 -3.38 -3.98 -4.48 -4.48 -4.38 -3.48 -2.48 -2.28 -2.08 -1.98 -1.78 -1.58 -1.38 -0.98 -0.58 0.32 1.22 1.62 2.12 1.52 1.02 0.42 -0.18 -0.28 -0.38 -0.08 -13.18 -12.78 -12.38 -11.08 -9.88 -10.38 -10.78 -10.48 -10.18 -8.98 -7.68 -6.28 -4.88 -4.58 -4.28 -4.88 -5.48 -5.58 -5.78 -6.08 -6.38 -6.48 -6.48 -6.48 -6.58 -5.68 -4.78 -3.88 -2.98 -3.08 -3.08 -3.98 -4.78 -4.98 -5.08 -5.28 -5.38 -4.98 -4.58 -3.78 -2.98 -2.68 -2.38 -2.68 -2.88 -3.18 -3.38 -3.58 -3.88 -3.28 -2.68 -2.68 -2.68 -2.38 -2.08 -2.38 -2.78 -2.68 -2.58 -3.28 -3.98 -4.18 -4.28 -4.38 -4.48 -4.78 -5.08 -4.78 -4.48 -5.08 -5.58 -6.38 -7.08 -6.88 -6.68 -6.18 -5.68 -5.58 -5.48 -5.78 -6.18 -5.98 -5.88 -6.28 -6.68 -6.08 -5.58 -5.08 -4.68 -4.28 -3.88 -4.28 -4.78 -4.88 -4.88 -4.08 -3.18 -2.78 -2.28 -2.28 -2.18 -2.18 -2.18 -1.68 -1.28 -0.18 0.92 1.52 2.02 1.52 1.02 0.42 -0.28 -0.38 -0.38 0.02 -12.58 -12.58 -12.58 -11.78 -10.88 -10.58 -10.28 -9.78 -9.38 -8.68 -7.98 -7.08 -6.08 -6.08 -5.98 -6.28 -6.58 -6.38 -6.18 -6.28 -6.48 -6.38 -6.28 -6.38 -6.38 -5.68 -4.88 -4.18 -3.38 -3.88 -4.38 -4.78 -5.18 -5.18 -5.18 -5.48 -5.58 -4.98 -4.38 -3.68 -2.98 -3.08 -3.08 -3.28 -3.38 -3.68 -3.98 -4.08 -4.08 -3.48 -2.88 -2.98 -2.98 -2.68 -2.28 -2.58 -2.88 -2.98 -3.08 -3.78 -4.38 -4.68 -4.88 -5.08 -5.08 -5.28 -5.48 -5.18 -4.88 -5.58 -6.18 -6.58 -6.98 -6.58 -6.18 -5.78 -5.38 -5.78 -6.18 -6.68 -7.28 -7.08 -6.88 -6.98 -6.98 -6.58 -6.08 -5.68 -5.28 -4.98 -4.58 -4.78 -4.98 -4.58 -4.18 -3.68 -3.08 -3.28 -3.38 -2.98 -2.48 -2.28 -1.98 -1.48 -0.98 -0.38 0.32 0.72 1.12 0.72 0.32 -0.08 -0.38 -0.48 -0.58 -0.28 -11.88 -12.28 -12.78 -12.38 -11.98 -10.88 -9.78 -9.18 -8.48 -8.38 -8.28 -7.78 -7.28 -7.48 -7.68 -7.68 -7.68 -7.08 -6.58 -6.58 -6.58 -6.38 -6.18 -6.18 -6.18 -5.68 -5.08 -4.48 -3.78 -4.78 -5.78 -5.68 -5.58 -5.48 -5.38 -5.68 -5.88 -5.08 -4.18 -3.68 -3.08 -3.48 -3.78 -3.88 -3.98 -4.28 -4.68 -4.48 -4.28 -3.68 -3.18 -3.28 -3.28 -2.98 -2.58 -2.78 -3.08 -3.28 -3.58 -4.28 -4.88 -5.28 -5.58 -5.68 -5.78 -5.88 -5.98 -5.58 -5.28 -6.08 -6.88 -6.88 -6.88 -6.28 -5.68 -5.48 -5.18 -5.98 -6.88 -7.68 -8.38 -8.08 -7.88 -7.68 -7.38 -6.98 -6.58 -6.28 -5.98 -5.58 -5.28 -5.18 -5.18 -4.38 -3.48 -3.28 -3.08 -3.78 -4.48 -3.68 -2.88 -2.28 -1.78 -1.28 -0.78 -0.48 -0.28 0.02 0.22 -0.08 -0.48 -0.48 -0.58 -0.68 -0.78 -0.58 -11.38 -11.88 -12.28 -11.88 -11.58 -10.78 -9.98 -9.38 -8.68 -8.48 -8.18 -8.18 -7.98 -8.28 -8.58 -8.58 -8.58 -7.88 -7.08 -6.88 -6.58 -6.48 -6.28 -6.38 -6.28 -5.78 -5.08 -4.98 -4.78 -5.48 -6.08 -5.78 -5.48 -5.68 -5.88 -6.08 -6.28 -5.48 -4.68 -4.28 -3.88 -4.18 -4.38 -4.78 -5.08 -5.28 -5.38 -5.08 -4.68 -4.08 -3.58 -3.58 -3.48 -3.08 -2.68 -3.18 -3.58 -3.88 -4.08 -4.68 -5.28 -5.78 -6.18 -6.08 -5.88 -5.98 -6.08 -6.28 -6.48 -6.98 -7.48 -7.38 -7.28 -6.58 -5.88 -6.38 -6.78 -7.18 -7.58 -7.38 -7.08 -7.68 -8.28 -7.88 -7.38 -7.08 -6.78 -6.48 -6.08 -5.78 -5.48 -5.28 -5.08 -4.58 -3.98 -4.08 -4.08 -4.08 -4.08 -3.58 -2.98 -2.68 -2.38 -1.78 -1.18 -0.88 -0.58 -0.48 -0.28 -0.58 -0.78 -0.78 -0.68 -0.78 -0.88 -0.78 -10.98 -11.38 -11.78 -11.48 -11.08 -10.68 -10.28 -9.58 -8.98 -8.58 -8.18 -8.48 -8.78 -9.08 -9.38 -9.38 -9.48 -8.58 -7.68 -7.18 -6.68 -6.58 -6.48 -6.48 -6.48 -5.88 -5.18 -5.58 -5.88 -6.08 -6.38 -5.88 -5.38 -5.88 -6.38 -6.58 -6.68 -5.98 -5.28 -4.98 -4.68 -4.88 -5.08 -5.68 -6.28 -6.18 -6.18 -5.58 -5.08 -4.48 -3.98 -3.78 -3.68 -3.28 -2.88 -3.48 -4.08 -4.38 -4.68 -5.18 -5.68 -6.28 -6.88 -6.48 -6.08 -6.18 -6.28 -6.98 -7.78 -7.98 -8.08 -7.88 -7.68 -6.88 -6.08 -7.28 -8.48 -8.38 -8.28 -7.08 -5.88 -7.28 -8.68 -7.98 -7.38 -7.18 -6.98 -6.58 -6.18 -5.98 -5.78 -5.48 -5.08 -4.88 -4.58 -4.88 -5.18 -4.48 -3.68 -3.48 -3.18 -3.08 -2.98 -2.28 -1.68 -1.28 -0.88 -0.88 -0.88 -0.98 -1.18 -0.98 -0.78 -0.88 -0.98 -0.88 -11.38 -11.58 -11.78 -11.38 -10.98 -10.48 -9.88 -9.28 -8.58 -8.38 -8.08 -8.38 -8.68 -9.18 -9.68 -9.48 -9.38 -8.58 -7.78 -7.38 -6.98 -7.08 -6.98 -6.68 -6.28 -5.58 -4.78 -5.58 -6.28 -6.28 -6.38 -6.08 -5.68 -6.18 -6.58 -6.68 -6.78 -6.28 -5.68 -5.58 -5.48 -5.98 -6.38 -6.68 -6.98 -6.88 -6.68 -6.18 -5.58 -4.98 -4.38 -4.18 -3.88 -3.78 -3.68 -4.58 -5.48 -5.38 -5.28 -5.48 -5.68 -5.98 -6.18 -6.28 -6.48 -6.58 -6.68 -7.58 -8.38 -8.08 -7.78 -7.98 -8.08 -7.38 -6.68 -7.38 -7.98 -8.38 -8.68 -7.68 -6.58 -7.28 -7.88 -7.58 -7.08 -7.08 -6.98 -6.68 -6.38 -6.08 -5.78 -5.48 -5.18 -5.08 -4.98 -4.88 -4.78 -4.38 -3.88 -3.78 -3.68 -3.48 -3.18 -2.58 -1.88 -1.78 -1.68 -1.58 -1.58 -1.58 -1.58 -1.28 -1.08 -0.88 -0.68 -0.68 -11.68 -11.78 -11.88 -11.38 -10.88 -10.28 -9.58 -8.88 -8.18 -8.08 -7.98 -8.28 -8.58 -9.28 -9.98 -9.58 -9.28 -8.58 -7.88 -7.58 -7.38 -7.48 -7.58 -6.88 -6.08 -5.28 -4.38 -5.58 -6.68 -6.58 -6.38 -6.18 -5.98 -6.38 -6.78 -6.88 -6.98 -6.58 -6.18 -6.28 -6.38 -7.08 -7.68 -7.68 -7.68 -7.48 -7.28 -6.68 -6.08 -5.38 -4.78 -4.48 -4.18 -4.38 -4.48 -5.68 -6.98 -6.48 -5.98 -5.88 -5.68 -5.58 -5.48 -6.18 -6.88 -6.98 -7.18 -8.08 -8.98 -8.28 -7.58 -7.98 -8.38 -7.88 -7.38 -7.38 -7.48 -8.38 -9.18 -8.28 -7.38 -7.28 -7.18 -7.08 -6.88 -6.98 -7.08 -6.78 -6.58 -6.18 -5.88 -5.58 -5.28 -5.38 -5.38 -4.88 -4.48 -4.28 -4.08 -4.18 -4.18 -3.78 -3.38 -2.78 -2.18 -2.38 -2.48 -2.38 -2.28 -2.08 -1.98 -1.68 -1.38 -0.88 -0.38 -0.38 -12.18 -11.98 -11.78 -11.38 -10.88 -10.28 -9.58 -8.98 -8.38 -8.38 -8.38 -8.68 -8.88 -9.48 -10.18 -9.88 -9.58 -8.98 -8.38 -8.08 -7.68 -7.48 -7.18 -6.38 -5.58 -5.38 -4.98 -5.88 -6.58 -6.48 -6.28 -6.18 -5.88 -6.18 -6.38 -6.58 -6.68 -6.58 -6.48 -6.88 -7.28 -7.58 -7.88 -7.68 -7.48 -7.68 -7.78 -7.28 -6.78 -6.08 -5.48 -5.28 -5.08 -5.48 -5.68 -6.68 -7.68 -7.28 -6.78 -6.48 -6.18 -6.28 -6.28 -6.88 -7.48 -7.28 -7.18 -7.88 -8.58 -8.58 -8.58 -8.68 -8.78 -8.48 -8.18 -8.18 -8.18 -8.78 -9.38 -8.98 -8.48 -7.88 -7.38 -7.38 -7.38 -7.38 -7.28 -7.08 -6.88 -6.58 -6.28 -5.88 -5.38 -5.38 -5.28 -4.98 -4.68 -4.68 -4.68 -4.68 -4.68 -4.18 -3.58 -2.98 -2.28 -2.38 -2.48 -2.68 -2.98 -2.48 -1.98 -1.48 -0.98 -0.78 -0.58 -0.48 -12.78 -12.28 -11.78 -11.38 -10.98 -10.28 -9.58 -9.08 -8.58 -8.68 -8.78 -8.98 -9.18 -9.78 -10.38 -10.18 -9.98 -9.38 -8.88 -8.48 -8.08 -7.48 -6.78 -5.98 -5.18 -5.48 -5.68 -6.18 -6.58 -6.48 -6.28 -6.08 -5.88 -5.98 -6.08 -6.28 -6.38 -6.68 -6.88 -7.58 -8.28 -8.18 -8.08 -7.68 -7.28 -7.78 -8.28 -7.88 -7.48 -6.78 -6.18 -6.08 -6.08 -6.58 -6.98 -7.68 -8.38 -7.98 -7.68 -7.18 -6.68 -6.88 -7.08 -7.58 -8.08 -7.58 -7.18 -7.68 -8.08 -8.78 -9.48 -9.38 -9.18 -9.08 -8.98 -8.98 -8.88 -9.28 -9.68 -9.68 -9.58 -8.58 -7.58 -7.78 -7.98 -7.78 -7.58 -7.38 -7.28 -6.98 -6.78 -6.18 -5.48 -5.38 -5.28 -5.08 -4.88 -5.08 -5.28 -5.28 -5.18 -4.58 -3.88 -3.18 -2.48 -2.48 -2.48 -3.08 -3.68 -2.88 -2.08 -1.28 -0.58 -0.68 -0.78 -0.58 -13.18 -12.58 -11.88 -11.48 -11.08 -10.48 -9.78 -9.48 -9.08 -8.88 -8.68 -8.88 -9.08 -9.78 -10.38 -10.28 -10.18 -9.88 -9.68 -8.98 -8.28 -7.58 -6.88 -6.28 -5.68 -5.98 -6.28 -6.58 -6.78 -6.88 -6.78 -6.58 -6.28 -6.18 -6.08 -6.18 -6.18 -6.78 -7.38 -7.98 -8.58 -8.28 -7.98 -7.68 -7.38 -7.68 -7.88 -7.58 -7.28 -6.98 -6.58 -6.58 -6.58 -6.98 -7.18 -7.88 -8.58 -8.28 -7.98 -7.58 -7.08 -7.48 -7.78 -7.98 -8.28 -7.88 -7.48 -8.38 -9.28 -9.28 -9.18 -8.88 -8.38 -8.68 -8.88 -9.28 -9.78 -9.98 -10.18 -9.88 -9.58 -8.48 -7.38 -7.78 -8.18 -8.08 -8.08 -7.78 -7.58 -7.28 -6.98 -6.58 -6.08 -5.88 -5.68 -5.78 -5.78 -5.88 -5.88 -5.78 -5.58 -4.78 -4.08 -3.28 -2.48 -2.48 -2.38 -3.08 -3.68 -3.38 -3.18 -2.28 -1.38 -1.28 -1.18 -1.18 -13.68 -12.78 -11.98 -11.48 -11.08 -10.58 -10.08 -9.88 -9.58 -9.08 -8.58 -8.88 -9.08 -9.68 -10.38 -10.38 -10.38 -10.38 -10.48 -9.48 -8.48 -7.78 -6.98 -6.58 -6.18 -6.48 -6.88 -6.98 -7.08 -7.28 -7.38 -7.08 -6.78 -6.48 -6.08 -6.08 -5.98 -6.98 -7.98 -8.38 -8.88 -8.38 -7.88 -7.78 -7.58 -7.58 -7.58 -7.38 -7.18 -7.08 -6.98 -7.08 -7.18 -7.38 -7.48 -8.08 -8.68 -8.48 -8.28 -7.88 -7.58 -8.08 -8.48 -8.48 -8.48 -8.08 -7.78 -9.08 -10.48 -9.78 -8.98 -8.38 -7.68 -8.18 -8.68 -9.68 -10.68 -10.68 -10.68 -10.18 -9.68 -8.48 -7.28 -7.78 -8.38 -8.38 -8.48 -8.18 -7.88 -7.58 -7.28 -6.98 -6.68 -6.38 -6.18 -6.38 -6.68 -6.68 -6.58 -6.28 -5.98 -5.08 -4.28 -3.38 -2.48 -2.38 -2.38 -2.98 -3.68 -3.98 -4.28 -3.28 -2.28 -1.98 -1.68 -1.68 </TempDataArray>
    </BinaryData>
    <End xmlns="" EndString="7777"/>
</gribObject>
