<?xml version="1.0" encoding="UTF-8" standalone="yes"?>
<gribObject xmlns:xsi="http://www.w3.org/2001/XMLSchema-instance" xmlns:xsd="http://www.w3.org/2001/XMLSchema" xmlns="http://c4i.mlt/ICDU/schema" ForecastTime="2025-09-27T12:00:00.000Z" RunTime="2025-09-27T12:00:00.000Z" ParameterName="U component of wind" FileName="newsingapore">
    <Indicator xmlns="" GribHeader="GRIB" NumOfOctets="21" GribType="2"/>
    <ProductDefinition xmlns="" NumOfOctets="4" ParamTableVersion="2" OrigCenter="7" ProcessID="81" GridID="36" GDS_BDS_Flag="128" ParamAndUnits="131" LevelType="0" Level="100" ReferenceTime="27" Month="9" Day="27" Hour="12" Minute="0" ForecastTimeUnits="1" PeriodOfTime1="12" PeriodOfTime2="0" TimeRangeIndicator="1" NumInAverage="-14" NumMissingAverage="0" CenturyOfReference="21" SubcenterID="0" DecimalScaleFactor="2" Reserved1="0" Lat1="-11000" Lon1="91000" Lat2="-9500" Lon2="105375" Di="125" Dj="125"/>
    <GridDescription xmlns="" NumOfOctets="72" NV="0" PV="255" DataRepresentationType="0">
        <LatLonProjection Ni="116" Nj="13" Flags="128" ScanFlags="64" Reserved="0"/>
    </GridDescription>
    <BinaryData xmlns="" NumOfOctets="6032" FlagsAndUnused="12" BinaryScaleFactor="0" ReferenceValue="-2139.093750" DatumPacked="1508" OptionalFlags="0">
        <TempDataArray>-18.87 -18.59 -18.32 -18.19 -18.05 -18.13 -18.21 -18.16 -18.11 -17.94 -17.78 -17.41 -17.05 -16.46 -15.88 -15.28 -14.68 -14.35 -14.02 -13.86 -13.70 -13.73 -13.76 -13.81 -13.87 -13.88 -13.89 -14.01 -14.14 -13.90 -13.66 -13.46 -13.26 -13.45 -13.63 -13.84 -14.05 -14.15 -14.25 -14.34 -14.43 -14.58 -14.73 -14.55 -14.38 -14.27 -14.16 -14.57 -14.99 -15.20 -15.41 -14.99 -14.56 -14.45 -14.34 -14.60 -14.87 -14.94 -15.02 -14.61 -14.21 -13.78 -13.35 -13.56 -13.77 -13.87 -13.96 -13.87 -13.78 -13.84 -13.90 -13.94 -13.97 -13.69 -13.41 -13.25 -13.10 -13.13 -13.17 -12.99 -12.82 -12.85 -12.88 -12.60 -12.31 -11.95 -11.59 -11.57 -11.54 -11.77 -12.00 -12.20 -12.39 -12.35 -12.31 -11.99 -11.68 -11.54 -11.41 -11.19 -10.97 -10.74 -10.52 -10.41 -10.31 -10.20 -10.10 -9.93 -9.77 -9.45 -9.14 -8.90 -8.66 -8.55 -8.45 -8.40 -19.15 -18.96 -18.77 -18.64 -18.51 -18.43 -18.34 -18.23 -18.12 -18.01 -17.91 -17.51 -17.11 -16.48 -15.84 -15.29 -14.72 -14.31 -13.90 -13.85 -13.79 -13.85 -13.91 -13.82 -13.73 -13.70 -13.67 -13.75 -13.83 -13.68 -13.53 -13.45 -13.37 -13.56 -13.74 -13.87 -14.00 -14.03 -14.05 -14.25 -14.45 -14.62 -14.80 -14.62 -14.43 -14.42 -14.39 -14.68 -14.97 -15.03 -15.09 -14.78 -14.47 -14.36 -14.24 -14.43 -14.61 -14.71 -14.81 -14.49 -14.17 -13.94 -13.70 -13.90 -14.10 -14.09 -14.07 -13.98 -13.88 -13.88 -13.86 -13.77 -13.67 -13.37 -13.07 -13.09 -13.10 -13.28 -13.47 -13.29 -13.12 -13.12 -13.12 -12.86 -12.59 -12.15 -11.71 -11.68 -11.64 -11.90 -12.16 -12.29 -12.42 -12.30 -12.18 -11.96 -11.73 -11.65 -11.58 -11.40 -11.23 -10.96 -10.69 -10.49 -10.29 -10.14 -9.99 -9.86 -9.73 -9.53 -9.33 -9.16 -8.99 -8.88 -8.76 -8.72 -19.44 -19.33 -19.22 -19.09 -18.97 -18.72 -18.48 -18.30 -18.13 -18.08 -18.04 -17.60 -17.17 -16.49 -15.81 -15.29 -14.77 -14.28 -13.78 -13.84 -13.89 -13.97 -14.05 -13.82 -13.59 -13.52 -13.46 -13.48 -13.51 -13.46 -13.41 -13.44 -13.47 -13.66 -13.86 -13.91 -13.96 -13.91 -13.86 -14.16 -14.47 -14.67 -14.87 -14.68 -14.49 -14.56 -14.63 -14.79 -14.96 -14.87 -14.78 -14.58 -14.38 -14.27 -14.15 -14.25 -14.35 -14.48 -14.61 -14.37 -14.13 -14.09 -14.05 -14.24 -14.43 -14.31 -14.18 -14.09 -13.99 -13.91 -13.83 -13.60 -13.37 -13.05 -12.74 -12.92 -13.10 -13.44 -13.77 -13.60 -13.42 -13.39 -13.37 -13.12 -12.87 -12.35 -11.83 -11.79 -11.74 -12.03 -12.32 -12.39 -12.46 -12.26 -12.06 -11.92 -11.78 -11.76 -11.75 -11.62 -11.49 -11.17 -10.86 -10.56 -10.27 -10.07 -9.88 -9.78 -9.69 -9.61 -9.53 -9.42 -9.32 -9.20 -9.08 -9.03 -19.84 -19.68 -19.52 -19.44 -19.35 -19.06 -18.77 -18.53 -18.29 -18.11 -17.93 -17.43 -16.93 -16.24 -15.55 -15.18 -14.80 -14.43 -14.05 -14.11 -14.17 -14.08 -13.99 -13.76 -13.54 -13.41 -13.28 -13.17 -13.05 -13.00 -12.95 -13.10 -13.25 -13.48 -13.71 -13.73 -13.74 -13.69 -13.64 -13.94 -14.25 -14.49 -14.74 -14.63 -14.52 -14.64 -14.76 -14.73 -14.70 -14.47 -14.24 -14.13 -14.01 -14.00 -13.98 -14.12 -14.26 -14.39 -14.52 -14.29 -14.06 -14.21 -14.34 -14.52 -14.70 -14.47 -14.25 -14.12 -13.99 -13.91 -13.83 -13.68 -13.54 -13.22 -12.91 -13.05 -13.18 -13.49 -13.79 -13.63 -13.47 -13.52 -13.56 -13.32 -13.08 -12.56 -12.04 -11.90 -11.76 -12.10 -12.43 -12.57 -12.71 -12.56 -12.41 -12.22 -12.03 -11.93 -11.82 -11.67 -11.51 -11.23 -10.94 -10.68 -10.42 -10.27 -10.11 -10.08 -10.05 -9.96 -9.87 -9.69 -9.51 -9.37 -9.22 -9.13 -20.25 -20.04 -19.83 -19.78 -19.74 -19.40 -19.07 -18.75 -18.44 -18.13 -17.83 -17.26 -16.70 -16.00 -15.30 -15.07 -14.84 -14.58 -14.32 -14.39 -14.46 -14.19 -13.93 -13.71 -13.49 -13.29 -13.10 -12.85 -12.60 -12.55 -12.50 -12.76 -13.02 -13.29 -13.57 -13.55 -13.53 -13.48 -13.43 -13.72 -14.02 -14.32 -14.62 -14.58 -14.55 -14.72 -14.89 -14.66 -14.44 -14.07 -13.70 -13.67 -13.64 -13.73 -13.82 -14.00 -14.18 -14.30 -14.43 -14.21 -14.00 -14.32 -14.64 -14.80 -14.97 -14.64 -14.31 -14.15 -13.99 -13.91 -13.83 -13.77 -13.71 -13.39 -13.08 -13.18 -13.27 -13.54 -13.81 -13.67 -13.52 -13.64 -13.76 -13.52 -13.29 -12.77 -12.25 -12.02 -11.79 -12.17 -12.55 -12.75 -12.96 -12.86 -12.76 -12.53 -12.29 -12.09 -11.89 -11.71 -11.54 -11.28 -11.03 -10.80 -10.57 -10.46 -10.35 -10.38 -10.42 -10.31 -10.21 -9.96 -9.70 -9.54 -9.37 -9.22 -20.60 -20.41 -20.23 -20.25 -20.27 -19.93 -19.60 -19.25 -18.90 -18.45 -18.00 -17.40 -16.80 -16.18 -15.56 -15.29 -15.01 -14.86 -14.71 -14.68 -14.64 -14.40 -14.16 -13.99 -13.82 -13.48 -13.15 -12.90 -12.65 -12.68 -12.70 -12.92 -13.14 -13.34 -13.53 -13.53 -13.52 -13.39 -13.26 -13.50 -13.73 -13.98 -14.22 -14.25 -14.27 -14.42 -14.58 -14.41 -14.24 -13.97 -13.70 -13.71 -13.72 -13.82 -13.91 -14.04 -14.16 -14.28 -14.39 -14.20 -14.00 -14.28 -14.57 -14.79 -15.01 -14.72 -14.42 -14.23 -14.04 -14.07 -14.09 -14.22 -14.35 -14.11 -13.87 -13.78 -13.69 -13.77 -13.84 -13.80 -13.76 -13.82 -13.88 -13.72 -13.57 -13.12 -12.67 -12.37 -12.07 -12.38 -12.68 -12.87 -13.06 -13.02 -12.98 -12.69 -12.41 -12.05 -11.69 -11.58 -11.48 -11.34 -11.20 -11.00 -10.81 -10.72 -10.62 -10.60 -10.58 -10.38 -10.18 -9.79 -9.40 -9.19 -8.98 -8.88 -20.95 -20.79 -20.63 -20.72 -20.80 -20.47 -20.13 -19.75 -19.37 -18.77 -18.16 -17.53 -16.90 -16.36 -15.82 -15.50 -15.18 -15.14 -15.10 -14.96 -14.83 -14.61 -14.40 -14.27 -14.15 -13.67 -13.20 -12.95 -12.70 -12.81 -12.91 -13.09 -13.27 -13.38 -13.50 -13.50 -13.51 -13.30 -13.10 -13.27 -13.44 -13.63 -13.83 -13.91 -14.00 -14.13 -14.26 -14.15 -14.05 -13.88 -13.70 -13.75 -13.80 -13.90 -14.00 -14.08 -14.15 -14.25 -14.36 -14.18 -14.00 -14.25 -14.50 -14.78 -15.06 -14.79 -14.53 -14.32 -14.10 -14.23 -14.36 -14.68 -15.00 -14.83 -14.66 -14.39 -14.12 -14.00 -13.87 -13.94 -14.00 -14.00 -14.00 -13.92 -13.85 -13.47 -13.09 -12.72 -12.36 -12.59 -12.81 -12.99 -13.17 -13.18 -13.20 -12.86 -12.53 -12.01 -11.49 -11.45 -11.42 -11.39 -11.37 -11.21 -11.05 -10.98 -10.90 -10.82 -10.73 -10.44 -10.15 -9.63 -9.10 -8.85 -8.60 -8.54 -20.90 -20.89 -20.88 -20.99 -21.09 -20.74 -20.38 -19.97 -19.56 -18.94 -18.33 -17.79 -17.26 -16.93 -16.60 -16.28 -15.96 -15.94 -15.92 -15.67 -15.42 -15.33 -15.24 -15.09 -14.93 -14.40 -13.87 -13.69 -13.50 -13.52 -13.54 -13.70 -13.85 -13.86 -13.86 -13.81 -13.76 -13.65 -13.55 -13.60 -13.64 -13.69 -13.73 -13.93 -14.13 -14.11 -14.09 -14.03 -13.96 -13.93 -13.90 -13.95 -14.00 -14.01 -14.02 -14.17 -14.30 -14.29 -14.28 -14.12 -13.96 -14.13 -14.29 -14.55 -14.81 -14.82 -14.83 -14.70 -14.58 -14.61 -14.63 -14.77 -14.91 -14.80 -14.69 -14.48 -14.28 -14.25 -14.22 -14.34 -14.46 -14.42 -14.37 -14.16 -13.94 -13.67 -13.40 -13.17 -12.95 -13.04 -13.12 -13.03 -12.93 -12.90 -12.88 -12.68 -12.48 -12.07 -11.66 -11.61 -11.56 -11.55 -11.53 -11.41 -11.29 -11.17 -11.05 -10.89 -10.72 -10.41 -10.10 -9.67 -9.23 -8.92 -8.60 -8.41 -20.85 -20.99 -21.13 -21.26 -21.39 -21.01 -20.63 -20.19 -19.74 -19.12 -18.49 -18.06 -17.62 -17.50 -17.38 -17.06 -16.74 -16.74 -16.74 -16.38 -16.02 -16.05 -16.08 -15.90 -15.72 -15.13 -14.55 -14.42 -14.30 -14.24 -14.18 -14.31 -14.44 -14.33 -14.22 -14.11 -14.01 -14.00 -14.00 -13.92 -13.84 -13.74 -13.64 -13.96 -14.27 -14.10 -13.93 -13.90 -13.88 -13.99 -14.10 -14.15 -14.20 -14.12 -14.05 -14.25 -14.46 -14.33 -14.20 -14.06 -13.92 -14.00 -14.08 -14.32 -14.56 -14.84 -15.13 -15.09 -15.05 -14.98 -14.91 -14.86 -14.81 -14.76 -14.72 -14.58 -14.44 -14.50 -14.57 -14.75 -14.93 -14.84 -14.75 -14.40 -14.04 -13.87 -13.71 -13.62 -13.54 -13.49 -13.44 -13.06 -12.69 -12.62 -12.56 -12.50 -12.44 -12.14 -11.83 -11.77 -11.70 -11.70 -11.69 -11.61 -11.53 -11.37 -11.20 -10.96 -10.71 -10.39 -10.06 -9.71 -9.36 -8.98 -8.60 -8.29 -20.65 -20.85 -21.05 -21.15 -21.24 -20.94 -20.64 -20.14 -19.64 -19.07 -18.49 -18.20 -17.91 -17.90 -17.90 -17.56 -17.22 -17.11 -17.01 -16.76 -16.51 -16.57 -16.63 -16.51 -16.39 -15.92 -15.44 -15.32 -15.20 -15.10 -15.00 -14.99 -14.98 -14.89 -14.79 -14.79 -14.79 -14.81 -14.84 -14.64 -14.45 -14.26 -14.06 -14.38 -14.69 -14.55 -14.40 -14.25 -14.09 -14.13 -14.17 -14.21 -14.26 -14.29 -14.31 -14.48 -14.64 -14.53 -14.42 -14.35 -14.27 -14.33 -14.39 -14.60 -14.79 -15.08 -15.37 -15.36 -15.35 -15.27 -15.18 -15.02 -14.85 -14.69 -14.54 -14.49 -14.44 -14.59 -14.73 -14.86 -15.00 -14.98 -14.97 -14.72 -14.46 -14.21 -13.96 -13.79 -13.61 -13.47 -13.33 -12.92 -12.51 -12.53 -12.55 -12.52 -12.49 -12.21 -11.93 -11.79 -11.65 -11.62 -11.59 -11.48 -11.37 -11.15 -10.93 -10.61 -10.29 -9.96 -9.63 -9.32 -9.01 -8.65 -8.28 -8.03 -20.46 -20.71 -20.97 -21.03 -21.09 -20.87 -20.65 -20.10 -19.54 -19.02 -18.49 -18.35 -18.20 -18.31 -18.41 -18.05 -17.69 -17.48 -17.28 -17.14 -17.01 -17.10 -17.18 -17.12 -17.06 -16.70 -16.34 -16.22 -16.10 -15.95 -15.81 -15.67 -15.53 -15.44 -15.36 -15.46 -15.56 -15.62 -15.68 -15.37 -15.06 -14.77 -14.49 -14.80 -15.11 -14.99 -14.87 -14.59 -14.31 -14.27 -14.23 -14.28 -14.33 -14.45 -14.58 -14.70 -14.83 -14.74 -14.65 -14.64 -14.62 -14.67 -14.71 -14.87 -15.03 -15.32 -15.61 -15.63 -15.65 -15.55 -15.45 -15.18 -14.90 -14.62 -14.35 -14.40 -14.45 -14.67 -14.90 -14.98 -15.06 -15.13 -15.20 -15.04 -14.88 -14.54 -14.21 -13.95 -13.69 -13.45 -13.22 -12.78 -12.34 -12.45 -12.55 -12.55 -12.55 -12.29 -12.03 -11.82 -11.61 -11.55 -11.49 -11.35 -11.21 -10.94 -10.66 -10.27 -9.88 -9.54 -9.20 -8.93 -8.67 -8.32 -7.97 -7.77 -19.72 -20.16 -20.60 -20.79 -20.97 -20.80 -20.63 -20.21 -19.79 -19.11 -18.44 -18.34 -18.24 -18.36 -18.47 -18.13 -17.79 -17.63 -17.48 -17.34 -17.20 -17.21 -17.23 -17.20 -17.17 -16.98 -16.80 -16.68 -16.57 -16.43 -16.30 -16.23 -16.16 -16.01 -15.86 -15.86 -15.86 -15.92 -15.97 -15.70 -15.42 -15.14 -14.85 -15.02 -15.18 -15.08 -14.97 -14.76 -14.55 -14.49 -14.43 -14.41 -14.38 -14.50 -14.61 -14.73 -14.84 -14.96 -15.08 -15.13 -15.18 -15.13 -15.08 -15.17 -15.26 -15.47 -15.67 -15.77 -15.87 -15.84 -15.80 -15.47 -15.12 -14.80 -14.48 -14.55 -14.61 -14.74 -14.86 -14.84 -14.83 -14.84 -14.85 -14.67 -14.49 -14.15 -13.81 -13.54 -13.26 -13.10 -12.93 -12.66 -12.38 -12.46 -12.54 -12.50 -12.46 -12.36 -12.26 -12.16 -12.05 -11.92 -11.79 -11.55 -11.31 -10.99 -10.67 -10.24 -9.81 -9.51 -9.20 -8.98 -8.76 -8.56 -8.36 -8.32 -18.98 -19.61 -20.24 -20.54 -20.85 -20.73 -20.61 -20.32 -20.03 -19.21 -18.39 -18.34 -18.29 -18.41 -18.53 -18.21 -17.88 -17.78 -17.69 -17.54 -17.39 -17.33 -17.28 -17.28 -17.28 -17.27 -17.25 -17.15 -17.04 -16.91 -16.78 -16.79 -16.80 -16.58 -16.37 -16.26 -16.16 -16.21 -16.27 -16.03 -15.79 -15.50 -15.21 -15.23 -15.25 -15.16 -15.08 -14.94 -14.80 -14.71 -14.63 -14.53 -14.44 -14.54 -14.65 -14.75 -14.86 -15.19 -15.51 -15.63 -15.75 -15.60 -15.45 -15.48 -15.50 -15.61 -15.73 -15.91 -16.09 -16.12 -16.16 -15.75 -15.35 -14.99 -14.62 -14.70 -14.78 -14.80 -14.82 -14.71 -14.60 -14.55 -14.50 -14.30 -14.10 -13.76 -13.42 -13.12 -12.83 -12.74 -12.65 -12.53 -12.42 -12.47 -12.53 -12.45 -12.37 -12.43 -12.49 -12.50 -12.50 -12.30 -12.09 -11.76 -11.42 -11.05 -10.68 -10.22 -9.75 -9.48 -9.21 -9.03 -8.86 -8.80 -8.75 -8.87 </TempDataArray>
    </BinaryData>
    <End xmlns="" EndString="7777"/>
</gribObject>
