<?xml version="1.0" encoding="UTF-8" standalone="yes"?>
<gribObject xmlns:xsi="http://www.w3.org/2001/XMLSchema-instance" xmlns:xsd="http://www.w3.org/2001/XMLSchema" xmlns="http://c4i.mlt/ICDU/schema" ForecastTime="2025-09-27T12:00:00.000Z" RunTime="2025-09-27T12:00:00.000Z" ParameterName="U component of wind" FileName="newsingapore">
    <Indicator xmlns="" GribHeader="GRIB" NumOfOctets="21" GribType="2"/>
    <ProductDefinition xmlns="" NumOfOctets="4" ParamTableVersion="2" OrigCenter="7" ProcessID="81" GridID="36" GDS_BDS_Flag="128" ParamAndUnits="131" LevelType="0" Level="200" ReferenceTime="27" Month="9" Day="27" Hour="12" Minute="0" ForecastTimeUnits="1" PeriodOfTime1="12" PeriodOfTime2="0" TimeRangeIndicator="1" NumInAverage="-7" NumMissingAverage="0" CenturyOfReference="21" SubcenterID="0" DecimalScaleFactor="1" Reserved1="0" Lat1="-11000" Lon1="91000" Lat2="-9500" Lon2="105375" Di="125" Dj="125"/>
    <GridDescription xmlns="" NumOfOctets="72" NV="0" PV="255" DataRepresentationType="0">
        <LatLonProjection Ni="116" Nj="13" Flags="128" ScanFlags="64" Reserved="0"/>
    </GridDescription>
    <BinaryData xmlns="" NumOfOctets="6032" FlagsAndUnused="12" BinaryScaleFactor="0" ReferenceValue="-192.292877" DatumPacked="1508" OptionalFlags="0">
        <TempDataArray>-12.13 -11.73 -11.33 -11.33 -11.43 -11.73 -11.93 -12.83 -13.63 -13.73 -13.73 -12.23 -10.63 -10.43 -10.23 -10.53 -10.83 -10.53 -10.23 -10.13 -9.93 -10.73 -11.43 -11.33 -11.33 -10.93 -10.53 -10.53 -10.43 -10.63 -10.83 -10.13 -9.43 -9.03 -8.73 -8.63 -8.53 -8.53 -8.43 -9.13 -9.93 -9.53 -9.13 -8.73 -8.33 -7.33 -6.33 -5.73 -5.23 -6.53 -7.73 -7.83 -7.83 -6.93 -5.93 -4.93 -3.93 -2.93 -1.83 -1.03 -0.23 0.07 0.37 1.27 2.17 2.07 1.87 1.67 1.47 1.27 1.17 2.07 2.87 2.57 2.17 1.77 1.37 2.37 3.27 2.97 2.57 3.07 3.47 2.07 0.67 0.27 -0.13 -0.43 -0.73 -0.83 -1.03 -1.43 -1.73 -1.93 -2.13 -2.33 -2.43 -2.63 -2.73 -2.63 -2.53 -2.13 -1.83 -1.43 -1.03 -0.93 -0.83 -0.73 -0.73 -0.93 -1.03 -1.03 -0.93 -0.53 -0.13 -0.23 -12.53 -12.23 -11.83 -11.83 -11.93 -12.23 -12.43 -13.03 -13.63 -13.53 -13.43 -12.33 -11.23 -11.33 -11.33 -11.53 -11.83 -11.43 -11.13 -11.03 -10.93 -11.83 -12.63 -12.33 -12.13 -11.53 -10.83 -10.73 -10.63 -10.93 -11.33 -10.73 -10.13 -9.63 -9.03 -9.03 -8.93 -8.83 -8.73 -9.23 -9.63 -9.53 -9.43 -9.23 -8.93 -8.33 -7.53 -7.03 -6.53 -7.23 -7.83 -7.63 -7.43 -6.63 -5.73 -5.03 -4.33 -3.73 -3.13 -2.23 -1.23 -0.53 0.27 0.47 0.77 1.07 1.37 1.77 2.17 1.97 1.97 2.27 2.67 1.77 0.87 0.67 0.57 1.67 2.77 2.97 3.27 3.57 3.87 2.37 0.87 0.57 0.27 -0.33 -0.83 -1.43 -1.93 -2.13 -2.13 -2.33 -2.43 -2.43 -2.33 -2.43 -2.43 -2.53 -2.43 -2.23 -1.83 -1.43 -0.83 -0.53 -0.23 -0.33 -0.33 -0.73 -1.03 -1.13 -1.03 -0.93 -0.73 -0.63 -13.03 -12.63 -12.33 -12.33 -12.43 -12.73 -13.03 -13.33 -13.63 -13.43 -13.13 -12.43 -11.83 -12.13 -12.53 -12.63 -12.73 -12.33 -11.93 -11.93 -11.93 -12.93 -13.83 -13.33 -12.93 -12.13 -11.23 -11.03 -10.83 -11.33 -11.73 -11.33 -10.93 -10.13 -9.33 -9.33 -9.33 -9.23 -9.03 -9.23 -9.43 -9.63 -9.83 -9.73 -9.63 -9.23 -8.83 -8.33 -7.83 -7.93 -7.93 -7.53 -7.13 -6.33 -5.63 -5.23 -4.73 -4.63 -4.53 -3.33 -2.23 -1.03 0.07 -0.33 -0.73 0.07 0.87 1.87 2.77 2.67 2.67 2.57 2.47 1.07 -0.43 -0.33 -0.23 0.97 2.17 3.07 3.87 4.07 4.17 2.57 0.97 0.77 0.67 -0.13 -1.03 -2.03 -2.93 -2.73 -2.63 -2.73 -2.73 -2.53 -2.33 -2.33 -2.23 -2.33 -2.43 -2.23 -1.93 -1.33 -0.73 -0.23 0.27 0.17 -0.03 -0.63 -1.13 -1.23 -1.23 -1.33 -1.43 -1.03 -12.63 -12.83 -13.13 -12.83 -12.53 -12.93 -13.33 -13.33 -13.33 -12.73 -12.13 -12.03 -11.93 -12.53 -13.03 -13.13 -13.13 -13.03 -12.83 -12.93 -13.03 -13.73 -14.43 -13.73 -13.03 -12.33 -11.63 -11.73 -11.83 -11.63 -11.53 -11.23 -10.93 -10.53 -10.13 -10.23 -10.33 -10.13 -9.83 -9.53 -9.23 -9.13 -9.13 -9.33 -9.53 -9.63 -9.63 -9.13 -8.63 -8.13 -7.63 -7.23 -6.73 -6.03 -5.43 -5.23 -5.03 -4.93 -4.83 -3.83 -2.73 -1.53 -0.23 -0.53 -0.73 -0.53 -0.13 0.77 1.77 1.97 2.17 1.97 1.77 0.37 -1.03 -0.93 -0.73 0.37 1.57 2.37 3.17 2.97 2.87 1.87 0.87 0.57 0.37 -0.23 -0.83 -1.93 -2.83 -2.93 -2.83 -2.73 -2.43 -2.33 -2.23 -2.23 -2.13 -2.23 -2.23 -2.03 -1.63 -1.13 -0.53 -0.03 0.37 0.17 -0.03 -0.63 -1.13 -1.13 -1.03 -1.13 -1.13 -0.73 -12.23 -13.03 -13.93 -13.23 -12.63 -13.13 -13.63 -13.43 -13.13 -12.13 -11.13 -11.63 -12.13 -12.83 -13.53 -13.63 -13.63 -13.73 -13.83 -14.03 -14.23 -14.63 -15.03 -14.13 -13.23 -12.53 -11.93 -12.33 -12.73 -12.03 -11.33 -11.13 -11.03 -11.03 -11.03 -11.13 -11.23 -11.03 -10.73 -9.83 -9.03 -8.73 -8.43 -9.03 -9.53 -10.03 -10.43 -9.93 -9.43 -8.43 -7.43 -6.93 -6.33 -5.73 -5.23 -5.33 -5.33 -5.23 -5.13 -4.23 -3.33 -1.93 -0.53 -0.63 -0.83 -1.03 -1.23 -0.23 0.67 1.17 1.67 1.37 0.97 -0.33 -1.73 -1.53 -1.23 -0.13 0.97 1.67 2.37 1.97 1.47 1.07 0.67 0.27 -0.03 -0.33 -0.73 -1.73 -2.83 -3.03 -3.13 -2.73 -2.23 -2.23 -2.23 -2.13 -2.03 -2.13 -2.13 -1.83 -1.43 -0.93 -0.33 0.07 0.47 0.17 -0.13 -0.63 -1.13 -1.03 -0.93 -0.93 -0.93 -0.43 -12.13 -12.53 -13.03 -13.23 -13.43 -13.43 -13.33 -13.13 -12.83 -12.03 -11.33 -12.03 -12.83 -13.53 -14.13 -14.23 -14.33 -14.53 -14.63 -14.63 -14.53 -14.43 -14.23 -13.73 -13.33 -12.83 -12.43 -13.03 -13.53 -13.13 -12.73 -12.23 -11.83 -11.93 -11.93 -11.83 -11.63 -11.23 -10.93 -10.23 -9.53 -9.23 -9.03 -9.33 -9.53 -10.23 -10.83 -10.73 -10.43 -9.43 -8.33 -7.53 -6.73 -6.43 -6.03 -6.03 -5.93 -5.83 -5.63 -4.83 -3.93 -2.63 -1.33 -1.13 -0.93 -1.33 -1.53 -1.03 -0.53 -0.33 -0.23 -0.33 -0.43 -1.13 -1.73 -1.53 -1.23 -0.63 -0.03 0.27 0.67 0.37 0.17 0.17 0.37 0.07 -0.23 -0.63 -1.03 -1.93 -2.83 -2.93 -3.03 -2.43 -1.83 -2.13 -2.33 -2.43 -2.43 -2.23 -2.03 -1.73 -1.33 -0.83 -0.33 -0.13 0.27 -0.13 -0.43 -0.83 -1.23 -1.33 -1.23 -0.83 -0.23 0.07 -11.93 -12.13 -12.23 -13.23 -14.33 -13.73 -13.13 -12.83 -12.53 -11.93 -11.43 -12.53 -13.63 -14.13 -14.73 -14.93 -15.13 -15.33 -15.43 -15.23 -14.93 -14.23 -13.43 -13.43 -13.43 -13.13 -12.93 -13.73 -14.43 -14.23 -14.13 -13.33 -12.63 -12.83 -12.93 -12.43 -11.93 -11.53 -11.13 -10.53 -10.03 -9.83 -9.63 -9.63 -9.63 -10.53 -11.33 -11.43 -11.53 -10.43 -9.33 -8.23 -7.23 -7.03 -6.93 -6.83 -6.63 -6.33 -6.13 -5.33 -4.63 -3.33 -2.13 -1.63 -1.13 -1.53 -1.93 -1.83 -1.73 -1.93 -2.13 -2.03 -1.93 -1.93 -1.83 -1.63 -1.33 -1.23 -1.13 -1.03 -1.03 -1.13 -1.23 -0.63 -0.03 -0.23 -0.43 -0.93 -1.43 -2.13 -2.93 -2.93 -2.93 -2.23 -1.53 -1.93 -2.43 -2.63 -2.83 -2.43 -2.03 -1.63 -1.23 -0.83 -0.43 -0.23 -0.03 -0.43 -0.83 -1.13 -1.43 -1.53 -1.63 -0.63 0.37 0.57 -12.33 -13.33 -14.33 -14.53 -14.73 -14.03 -13.23 -13.73 -14.23 -14.03 -13.83 -14.43 -15.03 -14.93 -14.83 -15.23 -15.53 -15.43 -15.23 -15.03 -14.73 -14.53 -14.33 -14.53 -14.73 -14.53 -14.33 -14.73 -15.03 -15.03 -15.03 -14.53 -14.03 -13.93 -13.83 -13.63 -13.23 -13.13 -12.93 -12.63 -12.23 -11.43 -10.63 -10.23 -9.83 -10.23 -10.63 -10.73 -10.73 -10.13 -9.53 -8.93 -8.43 -8.23 -8.03 -7.73 -7.43 -6.93 -6.43 -5.63 -4.83 -4.13 -3.33 -2.73 -2.03 -1.93 -1.83 -2.03 -2.13 -2.33 -2.53 -2.23 -2.03 -1.83 -1.63 -1.53 -1.33 -1.23 -1.13 -1.23 -1.23 -1.43 -1.53 -1.03 -0.43 -0.33 -0.33 -0.73 -1.13 -1.63 -2.03 -2.03 -2.03 -1.83 -1.53 -2.13 -2.73 -2.73 -2.63 -2.23 -1.73 -1.43 -1.03 -0.93 -0.83 -0.73 -0.63 -0.83 -1.03 -0.93 -0.83 -0.83 -0.73 -0.03 0.67 0.77 -12.63 -14.53 -16.43 -15.83 -15.23 -14.33 -13.43 -14.73 -15.93 -16.03 -16.23 -16.33 -16.53 -15.73 -15.03 -15.53 -16.03 -15.53 -15.03 -14.83 -14.53 -14.83 -15.23 -15.63 -16.03 -15.83 -15.73 -15.63 -15.63 -15.83 -16.03 -15.73 -15.43 -15.13 -14.83 -14.73 -14.63 -14.73 -14.83 -14.63 -14.43 -13.03 -11.63 -10.83 -10.03 -10.03 -9.93 -10.03 -10.03 -9.93 -9.73 -9.63 -9.63 -9.33 -9.13 -8.73 -8.23 -7.53 -6.83 -5.93 -5.03 -4.83 -4.63 -3.73 -2.93 -2.33 -1.73 -2.13 -2.53 -2.73 -2.93 -2.53 -2.13 -1.83 -1.53 -1.43 -1.43 -1.23 -1.13 -1.33 -1.53 -1.73 -1.83 -1.33 -0.83 -0.53 -0.23 -0.53 -0.93 -1.03 -1.13 -1.13 -1.13 -1.43 -1.63 -2.33 -3.03 -2.83 -2.53 -2.03 -1.43 -1.13 -0.83 -1.03 -1.23 -1.33 -1.33 -1.23 -1.23 -0.73 -0.33 -0.13 0.07 0.47 0.97 0.87 -14.63 -15.93 -17.13 -16.73 -16.33 -16.03 -15.73 -16.43 -17.23 -17.13 -17.03 -17.03 -17.03 -16.63 -16.23 -16.33 -16.33 -16.03 -15.63 -15.53 -15.23 -15.43 -15.63 -16.13 -16.53 -16.33 -16.23 -16.43 -16.63 -16.63 -16.73 -16.23 -15.63 -15.43 -15.13 -15.43 -15.63 -15.83 -15.93 -15.63 -15.23 -14.03 -12.73 -12.13 -11.53 -11.33 -11.13 -11.03 -10.83 -10.83 -10.83 -11.03 -11.23 -10.93 -10.63 -10.13 -9.63 -8.93 -8.13 -7.23 -6.23 -6.03 -5.73 -4.93 -4.03 -2.93 -1.93 -2.33 -2.63 -2.73 -2.73 -2.43 -2.13 -1.93 -1.73 -1.63 -1.53 -1.43 -1.13 -1.13 -1.13 -1.33 -1.53 -1.03 -0.53 -0.33 -0.13 -0.43 -0.63 -0.53 -0.43 -0.73 -0.93 -1.43 -1.83 -2.53 -3.23 -2.93 -2.53 -1.93 -1.33 -0.93 -0.63 -1.03 -1.43 -1.73 -1.93 -1.83 -1.63 -1.13 -0.53 -0.13 0.37 0.47 0.67 0.47 -16.63 -17.23 -17.93 -17.73 -17.43 -17.73 -18.03 -18.23 -18.53 -18.13 -17.83 -17.73 -17.63 -17.53 -17.53 -17.13 -16.63 -16.53 -16.33 -16.23 -16.03 -16.03 -16.13 -16.53 -17.03 -16.83 -16.63 -17.13 -17.63 -17.53 -17.43 -16.63 -15.83 -15.73 -15.53 -16.13 -16.73 -16.83 -17.03 -16.53 -16.13 -14.93 -13.83 -13.43 -13.03 -12.73 -12.43 -12.03 -11.63 -11.73 -11.93 -12.33 -12.83 -12.53 -12.23 -11.63 -11.03 -10.33 -9.53 -8.43 -7.43 -7.13 -6.93 -6.03 -5.13 -3.63 -2.13 -2.43 -2.83 -2.63 -2.53 -2.33 -2.13 -2.03 -1.93 -1.83 -1.73 -1.53 -1.23 -1.03 -0.83 -1.03 -1.23 -0.83 -0.33 -0.23 -0.13 -0.23 -0.33 -0.13 0.17 -0.33 -0.83 -1.53 -2.13 -2.83 -3.43 -3.03 -2.63 -1.93 -1.23 -0.83 -0.43 -1.13 -1.73 -2.13 -2.53 -2.33 -2.13 -1.43 -0.73 -0.03 0.67 0.47 0.27 0.07 -17.73 -17.83 -18.03 -17.73 -17.33 -17.33 -17.33 -17.93 -18.53 -18.43 -18.33 -18.23 -18.13 -17.83 -17.53 -17.03 -16.43 -16.63 -16.83 -16.73 -16.53 -16.73 -16.93 -17.53 -18.13 -17.83 -17.43 -17.83 -18.03 -17.83 -17.53 -16.93 -16.23 -16.23 -16.13 -16.73 -17.33 -17.53 -17.73 -17.13 -16.53 -15.63 -14.73 -14.13 -13.43 -12.93 -12.43 -12.43 -12.43 -12.93 -13.33 -13.43 -13.43 -13.23 -13.03 -12.43 -11.73 -11.13 -10.43 -9.53 -8.63 -8.13 -7.63 -6.83 -6.03 -4.63 -3.23 -2.83 -2.43 -2.43 -2.43 -2.33 -2.23 -2.23 -2.13 -2.03 -1.83 -1.63 -1.43 -1.33 -1.33 -1.53 -1.73 -1.23 -0.73 -0.43 -0.13 -0.03 0.07 0.07 0.07 -0.53 -1.03 -1.83 -2.53 -3.13 -3.73 -3.23 -2.73 -2.03 -1.33 -1.13 -0.83 -1.23 -1.63 -2.03 -2.43 -2.43 -2.43 -1.73 -1.03 -0.43 0.17 0.27 0.37 0.47 -18.83 -18.43 -18.13 -17.73 -17.23 -16.93 -16.73 -17.63 -18.63 -18.73 -18.93 -18.83 -18.63 -18.13 -17.63 -16.93 -16.23 -16.83 -17.33 -17.23 -17.03 -17.33 -17.73 -18.43 -19.23 -18.73 -18.33 -18.43 -18.53 -18.13 -17.63 -17.23 -16.73 -16.73 -16.73 -17.33 -18.03 -18.23 -18.33 -17.63 -17.03 -16.33 -15.73 -14.83 -13.93 -13.23 -12.43 -12.93 -13.33 -14.03 -14.73 -14.43 -14.13 -14.03 -13.83 -13.23 -12.53 -12.03 -11.43 -10.53 -9.73 -9.03 -8.43 -7.73 -7.03 -5.63 -4.33 -3.23 -2.13 -2.23 -2.33 -2.33 -2.43 -2.33 -2.33 -2.23 -2.03 -1.83 -1.63 -1.73 -1.83 -2.03 -2.23 -1.73 -1.23 -0.63 -0.13 0.17 0.47 0.17 -0.13 -0.73 -1.33 -2.13 -2.93 -3.53 -4.13 -3.53 -2.83 -2.23 -1.53 -1.43 -1.33 -1.43 -1.53 -1.93 -2.43 -2.63 -2.73 -2.03 -1.43 -0.93 -0.43 -0.03 0.47 0.77 </TempDataArray>
    </BinaryData>
    <End xmlns="" EndString="7777"/>
</gribObject>
