<?xml version="1.0" encoding="UTF-8" standalone="yes"?>
<gribObject xmlns:xsi="http://www.w3.org/2001/XMLSchema-instance" xmlns:xsd="http://www.w3.org/2001/XMLSchema" xmlns="http://c4i.mlt/ICDU/schema" ForecastTime="2025-09-27T12:00:00.000Z" RunTime="2025-09-27T12:00:00.000Z" ParameterName="Geopotential height" FileName="newsingapore">
    <Indicator xmlns="" GribHeader="GRIB" NumOfOctets="21" GribType="2"/>
    <ProductDefinition xmlns="" NumOfOctets="4" ParamTableVersion="2" OrigCenter="7" ProcessID="81" GridID="36" GDS_BDS_Flag="128" ParamAndUnits="156" LevelType="0" Level="300" ReferenceTime="27" Month="9" Day="27" Hour="12" Minute="0" ForecastTimeUnits="1" PeriodOfTime1="12" PeriodOfTime2="0" TimeRangeIndicator="1" NumInAverage="9725" NumMissingAverage="0" CenturyOfReference="21" SubcenterID="0" DecimalScaleFactor="2" Reserved1="0" Lat1="-11000" Lon1="91000" Lat2="-9500" Lon2="105375" Di="125" Dj="125"/>
    <GridDescription xmlns="" NumOfOctets="72" NV="0" PV="255" DataRepresentationType="0">
        <LatLonProjection Ni="116" Nj="13" Flags="128" ScanFlags="64" Reserved="0"/>
    </GridDescription>
    <BinaryData xmlns="" NumOfOctets="6032" FlagsAndUnused="12" BinaryScaleFactor="2" ReferenceValue="971919.625000" DatumPacked="1508" OptionalFlags="0">
        <TempDataArray>9725.84 9725.80 9725.76 9725.68 9725.60 9725.72 9725.84 9726.16 9726.44 9726.88 9727.28 9727.68 9728.08 9728.24 9728.40 9728.36 9728.32 9728.40 9728.48 9728.64 9728.76 9729.04 9729.32 9729.44 9729.56 9729.60 9729.60 9729.72 9729.84 9729.84 9729.88 9729.64 9729.40 9729.24 9729.04 9729.08 9729.16 9729.16 9729.16 9729.04 9728.92 9729.04 9729.16 9729.00 9728.88 9728.08 9727.28 9727.04 9726.80 9726.92 9727.00 9727.44 9727.88 9728.24 9728.56 9728.64 9728.68 9728.56 9728.40 9728.16 9727.92 9727.24 9726.60 9726.32 9726.00 9725.76 9725.52 9725.60 9725.64 9725.56 9725.44 9725.04 9724.64 9724.80 9724.92 9725.16 9725.36 9725.08 9724.76 9724.68 9724.56 9724.60 9724.60 9724.32 9724.00 9724.36 9724.72 9725.08 9725.40 9725.20 9725.00 9724.64 9724.28 9724.52 9724.76 9725.20 9725.68 9725.60 9725.52 9725.56 9725.60 9725.80 9726.00 9726.04 9726.08 9726.20 9726.32 9726.64 9726.96 9726.96 9726.96 9726.92 9726.88 9726.92 9726.96 9727.08 9725.16 9725.16 9725.12 9725.20 9725.28 9725.52 9725.76 9726.12 9726.48 9726.88 9727.32 9727.56 9727.80 9727.84 9727.88 9727.84 9727.80 9727.88 9727.96 9728.12 9728.28 9728.52 9728.72 9728.80 9728.84 9728.96 9729.08 9729.12 9729.16 9729.08 9729.00 9728.68 9728.40 9728.36 9728.32 9728.44 9728.56 9728.52 9728.48 9728.52 9728.56 9728.52 9728.52 9728.28 9728.00 9727.44 9726.88 9726.68 9726.44 9726.56 9726.64 9727.04 9727.48 9727.72 9727.96 9728.04 9728.08 9727.92 9727.72 9727.44 9727.16 9726.56 9725.92 9725.64 9725.36 9725.16 9724.96 9725.00 9725.04 9724.96 9724.88 9724.60 9724.36 9724.48 9724.60 9724.68 9724.76 9724.64 9724.52 9724.60 9724.68 9724.24 9723.84 9723.84 9723.84 9724.04 9724.20 9724.44 9724.68 9724.48 9724.32 9724.24 9724.24 9724.72 9725.16 9725.64 9726.08 9725.84 9725.64 9725.60 9725.60 9725.64 9725.72 9725.84 9725.92 9726.16 9726.40 9726.64 9726.92 9726.88 9726.84 9726.80 9726.72 9726.84 9727.00 9727.08 9724.48 9724.48 9724.48 9724.72 9724.96 9725.32 9725.64 9726.08 9726.52 9726.92 9727.32 9727.40 9727.48 9727.40 9727.32 9727.32 9727.28 9727.36 9727.40 9727.64 9727.84 9728.00 9728.12 9728.12 9728.12 9728.36 9728.56 9728.52 9728.48 9728.28 9728.08 9727.76 9727.40 9727.52 9727.60 9727.80 9727.96 9727.84 9727.76 9727.96 9728.16 9728.00 9727.88 9727.52 9727.16 9726.84 9726.48 9726.28 9726.08 9726.16 9726.28 9726.68 9727.04 9727.16 9727.32 9727.44 9727.52 9727.24 9727.00 9726.72 9726.44 9725.84 9725.24 9724.96 9724.68 9724.56 9724.40 9724.40 9724.40 9724.36 9724.28 9724.16 9724.04 9724.16 9724.28 9724.24 9724.16 9724.24 9724.28 9724.52 9724.76 9723.92 9723.08 9723.40 9723.68 9723.68 9723.72 9723.84 9723.96 9723.80 9723.60 9723.88 9724.16 9724.88 9725.60 9726.04 9726.44 9726.08 9725.76 9725.68 9725.56 9725.52 9725.44 9725.64 9725.80 9726.12 9726.44 9726.64 9726.84 9726.80 9726.76 9726.64 9726.52 9726.76 9727.00 9727.16 9724.08 9724.24 9724.44 9724.80 9725.16 9725.40 9725.64 9725.88 9726.16 9726.48 9726.80 9726.80 9726.84 9726.72 9726.60 9726.64 9726.68 9726.84 9727.00 9727.16 9727.28 9727.36 9727.40 9727.40 9727.40 9727.60 9727.80 9727.72 9727.68 9727.52 9727.36 9727.24 9727.16 9727.32 9727.52 9727.64 9727.72 9727.72 9727.72 9727.72 9727.68 9727.44 9727.24 9727.04 9726.88 9726.52 9726.16 9726.04 9725.88 9726.00 9726.16 9726.36 9726.60 9726.64 9726.68 9726.64 9726.64 9726.32 9726.00 9725.56 9725.16 9724.76 9724.40 9724.32 9724.20 9724.16 9724.08 9724.20 9724.32 9724.24 9724.16 9724.00 9723.84 9723.96 9724.04 9724.04 9724.00 9724.08 9724.16 9724.24 9724.36 9723.76 9723.16 9723.44 9723.76 9723.76 9723.76 9723.84 9724.00 9723.80 9723.64 9724.04 9724.48 9725.08 9725.68 9725.84 9725.96 9725.76 9725.52 9725.64 9725.76 9725.68 9725.60 9725.88 9726.16 9726.48 9726.80 9726.88 9727.00 9726.84 9726.72 9726.72 9726.72 9726.88 9727.04 9727.16 9723.68 9724.04 9724.40 9724.88 9725.36 9725.48 9725.60 9725.72 9725.80 9726.00 9726.24 9726.20 9726.16 9726.00 9725.88 9725.96 9726.04 9726.32 9726.56 9726.68 9726.76 9726.72 9726.68 9726.68 9726.64 9726.84 9727.00 9726.92 9726.84 9726.72 9726.60 9726.76 9726.88 9727.16 9727.44 9727.48 9727.48 9727.60 9727.68 9727.44 9727.20 9726.88 9726.56 9726.56 9726.56 9726.24 9725.88 9725.76 9725.64 9725.84 9726.00 9726.08 9726.16 9726.08 9726.00 9725.84 9725.72 9725.36 9725.00 9724.44 9723.84 9723.72 9723.56 9723.68 9723.76 9723.76 9723.80 9724.00 9724.20 9724.16 9724.08 9723.88 9723.64 9723.72 9723.80 9723.84 9723.88 9723.92 9724.00 9724.00 9723.96 9723.60 9723.24 9723.52 9723.80 9723.76 9723.76 9723.88 9724.00 9723.84 9723.68 9724.20 9724.76 9725.24 9725.76 9725.64 9725.48 9725.40 9725.28 9725.60 9725.92 9725.84 9725.76 9726.12 9726.48 9726.84 9727.16 9727.16 9727.12 9726.88 9726.64 9726.80 9726.92 9727.00 9727.08 9727.20 9723.16 9723.40 9723.64 9724.04 9724.44 9724.64 9724.80 9724.92 9725.00 9725.08 9725.16 9725.20 9725.24 9725.08 9724.96 9725.16 9725.36 9725.68 9726.00 9725.96 9725.92 9725.76 9725.64 9725.60 9725.60 9725.80 9726.00 9726.00 9726.04 9726.16 9726.32 9726.52 9726.76 9726.92 9727.08 9727.12 9727.16 9727.20 9727.24 9727.04 9726.80 9726.64 9726.48 9726.44 9726.40 9726.08 9725.76 9725.76 9725.72 9725.88 9726.00 9726.12 9726.24 9726.12 9726.00 9725.52 9725.00 9724.52 9724.08 9723.68 9723.24 9723.40 9723.52 9723.72 9723.92 9723.92 9723.92 9724.08 9724.24 9724.16 9724.04 9723.84 9723.64 9723.64 9723.68 9723.68 9723.72 9723.60 9723.52 9723.28 9723.08 9723.00 9722.88 9723.24 9723.60 9723.64 9723.72 9723.84 9723.96 9723.84 9723.76 9724.32 9724.84 9725.24 9725.64 9725.48 9725.36 9725.52 9725.72 9726.00 9726.24 9726.28 9726.36 9726.68 9727.04 9727.28 9727.52 9727.40 9727.32 9727.16 9727.00 9727.12 9727.20 9727.20 9727.20 9727.28 9722.68 9722.76 9722.84 9723.16 9723.52 9723.76 9724.00 9724.12 9724.24 9724.16 9724.12 9724.20 9724.28 9724.16 9724.04 9724.36 9724.68 9725.08 9725.44 9725.24 9725.04 9724.84 9724.60 9724.56 9724.52 9724.76 9725.00 9725.12 9725.24 9725.64 9726.00 9726.32 9726.60 9726.68 9726.72 9726.76 9726.84 9726.84 9726.84 9726.64 9726.40 9726.40 9726.40 9726.32 9726.20 9725.92 9725.64 9725.72 9725.80 9725.92 9726.04 9726.16 9726.28 9726.16 9726.00 9725.16 9724.28 9723.72 9723.12 9722.92 9722.68 9723.08 9723.48 9723.80 9724.12 9724.08 9724.00 9724.16 9724.28 9724.16 9724.00 9723.80 9723.60 9723.56 9723.52 9723.56 9723.56 9723.28 9723.00 9722.64 9722.24 9722.40 9722.52 9722.96 9723.36 9723.52 9723.64 9723.80 9723.92 9723.88 9723.84 9724.40 9724.96 9725.24 9725.48 9725.36 9725.20 9725.68 9726.16 9726.40 9726.60 9726.76 9726.92 9727.24 9727.60 9727.72 9727.84 9727.68 9727.52 9727.44 9727.36 9727.44 9727.48 9727.40 9727.32 9727.40 9722.20 9722.36 9722.48 9722.72 9723.00 9723.16 9723.36 9723.40 9723.48 9723.44 9723.36 9723.36 9723.40 9723.40 9723.44 9723.76 9724.08 9724.36 9724.68 9724.64 9724.60 9724.44 9724.32 9724.28 9724.24 9724.44 9724.64 9724.76 9724.92 9725.20 9725.52 9725.68 9725.88 9725.92 9726.00 9726.08 9726.16 9726.40 9726.64 9726.44 9726.24 9726.12 9725.96 9725.92 9725.88 9725.72 9725.60 9725.64 9725.68 9725.80 9725.92 9726.04 9726.16 9725.96 9725.80 9724.96 9724.08 9723.60 9723.08 9722.88 9722.68 9723.00 9723.36 9723.56 9723.76 9723.72 9723.68 9723.72 9723.80 9723.76 9723.72 9723.76 9723.80 9723.76 9723.76 9723.68 9723.56 9723.40 9723.24 9722.92 9722.56 9722.64 9722.76 9723.16 9723.56 9723.76 9723.96 9724.20 9724.48 9724.44 9724.44 9724.76 9725.08 9725.28 9725.48 9725.64 9725.80 9726.20 9726.64 9726.80 9727.00 9727.24 9727.48 9727.76 9728.04 9728.04 9728.04 9727.88 9727.76 9727.76 9727.80 9727.88 9727.96 9727.88 9727.80 9727.76 9721.76 9721.92 9722.08 9722.24 9722.44 9722.56 9722.68 9722.68 9722.72 9722.68 9722.60 9722.56 9722.48 9722.68 9722.84 9723.16 9723.44 9723.68 9723.92 9724.00 9724.12 9724.08 9724.00 9724.00 9724.00 9724.12 9724.24 9724.44 9724.60 9724.80 9725.00 9725.08 9725.12 9725.20 9725.28 9725.36 9725.44 9725.96 9726.44 9726.28 9726.12 9725.84 9725.52 9725.56 9725.56 9725.56 9725.52 9725.52 9725.52 9725.68 9725.84 9725.92 9726.00 9725.80 9725.60 9724.76 9723.92 9723.48 9723.04 9722.84 9722.64 9722.96 9723.24 9723.32 9723.40 9723.36 9723.32 9723.32 9723.32 9723.36 9723.40 9723.68 9723.96 9724.00 9724.00 9723.80 9723.56 9723.52 9723.48 9723.16 9722.88 9722.92 9722.96 9723.36 9723.76 9724.00 9724.28 9724.64 9725.00 9725.00 9725.04 9725.16 9725.24 9725.36 9725.48 9725.92 9726.36 9726.72 9727.08 9727.24 9727.36 9727.72 9728.04 9728.24 9728.44 9728.36 9728.24 9728.08 9727.96 9728.08 9728.20 9728.32 9728.40 9728.32 9728.24 9728.08 9721.28 9721.40 9721.52 9721.68 9721.84 9721.92 9721.96 9722.00 9722.04 9722.04 9722.00 9722.08 9722.16 9722.36 9722.56 9722.88 9723.16 9723.32 9723.48 9723.60 9723.72 9723.68 9723.64 9723.68 9723.68 9723.88 9724.08 9724.32 9724.56 9724.72 9724.88 9724.80 9724.68 9724.72 9724.76 9724.96 9725.16 9725.48 9725.80 9725.44 9725.04 9724.92 9724.80 9725.04 9725.32 9725.36 9725.44 9725.40 9725.36 9725.40 9725.48 9725.44 9725.40 9725.16 9724.96 9724.44 9723.88 9723.60 9723.32 9723.08 9722.84 9723.08 9723.32 9723.28 9723.28 9723.24 9723.20 9723.28 9723.36 9723.44 9723.48 9723.80 9724.12 9724.16 9724.24 9724.04 9723.88 9723.88 9723.88 9723.64 9723.44 9723.60 9723.72 9723.92 9724.16 9724.40 9724.68 9724.92 9725.16 9725.16 9725.16 9725.28 9725.36 9725.56 9725.72 9726.12 9726.48 9726.76 9727.00 9727.20 9727.40 9727.76 9728.08 9728.16 9728.24 9728.24 9728.24 9728.16 9728.08 9728.24 9728.40 9728.44 9728.52 9728.52 9728.52 9728.48 9720.80 9720.88 9720.96 9721.08 9721.24 9721.24 9721.24 9721.32 9721.36 9721.40 9721.40 9721.64 9721.88 9722.08 9722.28 9722.60 9722.88 9722.96 9723.04 9723.16 9723.28 9723.28 9723.28 9723.32 9723.36 9723.64 9723.92 9724.20 9724.48 9724.64 9724.76 9724.52 9724.24 9724.24 9724.24 9724.60 9724.92 9725.04 9725.16 9724.56 9723.96 9724.00 9724.04 9724.56 9725.04 9725.16 9725.32 9725.24 9725.16 9725.16 9725.12 9724.92 9724.76 9724.56 9724.32 9724.08 9723.84 9723.72 9723.60 9723.32 9723.00 9723.16 9723.36 9723.24 9723.16 9723.12 9723.08 9723.24 9723.40 9723.48 9723.56 9723.92 9724.28 9724.36 9724.44 9724.32 9724.20 9724.24 9724.24 9724.12 9724.00 9724.24 9724.48 9724.52 9724.52 9724.80 9725.08 9725.16 9725.28 9725.32 9725.32 9725.40 9725.48 9725.72 9725.96 9726.28 9726.60 9726.76 9726.92 9727.16 9727.40 9727.80 9728.16 9728.08 9728.04 9728.12 9728.20 9728.24 9728.24 9728.40 9728.56 9728.60 9728.60 9728.72 9728.80 9728.84 9720.00 9720.12 9720.24 9720.48 9720.68 9720.68 9720.68 9720.72 9720.76 9720.84 9720.92 9721.20 9721.48 9721.64 9721.80 9721.96 9722.16 9722.32 9722.52 9722.64 9722.80 9722.80 9722.84 9722.92 9723.00 9723.24 9723.52 9723.72 9723.96 9724.12 9724.28 9724.16 9724.00 9724.04 9724.04 9724.16 9724.24 9724.16 9724.08 9723.72 9723.36 9723.44 9723.56 9723.92 9724.24 9724.36 9724.52 9724.36 9724.16 9724.12 9724.04 9723.88 9723.72 9723.64 9723.56 9723.48 9723.36 9723.32 9723.32 9723.16 9723.00 9723.24 9723.44 9723.28 9723.08 9723.00 9722.92 9723.00 9723.12 9723.20 9723.32 9723.56 9723.84 9723.96 9724.08 9723.96 9723.80 9723.84 9723.88 9724.08 9724.32 9724.60 9724.92 9724.92 9724.96 9725.12 9725.32 9725.40 9725.52 9725.64 9725.76 9725.80 9725.84 9725.96 9726.08 9726.32 9726.52 9726.80 9727.08 9727.36 9727.60 9727.96 9728.36 9728.16 9728.00 9728.04 9728.08 9728.20 9728.36 9728.52 9728.68 9728.72 9728.76 9728.76 9728.76 9728.88 9719.20 9719.36 9719.52 9719.84 9720.12 9720.08 9720.08 9720.08 9720.12 9720.24 9720.40 9720.76 9721.08 9721.16 9721.28 9721.36 9721.40 9721.68 9721.96 9722.16 9722.32 9722.36 9722.36 9722.52 9722.64 9722.88 9723.08 9723.24 9723.44 9723.64 9723.84 9723.84 9723.80 9723.84 9723.84 9723.72 9723.56 9723.28 9723.00 9722.84 9722.72 9722.92 9723.08 9723.24 9723.44 9723.56 9723.68 9723.44 9723.20 9723.08 9722.96 9722.80 9722.64 9722.72 9722.80 9722.84 9722.88 9722.92 9723.00 9723.00 9723.00 9723.24 9723.52 9723.28 9723.04 9722.92 9722.76 9722.80 9722.84 9722.92 9723.04 9723.24 9723.40 9723.60 9723.76 9723.60 9723.40 9723.48 9723.52 9724.08 9724.60 9724.96 9725.32 9725.36 9725.40 9725.48 9725.52 9725.64 9725.76 9726.00 9726.20 9726.16 9726.16 9726.16 9726.20 9726.32 9726.44 9726.84 9727.24 9727.52 9727.80 9728.16 9728.52 9728.24 9728.00 9728.00 9727.96 9728.20 9728.44 9728.64 9728.80 9728.84 9728.92 9728.84 9728.72 9728.92 </TempDataArray>
    </BinaryData>
    <End xmlns="" EndString="7777"/>
</gribObject>
