<?xml version="1.0" encoding="UTF-8" standalone="yes"?>
<gribObject xmlns:xsi="http://www.w3.org/2001/XMLSchema-instance" xmlns:xsd="http://www.w3.org/2001/XMLSchema" xmlns="http://c4i.mlt/ICDU/schema" ForecastTime="2025-09-27T12:00:00.000Z" RunTime="2025-09-27T12:00:00.000Z" ParameterName="Geopotential height" FileName="newsingapore">
    <Indicator xmlns="" GribHeader="GRIB" NumOfOctets="21" GribType="2"/>
    <ProductDefinition xmlns="" NumOfOctets="4" ParamTableVersion="2" OrigCenter="7" ProcessID="81" GridID="36" GDS_BDS_Flag="128" ParamAndUnits="156" LevelType="0" Level="100" ReferenceTime="27" Month="9" Day="27" Hour="12" Minute="0" ForecastTimeUnits="1" PeriodOfTime1="12" PeriodOfTime2="0" TimeRangeIndicator="1" NumInAverage="16619" NumMissingAverage="0" CenturyOfReference="21" SubcenterID="0" DecimalScaleFactor="2" Reserved1="0" Lat1="-11000" Lon1="91000" Lat2="-9500" Lon2="105375" Di="125" Dj="125"/>
    <GridDescription xmlns="" NumOfOctets="72" NV="0" PV="255" DataRepresentationType="0">
        <LatLonProjection Ni="116" Nj="13" Flags="128" ScanFlags="64" Reserved="0"/>
    </GridDescription>
    <BinaryData xmlns="" NumOfOctets="6032" FlagsAndUnused="12" BinaryScaleFactor="2" ReferenceValue="1660474.000000" DatumPacked="1508" OptionalFlags="0">
        <TempDataArray>16615.62 16615.82 16616.02 16615.82 16615.58 16615.42 16615.22 16615.58 16615.90 16616.42 16616.94 16617.62 16618.26 16619.02 16619.82 16620.34 16620.86 16620.70 16620.58 16619.86 16619.10 16618.34 16617.54 16617.38 16617.26 16617.38 16617.50 16617.54 16617.54 16617.78 16617.98 16618.18 16618.38 16618.50 16618.62 16618.86 16619.10 16619.34 16619.54 16619.66 16619.78 16619.66 16619.54 16619.78 16619.98 16620.14 16620.30 16620.14 16619.98 16620.18 16620.38 16621.10 16621.78 16621.78 16621.78 16621.30 16620.82 16620.42 16619.98 16620.30 16620.62 16621.02 16621.42 16621.14 16620.86 16620.66 16620.42 16620.82 16621.22 16621.18 16621.10 16620.46 16619.82 16619.46 16619.10 16618.78 16618.42 16618.18 16617.90 16618.14 16618.38 16618.50 16618.62 16618.94 16619.22 16620.10 16620.98 16621.82 16622.62 16622.86 16623.14 16623.02 16622.90 16622.98 16623.06 16623.14 16623.22 16623.14 16623.06 16623.46 16623.82 16624.34 16624.82 16624.86 16624.90 16625.06 16625.22 16625.42 16625.58 16625.54 16625.50 16625.54 16625.54 16625.54 16625.54 16625.34 16614.46 16614.50 16614.54 16614.50 16614.46 16614.66 16614.82 16615.18 16615.58 16616.06 16616.54 16617.26 16617.98 16618.74 16619.50 16619.94 16620.38 16620.26 16620.18 16619.50 16618.86 16618.26 16617.66 16617.54 16617.46 16617.38 16617.34 16617.34 16617.34 16617.58 16617.86 16618.18 16618.50 16618.78 16619.02 16619.30 16619.58 16619.70 16619.86 16619.78 16619.70 16619.54 16619.42 16619.82 16620.18 16620.38 16620.54 16620.50 16620.46 16620.58 16620.70 16621.10 16621.50 16621.54 16621.58 16621.30 16620.98 16620.78 16620.58 16620.74 16620.94 16621.02 16621.10 16620.90 16620.74 16620.70 16620.70 16620.98 16621.26 16621.18 16621.14 16620.58 16620.02 16619.74 16619.46 16619.06 16618.66 16618.46 16618.26 16618.58 16618.90 16618.98 16619.02 16619.14 16619.30 16620.26 16621.26 16621.90 16622.54 16622.62 16622.70 16622.62 16622.54 16622.78 16623.02 16623.18 16623.34 16623.38 16623.42 16623.94 16624.42 16624.98 16625.58 16625.62 16625.66 16625.62 16625.58 16625.62 16625.66 16625.58 16625.50 16625.46 16625.42 16625.42 16625.42 16625.34 16613.26 16613.18 16613.06 16613.18 16613.34 16613.86 16614.42 16614.86 16615.26 16615.70 16616.18 16616.94 16617.70 16618.46 16619.18 16619.54 16619.86 16619.82 16619.74 16619.18 16618.58 16618.18 16617.78 16617.70 16617.62 16617.38 16617.14 16617.14 16617.10 16617.38 16617.70 16618.18 16618.62 16619.02 16619.46 16619.78 16620.06 16620.14 16620.18 16619.86 16619.58 16619.46 16619.30 16619.86 16620.38 16620.58 16620.78 16620.86 16620.90 16620.94 16620.98 16621.10 16621.22 16621.30 16621.38 16621.26 16621.14 16621.14 16621.14 16621.18 16621.22 16620.98 16620.74 16620.70 16620.62 16620.78 16620.94 16621.14 16621.30 16621.26 16621.18 16620.70 16620.22 16620.02 16619.82 16619.34 16618.86 16618.74 16618.62 16619.02 16619.42 16619.42 16619.42 16619.38 16619.34 16620.46 16621.54 16622.02 16622.50 16622.38 16622.26 16622.22 16622.18 16622.62 16623.02 16623.22 16623.42 16623.62 16623.78 16624.38 16625.02 16625.66 16626.30 16626.34 16626.38 16626.18 16625.94 16625.82 16625.70 16625.62 16625.50 16625.42 16625.30 16625.30 16625.30 16625.34 16611.78 16612.02 16612.22 16612.38 16612.54 16613.10 16613.66 16614.18 16614.70 16615.34 16615.94 16616.78 16617.58 16618.34 16619.14 16619.30 16619.50 16619.38 16619.26 16618.78 16618.30 16618.22 16618.14 16618.10 16618.06 16617.86 16617.66 16617.62 16617.62 16617.78 16617.94 16618.30 16618.70 16619.06 16619.46 16619.74 16620.06 16620.14 16620.26 16619.90 16619.58 16619.38 16619.18 16619.62 16620.02 16620.14 16620.26 16620.42 16620.58 16620.66 16620.70 16620.66 16620.66 16620.78 16620.94 16620.98 16620.98 16621.02 16621.02 16621.14 16621.26 16621.02 16620.78 16620.62 16620.50 16620.66 16620.82 16620.86 16620.90 16620.70 16620.50 16620.02 16619.58 16619.78 16619.98 16619.86 16619.78 16619.50 16619.22 16619.50 16619.78 16619.74 16619.70 16619.74 16619.82 16620.74 16621.66 16622.06 16622.46 16622.22 16622.02 16622.02 16622.02 16622.42 16622.86 16623.18 16623.54 16623.94 16624.30 16624.82 16625.30 16625.82 16626.34 16626.42 16626.54 16626.34 16626.14 16625.82 16625.46 16625.34 16625.22 16625.26 16625.30 16625.34 16625.42 16625.50 16610.30 16610.86 16611.38 16611.58 16611.74 16612.34 16612.90 16613.54 16614.18 16614.94 16615.70 16616.58 16617.46 16618.26 16619.06 16619.10 16619.14 16618.98 16618.78 16618.38 16618.02 16618.26 16618.46 16618.50 16618.50 16618.34 16618.18 16618.14 16618.10 16618.14 16618.18 16618.46 16618.74 16619.10 16619.42 16619.74 16620.06 16620.18 16620.30 16619.94 16619.58 16619.34 16619.10 16619.38 16619.66 16619.70 16619.74 16620.02 16620.26 16620.34 16620.42 16620.26 16620.06 16620.30 16620.50 16620.66 16620.82 16620.86 16620.90 16621.10 16621.26 16621.02 16620.78 16620.58 16620.38 16620.54 16620.66 16620.58 16620.50 16620.18 16619.82 16619.38 16618.94 16619.54 16620.10 16620.38 16620.66 16620.26 16619.86 16619.98 16620.10 16620.02 16619.98 16620.14 16620.26 16621.02 16621.78 16622.10 16622.38 16622.10 16621.78 16621.82 16621.82 16622.26 16622.66 16623.18 16623.70 16624.26 16624.82 16625.18 16625.58 16625.98 16626.34 16626.50 16626.66 16626.50 16626.34 16625.78 16625.22 16625.10 16624.94 16625.10 16625.26 16625.38 16625.50 16625.62 16609.46 16610.06 16610.66 16610.70 16610.70 16611.26 16611.86 16612.58 16613.30 16614.26 16615.22 16616.10 16616.98 16617.62 16618.26 16618.38 16618.50 16618.38 16618.26 16618.10 16617.94 16618.18 16618.46 16618.50 16618.54 16618.62 16618.70 16618.70 16618.78 16618.78 16618.78 16618.98 16619.18 16619.42 16619.66 16619.90 16620.14 16620.34 16620.50 16620.26 16620.02 16619.86 16619.70 16619.82 16619.94 16619.82 16619.70 16619.78 16619.86 16619.98 16620.10 16620.14 16620.18 16620.46 16620.74 16620.98 16621.22 16621.42 16621.66 16621.74 16621.86 16621.46 16621.06 16620.50 16619.94 16619.94 16619.94 16619.86 16619.86 16619.54 16619.26 16618.90 16618.54 16619.02 16619.50 16619.94 16620.38 16620.14 16619.86 16619.94 16619.98 16619.90 16619.82 16620.06 16620.30 16620.86 16621.38 16621.58 16621.78 16621.50 16621.22 16621.38 16621.54 16621.82 16622.14 16622.58 16623.02 16623.66 16624.30 16624.74 16625.18 16625.58 16625.98 16626.22 16626.46 16626.42 16626.38 16625.94 16625.54 16625.42 16625.26 16625.54 16625.78 16625.78 16625.82 16625.82 16608.62 16609.26 16609.90 16609.82 16609.70 16610.22 16610.78 16611.58 16612.38 16613.58 16614.78 16615.62 16616.46 16616.98 16617.46 16617.66 16617.86 16617.82 16617.78 16617.82 16617.86 16618.14 16618.42 16618.54 16618.62 16618.90 16619.18 16619.30 16619.42 16619.42 16619.38 16619.50 16619.62 16619.78 16619.90 16620.06 16620.22 16620.46 16620.70 16620.54 16620.42 16620.38 16620.30 16620.26 16620.18 16619.90 16619.62 16619.54 16619.50 16619.62 16619.74 16620.02 16620.26 16620.62 16620.98 16621.30 16621.62 16622.02 16622.38 16622.42 16622.46 16621.90 16621.34 16620.42 16619.50 16619.34 16619.18 16619.18 16619.18 16618.94 16618.70 16618.38 16618.10 16618.50 16618.86 16619.46 16620.06 16619.98 16619.90 16619.86 16619.86 16619.74 16619.62 16619.98 16620.34 16620.70 16621.02 16621.10 16621.14 16620.90 16620.66 16620.94 16621.22 16621.42 16621.62 16621.98 16622.30 16623.02 16623.78 16624.26 16624.78 16625.18 16625.62 16625.94 16626.26 16626.34 16626.38 16626.10 16625.82 16625.70 16625.62 16625.94 16626.26 16626.18 16626.14 16626.02 16608.06 16608.38 16608.70 16608.54 16608.34 16609.02 16609.70 16610.74 16611.74 16612.90 16614.06 16614.82 16615.58 16616.02 16616.42 16616.78 16617.14 16617.14 16617.14 16617.34 16617.50 16617.74 16618.02 16618.34 16618.66 16619.06 16619.50 16619.50 16619.50 16619.34 16619.18 16619.18 16619.14 16619.22 16619.30 16619.34 16619.38 16619.62 16619.86 16620.06 16620.26 16620.30 16620.38 16620.22 16620.06 16620.02 16620.02 16619.98 16619.94 16619.94 16619.98 16619.98 16620.02 16620.10 16620.18 16620.50 16620.78 16621.18 16621.58 16621.58 16621.62 16621.34 16621.02 16620.34 16619.62 16619.34 16619.02 16619.10 16619.18 16619.22 16619.22 16619.10 16618.98 16619.14 16619.30 16619.46 16619.58 16619.34 16619.10 16618.94 16618.82 16618.78 16618.78 16619.34 16619.90 16620.30 16620.70 16620.70 16620.70 16620.38 16620.06 16620.54 16621.02 16621.26 16621.54 16621.70 16621.86 16622.46 16623.10 16623.62 16624.18 16624.66 16625.18 16625.50 16625.86 16626.02 16626.14 16626.10 16626.10 16626.14 16626.22 16626.54 16626.86 16626.86 16626.86 16626.66 16607.54 16607.54 16607.54 16607.26 16606.98 16607.82 16608.66 16609.86 16611.06 16612.18 16613.34 16614.02 16614.70 16615.02 16615.38 16615.90 16616.38 16616.46 16616.50 16616.82 16617.14 16617.38 16617.58 16618.14 16618.66 16619.26 16619.82 16619.70 16619.54 16619.26 16618.98 16618.82 16618.66 16618.70 16618.70 16618.62 16618.50 16618.78 16619.02 16619.54 16620.10 16620.26 16620.42 16620.18 16619.94 16620.18 16620.38 16620.38 16620.34 16620.26 16620.18 16619.98 16619.74 16619.58 16619.42 16619.70 16619.94 16620.34 16620.74 16620.78 16620.78 16620.78 16620.74 16620.26 16619.74 16619.30 16618.86 16619.02 16619.22 16619.50 16619.78 16619.82 16619.82 16619.78 16619.74 16619.42 16619.10 16618.70 16618.30 16618.02 16617.74 16617.86 16617.94 16618.70 16619.46 16619.94 16620.38 16620.34 16620.26 16619.86 16619.46 16620.14 16620.78 16621.10 16621.42 16621.42 16621.42 16621.90 16622.38 16622.98 16623.54 16624.10 16624.70 16625.10 16625.46 16625.70 16625.90 16626.14 16626.34 16626.58 16626.82 16627.14 16627.42 16627.50 16627.58 16627.30 16607.06 16606.98 16606.90 16606.62 16606.38 16607.06 16607.74 16608.90 16610.10 16610.98 16611.86 16612.50 16613.10 16613.50 16613.90 16614.46 16615.02 16615.22 16615.38 16615.86 16616.38 16616.78 16617.18 16617.70 16618.26 16618.82 16619.38 16619.22 16619.02 16618.70 16618.34 16618.10 16617.90 16617.82 16617.74 16617.62 16617.54 16617.78 16618.02 16618.70 16619.34 16619.54 16619.70 16619.38 16619.06 16619.26 16619.42 16619.54 16619.62 16619.70 16619.74 16619.58 16619.42 16619.18 16618.94 16618.94 16618.94 16619.06 16619.18 16619.38 16619.54 16619.78 16620.02 16619.86 16619.70 16619.46 16619.22 16619.34 16619.50 16619.78 16620.02 16620.34 16620.66 16620.70 16620.70 16620.34 16619.94 16619.58 16619.18 16618.94 16618.66 16618.50 16618.38 16618.78 16619.18 16619.62 16620.06 16620.02 16620.02 16619.78 16619.54 16620.18 16620.86 16621.22 16621.54 16621.58 16621.58 16621.90 16622.26 16622.70 16623.18 16623.66 16624.18 16624.50 16624.86 16625.14 16625.46 16625.74 16626.02 16626.30 16626.58 16626.74 16626.86 16626.94 16626.98 16626.78 16606.62 16606.46 16606.26 16606.02 16605.74 16606.30 16606.82 16607.98 16609.10 16609.74 16610.38 16610.98 16611.54 16611.98 16612.42 16613.06 16613.70 16613.98 16614.26 16614.94 16615.62 16616.18 16616.74 16617.30 16617.82 16618.38 16618.94 16618.74 16618.54 16618.10 16617.66 16617.42 16617.14 16616.98 16616.78 16616.66 16616.54 16616.82 16617.06 16617.82 16618.58 16618.78 16618.98 16618.58 16618.18 16618.34 16618.46 16618.70 16618.90 16619.10 16619.30 16619.18 16619.06 16618.78 16618.46 16618.18 16617.94 16617.82 16617.66 16617.98 16618.30 16618.82 16619.34 16619.54 16619.70 16619.66 16619.58 16619.66 16619.74 16620.02 16620.30 16620.90 16621.46 16621.58 16621.70 16621.22 16620.78 16620.46 16620.10 16619.82 16619.54 16619.18 16618.78 16618.82 16618.86 16619.30 16619.74 16619.78 16619.78 16619.70 16619.58 16620.30 16620.98 16621.34 16621.70 16621.70 16621.74 16621.94 16622.10 16622.46 16622.78 16623.18 16623.62 16623.94 16624.26 16624.62 16624.98 16625.34 16625.70 16626.02 16626.34 16626.34 16626.34 16626.34 16626.34 16626.30 16607.02 16606.46 16605.86 16605.54 16605.26 16605.70 16606.18 16606.98 16607.74 16608.46 16609.14 16609.62 16610.06 16610.58 16611.06 16611.90 16612.74 16613.18 16613.62 16614.26 16614.90 16615.42 16615.94 16616.42 16616.94 16617.46 16617.98 16617.98 16617.98 16617.66 16617.34 16617.10 16616.86 16616.82 16616.82 16616.82 16616.86 16616.98 16617.10 16617.70 16618.26 16618.46 16618.66 16618.26 16617.86 16617.82 16617.82 16618.02 16618.18 16618.54 16618.86 16618.86 16618.86 16618.54 16618.18 16617.86 16617.54 16617.38 16617.18 16617.74 16618.30 16618.86 16619.42 16619.58 16619.78 16619.70 16619.66 16619.66 16619.66 16619.74 16619.78 16620.22 16620.66 16620.94 16621.18 16621.06 16620.94 16620.70 16620.46 16620.30 16620.14 16620.06 16620.02 16620.02 16620.02 16620.34 16620.66 16620.74 16620.86 16620.78 16620.74 16621.14 16621.50 16621.42 16621.34 16621.34 16621.34 16621.54 16621.78 16622.18 16622.58 16623.10 16623.66 16623.98 16624.30 16624.58 16624.86 16625.14 16625.46 16625.70 16625.98 16625.98 16626.02 16626.06 16626.14 16626.18 16607.46 16606.46 16605.42 16605.10 16604.74 16605.14 16605.54 16605.98 16606.38 16607.14 16607.90 16608.26 16608.62 16609.18 16609.70 16610.74 16611.78 16612.38 16612.94 16613.54 16614.18 16614.66 16615.10 16615.54 16616.02 16616.50 16616.98 16617.18 16617.38 16617.18 16617.02 16616.82 16616.58 16616.70 16616.82 16616.98 16617.14 16617.14 16617.14 16617.54 16617.94 16618.14 16618.34 16617.94 16617.54 16617.34 16617.14 16617.34 16617.50 16617.94 16618.38 16618.50 16618.62 16618.26 16617.94 16617.54 16617.10 16616.94 16616.74 16617.50 16618.26 16618.86 16619.46 16619.66 16619.86 16619.82 16619.74 16619.66 16619.58 16619.42 16619.26 16619.54 16619.86 16620.26 16620.66 16620.86 16621.06 16620.94 16620.78 16620.78 16620.74 16620.98 16621.22 16621.22 16621.22 16621.38 16621.54 16621.70 16621.90 16621.90 16621.90 16621.98 16622.02 16621.50 16620.98 16620.98 16620.94 16621.18 16621.42 16621.90 16622.38 16623.02 16623.66 16623.98 16624.30 16624.50 16624.70 16624.94 16625.18 16625.38 16625.62 16625.66 16625.66 16625.82 16625.94 16626.10 </TempDataArray>
    </BinaryData>
    <End xmlns="" EndString="7777"/>
</gribObject>
