<?xml version="1.0" encoding="UTF-8" standalone="yes"?>
<gribObject xmlns:xsi="http://www.w3.org/2001/XMLSchema-instance" xmlns:xsd="http://www.w3.org/2001/XMLSchema" xmlns="http://c4i.mlt/ICDU/schema" ForecastTime="2025-09-27T12:00:00.000Z" RunTime="2025-09-27T12:00:00.000Z" ParameterName="Geopotential height" FileName="newsingapore">
    <Indicator xmlns="" GribHeader="GRIB" NumOfOctets="21" GribType="2"/>
    <ProductDefinition xmlns="" NumOfOctets="4" ParamTableVersion="2" OrigCenter="7" ProcessID="81" GridID="36" GDS_BDS_Flag="128" ParamAndUnits="156" LevelType="0" Level="200" ReferenceTime="27" Month="9" Day="27" Hour="12" Minute="0" ForecastTimeUnits="1" PeriodOfTime1="12" PeriodOfTime2="0" TimeRangeIndicator="1" NumInAverage="12485" NumMissingAverage="0" CenturyOfReference="21" SubcenterID="0" DecimalScaleFactor="2" Reserved1="0" Lat1="-11000" Lon1="91000" Lat2="-9500" Lon2="105375" Di="125" Dj="125"/>
    <GridDescription xmlns="" NumOfOctets="72" NV="0" PV="255" DataRepresentationType="0">
        <LatLonProjection Ni="116" Nj="13" Flags="128" ScanFlags="64" Reserved="0"/>
    </GridDescription>
    <BinaryData xmlns="" NumOfOctets="6032" FlagsAndUnused="12" BinaryScaleFactor="2" ReferenceValue="1247443.875000" DatumPacked="1508" OptionalFlags="0">
        <TempDataArray>12483.48 12483.44 12483.40 12483.56 12483.68 12483.72 12483.72 12483.76 12483.80 12483.64 12483.48 12483.68 12483.88 12483.92 12483.92 12484.04 12484.12 12484.40 12484.68 12485.20 12485.68 12485.96 12486.20 12486.32 12486.44 12486.32 12486.20 12486.24 12486.28 12486.48 12486.72 12487.04 12487.32 12487.48 12487.60 12487.72 12487.84 12487.80 12487.72 12487.76 12487.80 12487.88 12487.92 12488.00 12488.08 12488.16 12488.24 12488.32 12488.40 12488.60 12488.80 12489.08 12489.36 12489.32 12489.32 12489.16 12488.96 12488.88 12488.76 12489.04 12489.28 12489.12 12488.92 12488.20 12487.48 12487.48 12487.44 12487.40 12487.32 12487.48 12487.68 12487.80 12487.92 12488.64 12489.32 12489.44 12489.56 12488.88 12488.16 12488.24 12488.32 12487.84 12487.32 12487.16 12486.96 12487.04 12487.08 12486.88 12486.64 12486.28 12485.88 12485.96 12486.04 12486.20 12486.36 12486.48 12486.64 12486.76 12486.88 12486.80 12486.68 12486.72 12486.72 12486.88 12487.04 12487.04 12487.00 12487.08 12487.12 12487.48 12487.84 12488.12 12488.36 12488.40 12488.40 12488.32 12482.92 12482.96 12483.04 12483.12 12483.24 12483.36 12483.52 12483.48 12483.40 12483.16 12482.88 12483.04 12483.16 12483.28 12483.40 12483.64 12483.92 12484.20 12484.48 12484.92 12485.32 12485.44 12485.56 12485.64 12485.72 12485.64 12485.56 12485.60 12485.64 12485.88 12486.12 12486.40 12486.68 12486.92 12487.16 12487.32 12487.44 12487.28 12487.08 12487.04 12487.04 12487.16 12487.32 12487.52 12487.76 12487.96 12488.16 12488.16 12488.20 12488.36 12488.56 12488.64 12488.72 12488.52 12488.36 12488.32 12488.28 12488.16 12488.04 12488.00 12487.92 12487.72 12487.56 12487.28 12487.00 12487.16 12487.32 12487.24 12487.20 12487.48 12487.80 12487.76 12487.72 12488.20 12488.72 12488.92 12489.12 12489.04 12489.00 12488.96 12488.96 12488.24 12487.48 12487.40 12487.28 12487.16 12487.04 12486.72 12486.40 12486.12 12485.84 12486.00 12486.16 12486.32 12486.48 12486.68 12486.88 12486.92 12486.96 12486.84 12486.76 12486.84 12486.92 12487.12 12487.28 12487.36 12487.44 12487.56 12487.68 12487.96 12488.24 12488.40 12488.56 12488.60 12488.68 12488.68 12482.32 12482.48 12482.68 12482.72 12482.76 12483.04 12483.32 12483.16 12483.00 12482.64 12482.28 12482.36 12482.44 12482.68 12482.88 12483.28 12483.68 12484.00 12484.32 12484.64 12484.92 12484.92 12484.92 12484.96 12485.00 12484.96 12484.88 12484.96 12485.00 12485.24 12485.48 12485.76 12486.04 12486.40 12486.72 12486.88 12487.04 12486.76 12486.44 12486.32 12486.24 12486.48 12486.68 12487.04 12487.40 12487.72 12488.04 12488.00 12487.96 12488.16 12488.32 12488.20 12488.04 12487.72 12487.40 12487.48 12487.60 12487.48 12487.32 12486.96 12486.56 12486.36 12486.16 12486.32 12486.48 12486.84 12487.16 12487.12 12487.08 12487.48 12487.88 12487.68 12487.48 12487.80 12488.12 12488.40 12488.68 12489.24 12489.80 12489.68 12489.56 12488.64 12487.68 12487.64 12487.56 12487.28 12486.96 12486.56 12486.16 12486.00 12485.80 12486.04 12486.28 12486.48 12486.64 12486.88 12487.08 12487.04 12487.00 12486.92 12486.84 12487.00 12487.12 12487.32 12487.52 12487.72 12487.88 12488.04 12488.20 12488.44 12488.64 12488.72 12488.76 12488.84 12488.92 12489.08 12481.40 12481.76 12482.08 12482.28 12482.48 12482.64 12482.76 12482.52 12482.28 12481.92 12481.52 12481.76 12481.96 12482.24 12482.52 12482.84 12483.20 12483.64 12484.04 12484.28 12484.52 12484.40 12484.28 12484.16 12484.08 12484.12 12484.16 12484.28 12484.40 12484.52 12484.64 12485.00 12485.36 12485.68 12486.04 12486.04 12486.08 12485.80 12485.56 12485.52 12485.48 12485.72 12485.96 12486.52 12487.12 12487.36 12487.60 12487.60 12487.60 12487.68 12487.76 12487.48 12487.20 12487.04 12486.88 12486.88 12486.92 12486.84 12486.76 12486.52 12486.28 12486.04 12485.80 12486.08 12486.36 12486.56 12486.76 12486.84 12486.92 12487.32 12487.72 12487.56 12487.48 12487.60 12487.72 12487.88 12488.08 12488.40 12488.72 12488.64 12488.56 12488.04 12487.48 12487.48 12487.44 12487.24 12487.00 12486.76 12486.48 12486.36 12486.20 12486.44 12486.68 12486.84 12487.04 12487.08 12487.16 12487.08 12487.04 12487.08 12487.16 12487.36 12487.52 12487.76 12488.00 12488.16 12488.32 12488.44 12488.60 12488.76 12488.92 12488.92 12488.92 12489.04 12489.16 12489.28 12480.52 12481.00 12481.44 12481.84 12482.24 12482.24 12482.20 12481.88 12481.56 12481.16 12480.76 12481.12 12481.48 12481.80 12482.12 12482.44 12482.72 12483.24 12483.76 12483.96 12484.12 12483.88 12483.60 12483.40 12483.16 12483.32 12483.44 12483.60 12483.76 12483.76 12483.76 12484.20 12484.64 12485.00 12485.32 12485.20 12485.08 12484.88 12484.68 12484.68 12484.68 12484.96 12485.24 12486.04 12486.80 12487.00 12487.16 12487.20 12487.20 12487.20 12487.20 12486.80 12486.36 12486.36 12486.36 12486.28 12486.20 12486.20 12486.20 12486.12 12486.00 12485.72 12485.44 12485.84 12486.24 12486.28 12486.32 12486.52 12486.72 12487.12 12487.52 12487.48 12487.44 12487.40 12487.32 12487.40 12487.44 12487.56 12487.64 12487.60 12487.56 12487.44 12487.32 12487.32 12487.32 12487.20 12487.04 12486.92 12486.80 12486.72 12486.60 12486.84 12487.04 12487.24 12487.40 12487.32 12487.24 12487.16 12487.04 12487.28 12487.48 12487.72 12487.92 12488.20 12488.44 12488.56 12488.72 12488.88 12489.00 12489.12 12489.20 12489.12 12489.04 12489.20 12489.36 12489.44 12480.08 12480.36 12480.68 12481.24 12481.84 12481.68 12481.56 12481.16 12480.76 12480.48 12480.16 12480.56 12480.96 12481.32 12481.72 12481.96 12482.20 12482.72 12483.28 12483.36 12483.44 12483.12 12482.80 12482.64 12482.48 12482.60 12482.72 12482.76 12482.80 12482.84 12482.88 12483.36 12483.84 12484.20 12484.56 12484.48 12484.40 12484.24 12484.08 12484.24 12484.44 12484.80 12485.16 12485.68 12486.16 12486.32 12486.44 12486.60 12486.76 12486.80 12486.88 12486.64 12486.40 12486.32 12486.28 12486.04 12485.84 12485.68 12485.56 12485.28 12485.00 12484.92 12484.84 12485.44 12486.04 12486.16 12486.24 12486.48 12486.76 12487.04 12487.32 12487.32 12487.32 12487.36 12487.40 12487.44 12487.44 12487.24 12487.04 12487.08 12487.08 12487.08 12487.08 12487.24 12487.44 12487.32 12487.24 12487.24 12487.24 12487.20 12487.20 12487.40 12487.64 12487.76 12487.92 12487.96 12487.96 12487.92 12487.92 12488.04 12488.20 12488.40 12488.60 12488.80 12488.96 12489.04 12489.16 12489.24 12489.32 12489.36 12489.40 12489.40 12489.40 12489.52 12489.68 12489.68 12479.60 12479.76 12479.92 12480.68 12481.40 12481.16 12480.88 12480.44 12479.96 12479.76 12479.56 12480.00 12480.40 12480.88 12481.32 12481.48 12481.64 12482.24 12482.80 12482.80 12482.76 12482.40 12482.00 12481.92 12481.80 12481.92 12482.00 12481.92 12481.80 12481.88 12481.96 12482.48 12483.00 12483.40 12483.80 12483.76 12483.72 12483.60 12483.48 12483.84 12484.16 12484.64 12485.08 12485.32 12485.52 12485.64 12485.72 12486.00 12486.28 12486.40 12486.52 12486.48 12486.40 12486.32 12486.20 12485.84 12485.44 12485.16 12484.88 12484.44 12483.96 12484.08 12484.20 12485.04 12485.84 12486.00 12486.16 12486.48 12486.76 12486.92 12487.08 12487.12 12487.16 12487.36 12487.52 12487.48 12487.44 12486.96 12486.44 12486.52 12486.60 12486.72 12486.80 12487.20 12487.56 12487.48 12487.40 12487.56 12487.68 12487.72 12487.76 12488.00 12488.20 12488.32 12488.44 12488.56 12488.68 12488.72 12488.76 12488.84 12488.88 12489.08 12489.28 12489.40 12489.48 12489.52 12489.56 12489.60 12489.64 12489.64 12489.60 12489.68 12489.76 12489.88 12489.96 12489.92 12478.32 12478.76 12479.20 12479.88 12480.56 12480.32 12480.04 12479.80 12479.56 12479.52 12479.48 12479.80 12480.12 12480.44 12480.80 12481.08 12481.40 12481.64 12481.84 12481.88 12481.92 12481.72 12481.56 12481.48 12481.40 12481.36 12481.32 12481.16 12481.00 12481.24 12481.52 12482.08 12482.68 12483.04 12483.40 12483.36 12483.32 12483.24 12483.12 12483.52 12483.88 12484.40 12484.92 12485.16 12485.36 12485.52 12485.64 12485.76 12485.84 12485.84 12485.84 12485.92 12486.04 12486.12 12486.20 12485.92 12485.68 12485.20 12484.72 12484.32 12483.96 12484.28 12484.64 12485.28 12485.92 12486.00 12486.12 12486.24 12486.40 12486.48 12486.56 12486.68 12486.80 12487.04 12487.32 12487.28 12487.24 12486.92 12486.60 12486.80 12487.00 12487.04 12487.12 12487.32 12487.48 12487.48 12487.48 12487.68 12487.84 12488.04 12488.24 12488.44 12488.64 12488.80 12488.92 12489.20 12489.48 12489.48 12489.48 12489.48 12489.48 12489.56 12489.64 12489.64 12489.64 12489.64 12489.64 12489.72 12489.84 12489.88 12489.92 12490.04 12490.16 12490.16 12490.16 12490.00 12477.00 12477.76 12478.48 12479.12 12479.72 12479.48 12479.20 12479.16 12479.12 12479.24 12479.36 12479.56 12479.80 12480.04 12480.24 12480.72 12481.16 12481.04 12480.88 12480.96 12481.04 12481.08 12481.08 12481.04 12481.00 12480.84 12480.64 12480.40 12480.16 12480.64 12481.08 12481.72 12482.32 12482.68 12483.00 12482.96 12482.92 12482.84 12482.76 12483.20 12483.60 12484.20 12484.76 12485.00 12485.20 12485.40 12485.56 12485.48 12485.40 12485.28 12485.12 12485.40 12485.64 12485.92 12486.16 12486.04 12485.92 12485.24 12484.56 12484.24 12483.92 12484.52 12485.08 12485.56 12486.00 12486.04 12486.04 12486.04 12486.04 12486.04 12486.00 12486.24 12486.44 12486.76 12487.08 12487.08 12487.04 12486.92 12486.76 12487.08 12487.40 12487.40 12487.40 12487.40 12487.44 12487.48 12487.56 12487.80 12488.00 12488.36 12488.68 12488.88 12489.08 12489.24 12489.40 12489.84 12490.24 12490.20 12490.16 12490.12 12490.04 12490.00 12489.96 12489.88 12489.76 12489.72 12489.68 12489.84 12490.00 12490.12 12490.24 12490.40 12490.52 12490.40 12490.32 12490.04 12476.48 12477.24 12478.00 12478.48 12479.00 12478.96 12478.88 12478.92 12479.00 12478.84 12478.72 12478.84 12478.96 12479.36 12479.76 12480.08 12480.44 12480.40 12480.32 12480.56 12480.76 12480.76 12480.76 12480.52 12480.28 12480.08 12479.92 12479.92 12479.92 12480.44 12480.96 12481.52 12482.08 12482.32 12482.56 12482.60 12482.68 12482.80 12482.96 12483.12 12483.32 12483.64 12483.96 12484.40 12484.80 12485.12 12485.40 12485.32 12485.24 12485.08 12484.92 12485.20 12485.44 12485.72 12486.00 12485.92 12485.88 12485.40 12484.96 12484.76 12484.60 12485.08 12485.52 12485.76 12486.00 12485.96 12485.92 12485.92 12485.92 12485.88 12485.84 12485.92 12486.04 12486.24 12486.44 12486.68 12486.96 12487.04 12487.16 12487.32 12487.48 12487.56 12487.68 12487.80 12487.92 12488.00 12488.08 12488.20 12488.28 12488.52 12488.72 12488.92 12489.16 12489.40 12489.68 12490.00 12490.32 12490.36 12490.40 12490.40 12490.40 12490.36 12490.32 12490.16 12490.00 12490.00 12490.00 12490.16 12490.36 12490.48 12490.56 12490.68 12490.76 12490.64 12490.52 12490.28 12475.92 12476.72 12477.48 12477.88 12478.28 12478.40 12478.56 12478.72 12478.84 12478.48 12478.08 12478.08 12478.08 12478.68 12479.24 12479.48 12479.72 12479.76 12479.76 12480.12 12480.48 12480.44 12480.40 12479.96 12479.52 12479.36 12479.16 12479.44 12479.68 12480.24 12480.80 12481.32 12481.80 12481.96 12482.08 12482.24 12482.40 12482.80 12483.16 12483.08 12483.00 12483.08 12483.16 12483.80 12484.40 12484.84 12485.28 12485.20 12485.08 12484.92 12484.72 12485.00 12485.24 12485.52 12485.80 12485.84 12485.84 12485.56 12485.32 12485.32 12485.28 12485.64 12485.96 12486.00 12486.00 12485.92 12485.80 12485.80 12485.76 12485.72 12485.68 12485.64 12485.60 12485.72 12485.80 12486.32 12486.84 12487.20 12487.52 12487.56 12487.60 12487.76 12487.92 12488.16 12488.40 12488.48 12488.60 12488.56 12488.56 12488.68 12488.76 12489.00 12489.20 12489.60 12489.96 12490.20 12490.44 12490.52 12490.60 12490.68 12490.72 12490.68 12490.64 12490.44 12490.24 12490.24 12490.28 12490.48 12490.68 12490.80 12490.92 12490.96 12490.96 12490.84 12490.72 12490.48 12475.20 12476.08 12477.00 12477.40 12477.76 12478.04 12478.32 12478.32 12478.32 12478.16 12478.00 12478.08 12478.16 12478.56 12478.96 12479.16 12479.40 12479.44 12479.48 12479.72 12479.96 12479.88 12479.84 12479.48 12479.12 12478.96 12478.80 12478.96 12479.16 12479.60 12480.04 12480.56 12481.08 12481.32 12481.56 12481.80 12482.04 12482.36 12482.64 12482.64 12482.64 12482.88 12483.12 12483.60 12484.08 12484.44 12484.84 12484.84 12484.88 12484.68 12484.48 12484.60 12484.76 12484.84 12484.96 12484.96 12484.96 12485.04 12485.12 12485.16 12485.24 12485.44 12485.64 12485.52 12485.44 12485.52 12485.60 12485.60 12485.64 12485.68 12485.72 12485.76 12485.80 12486.00 12486.20 12486.64 12487.08 12487.24 12487.44 12487.56 12487.68 12488.08 12488.44 12488.68 12488.92 12488.88 12488.84 12488.76 12488.72 12488.80 12488.92 12489.08 12489.24 12489.68 12490.16 12490.48 12490.84 12491.04 12491.24 12491.24 12491.28 12491.16 12491.08 12490.88 12490.64 12490.56 12490.52 12490.72 12490.92 12491.12 12491.28 12491.36 12491.44 12491.40 12491.36 12491.16 12474.44 12475.48 12476.52 12476.88 12477.24 12477.64 12478.04 12477.92 12477.76 12477.84 12477.92 12478.08 12478.24 12478.48 12478.68 12478.88 12479.04 12479.12 12479.20 12479.32 12479.44 12479.32 12479.24 12478.96 12478.68 12478.56 12478.44 12478.52 12478.60 12478.96 12479.28 12479.80 12480.32 12480.68 12481.00 12481.36 12481.68 12481.92 12482.12 12482.20 12482.24 12482.64 12483.04 12483.40 12483.76 12484.08 12484.36 12484.48 12484.64 12484.44 12484.20 12484.24 12484.24 12484.20 12484.12 12484.08 12484.04 12484.48 12484.88 12485.04 12485.20 12485.24 12485.28 12485.08 12484.88 12485.16 12485.40 12485.44 12485.48 12485.60 12485.72 12485.88 12486.00 12486.28 12486.56 12486.92 12487.28 12487.32 12487.36 12487.56 12487.76 12488.36 12488.96 12489.20 12489.44 12489.24 12489.04 12488.96 12488.84 12488.96 12489.04 12489.16 12489.28 12489.80 12490.32 12490.80 12491.24 12491.56 12491.88 12491.84 12491.80 12491.68 12491.52 12491.28 12491.04 12490.92 12490.76 12490.96 12491.16 12491.40 12491.64 12491.80 12491.92 12491.96 12491.96 12491.80 </TempDataArray>
    </BinaryData>
    <End xmlns="" EndString="7777"/>
</gribObject>
