<?xml version="1.0" encoding="UTF-8" standalone="yes"?>
<gribObject xmlns:xsi="http://www.w3.org/2001/XMLSchema-instance" xmlns:xsd="http://www.w3.org/2001/XMLSchema" xmlns="http://c4i.mlt/ICDU/schema" ForecastTime="2025-09-25T12:00:00.000Z" RunTime="2025-09-25T12:00:00.000Z" ParameterName="Geopotential height" FileName="newsingapore">
    <Indicator xmlns="" GribHeader="GRIB" NumOfOctets="21" GribType="2"/>
    <ProductDefinition xmlns="" NumOfOctets="4" ParamTableVersion="2" OrigCenter="7" ProcessID="81" GridID="36" GDS_BDS_Flag="128" ParamAndUnits="156" LevelType="0" Level="300" ReferenceTime="25" Month="9" Day="25" Hour="12" Minute="0" ForecastTimeUnits="1" PeriodOfTime1="12" PeriodOfTime2="0" TimeRangeIndicator="1" NumInAverage="9699" NumMissingAverage="0" CenturyOfReference="21" SubcenterID="0" DecimalScaleFactor="2" Reserved1="0" Lat1="-11000" Lon1="91000" Lat2="-9500" Lon2="105375" Di="125" Dj="125"/>
    <GridDescription xmlns="" NumOfOctets="72" NV="0" PV="255" DataRepresentationType="0">
        <LatLonProjection Ni="116" Nj="13" Flags="128" ScanFlags="64" Reserved="0"/>
    </GridDescription>
    <BinaryData xmlns="" NumOfOctets="6032" FlagsAndUnused="12" BinaryScaleFactor="2" ReferenceValue="969396.562500" DatumPacked="1508" OptionalFlags="0">
        <TempDataArray>9697.25 9697.45 9697.61 9697.45 9697.25 9697.09 9696.89 9696.73 9696.57 9696.45 9696.33 9696.13 9695.93 9695.81 9695.69 9696.01 9696.33 9696.53 9696.73 9696.97 9697.21 9697.33 9697.41 9697.33 9697.21 9697.17 9697.09 9697.13 9697.17 9697.21 9697.25 9697.37 9697.45 9697.73 9698.01 9698.29 9698.53 9698.69 9698.85 9698.89 9698.93 9698.81 9698.69 9698.69 9698.65 9698.77 9698.93 9699.01 9699.05 9699.01 9698.97 9698.93 9698.85 9698.61 9698.33 9698.21 9698.05 9697.97 9697.89 9697.81 9697.73 9697.61 9697.49 9697.33 9697.13 9696.97 9696.81 9696.69 9696.57 9696.61 9696.61 9696.69 9696.81 9696.93 9697.09 9697.33 9697.53 9697.85 9698.13 9698.45 9698.73 9698.93 9699.17 9699.33 9699.45 9699.53 9699.65 9699.77 9699.93 9700.13 9700.33 9700.61 9700.85 9701.13 9701.41 9701.69 9702.01 9702.37 9702.69 9703.13 9703.53 9703.85 9704.13 9704.37 9704.61 9704.85 9705.05 9705.21 9705.37 9705.45 9705.49 9705.57 9705.65 9705.69 9705.73 9705.85 9697.01 9697.09 9697.21 9697.17 9697.13 9697.13 9697.13 9697.01 9696.93 9696.89 9696.89 9696.61 9696.37 9696.17 9695.93 9696.21 9696.45 9696.57 9696.69 9696.81 9696.93 9697.01 9697.09 9697.13 9697.13 9697.17 9697.21 9697.33 9697.45 9697.49 9697.53 9697.61 9697.69 9697.93 9698.13 9698.37 9698.61 9698.81 9698.97 9699.01 9699.09 9699.01 9698.93 9698.89 9698.85 9698.93 9699.01 9699.01 9699.05 9698.97 9698.93 9698.89 9698.85 9698.69 9698.49 9698.49 9698.45 9698.45 9698.41 9698.33 9698.25 9698.13 9698.01 9697.85 9697.69 9697.57 9697.41 9697.29 9697.17 9697.17 9697.17 9697.21 9697.29 9697.45 9697.57 9697.77 9698.01 9698.29 9698.57 9698.89 9699.21 9699.41 9699.61 9699.73 9699.85 9699.97 9700.13 9700.29 9700.45 9700.61 9700.77 9701.05 9701.29 9701.57 9701.85 9702.13 9702.41 9702.65 9702.93 9703.29 9703.65 9704.01 9704.37 9704.69 9704.97 9705.13 9705.33 9705.49 9705.61 9705.73 9705.81 9705.85 9705.93 9705.97 9706.05 9706.21 9696.73 9696.77 9696.81 9696.93 9697.01 9697.21 9697.37 9697.33 9697.25 9697.37 9697.45 9697.13 9696.77 9696.49 9696.21 9696.37 9696.53 9696.61 9696.69 9696.69 9696.65 9696.69 9696.77 9696.93 9697.05 9697.17 9697.29 9697.49 9697.69 9697.77 9697.81 9697.89 9697.97 9698.13 9698.25 9698.49 9698.73 9698.93 9699.09 9699.17 9699.21 9699.21 9699.21 9699.13 9699.05 9699.05 9699.05 9699.05 9699.01 9698.93 9698.85 9698.85 9698.85 9698.77 9698.65 9698.77 9698.85 9698.89 9698.93 9698.85 9698.73 9698.61 9698.49 9698.37 9698.29 9698.17 9698.01 9697.89 9697.77 9697.73 9697.69 9697.73 9697.77 9697.93 9698.05 9698.29 9698.49 9698.77 9699.01 9699.33 9699.65 9699.85 9700.01 9700.13 9700.25 9700.41 9700.57 9700.77 9700.93 9701.09 9701.21 9701.49 9701.73 9702.05 9702.33 9702.53 9702.77 9702.97 9703.17 9703.49 9703.77 9704.21 9704.61 9704.97 9705.33 9705.45 9705.57 9705.73 9705.89 9706.01 9706.13 9706.17 9706.17 9706.25 9706.33 9706.53 9696.93 9697.01 9697.09 9697.25 9697.41 9697.57 9697.69 9697.65 9697.61 9697.73 9697.85 9697.57 9697.29 9696.89 9696.49 9696.41 9696.37 9696.37 9696.37 9696.33 9696.29 9696.29 9696.29 9696.41 9696.57 9696.65 9696.69 9696.89 9697.05 9697.21 9697.37 9697.57 9697.77 9697.93 9698.13 9698.37 9698.61 9698.77 9699.01 9699.13 9699.25 9699.21 9699.21 9699.13 9699.09 9699.05 9699.01 9698.97 9698.93 9698.85 9698.77 9698.69 9698.69 9698.61 9698.57 9698.69 9698.85 9698.89 9698.93 9698.85 9698.77 9698.69 9698.61 9698.57 9698.53 9698.41 9698.33 9698.25 9698.13 9698.09 9698.05 9698.13 9698.21 9698.37 9698.53 9698.69 9698.89 9699.13 9699.37 9699.61 9699.85 9700.01 9700.17 9700.33 9700.49 9700.69 9700.85 9701.09 9701.29 9701.45 9701.65 9701.85 9702.09 9702.33 9702.57 9702.77 9702.97 9703.21 9703.45 9703.77 9704.13 9704.49 9704.89 9705.21 9705.53 9705.69 9705.85 9706.05 9706.21 9706.37 9706.49 9706.57 9706.65 9706.73 9706.77 9706.93 9697.09 9697.21 9697.33 9697.53 9697.77 9697.93 9698.05 9698.01 9697.97 9698.09 9698.21 9698.01 9697.77 9697.29 9696.77 9696.49 9696.17 9696.13 9696.05 9696.01 9695.93 9695.85 9695.77 9695.93 9696.05 9696.09 9696.13 9696.29 9696.41 9696.69 9696.93 9697.25 9697.53 9697.77 9697.97 9698.21 9698.45 9698.69 9698.89 9699.09 9699.25 9699.21 9699.17 9699.13 9699.09 9699.05 9698.97 9698.89 9698.81 9698.73 9698.65 9698.57 9698.49 9698.49 9698.49 9698.69 9698.85 9698.85 9698.89 9698.85 9698.81 9698.77 9698.77 9698.77 9698.73 9698.69 9698.65 9698.57 9698.49 9698.45 9698.41 9698.53 9698.65 9698.85 9699.01 9699.17 9699.29 9699.53 9699.73 9699.89 9700.05 9700.17 9700.29 9700.53 9700.73 9700.93 9701.17 9701.41 9701.61 9701.85 9702.05 9702.25 9702.41 9702.61 9702.81 9703.01 9703.17 9703.45 9703.69 9704.09 9704.45 9704.81 9705.17 9705.49 9705.77 9705.93 9706.13 9706.33 9706.53 9706.69 9706.85 9707.01 9707.13 9707.17 9707.21 9707.33 9697.49 9697.49 9697.49 9697.57 9697.61 9697.69 9697.77 9697.85 9697.97 9698.09 9698.17 9698.13 9698.05 9697.65 9697.25 9696.85 9696.45 9696.17 9695.89 9695.73 9695.57 9695.41 9695.29 9695.37 9695.49 9695.61 9695.69 9695.81 9695.93 9696.25 9696.53 9696.89 9697.29 9697.57 9697.85 9698.13 9698.41 9698.57 9698.73 9698.93 9699.09 9699.05 9699.05 9699.01 9699.01 9698.97 9698.93 9698.81 9698.69 9698.69 9698.69 9698.65 9698.61 9698.61 9698.61 9698.69 9698.77 9698.77 9698.77 9698.81 9698.85 9698.85 9698.89 9698.81 9698.77 9698.73 9698.69 9698.69 9698.69 9698.73 9698.77 9698.85 9699.01 9699.13 9699.29 9699.49 9699.65 9699.89 9700.13 9700.25 9700.41 9700.41 9700.41 9700.61 9700.77 9700.97 9701.13 9701.29 9701.45 9701.73 9701.97 9702.17 9702.37 9702.53 9702.69 9702.85 9703.01 9703.33 9703.61 9704.01 9704.41 9704.77 9705.09 9705.37 9705.61 9705.85 9706.09 9706.33 9706.57 9706.73 9706.89 9707.05 9707.21 9707.29 9707.41 9707.53 9697.85 9697.77 9697.65 9697.57 9697.49 9697.45 9697.45 9697.69 9697.97 9698.05 9698.13 9698.25 9698.33 9698.01 9697.69 9697.21 9696.73 9696.25 9695.73 9695.49 9695.21 9695.01 9694.77 9694.85 9694.89 9695.09 9695.29 9695.37 9695.45 9695.77 9696.13 9696.57 9697.01 9697.37 9697.69 9698.05 9698.37 9698.45 9698.57 9698.77 9698.93 9698.93 9698.89 9698.93 9698.93 9698.89 9698.85 9698.69 9698.57 9698.65 9698.73 9698.69 9698.69 9698.69 9698.69 9698.69 9698.73 9698.69 9698.65 9698.77 9698.85 9698.93 9699.01 9698.89 9698.77 9698.77 9698.73 9698.85 9698.93 9699.01 9699.09 9699.21 9699.33 9699.45 9699.57 9699.77 9700.01 9700.29 9700.53 9700.61 9700.73 9700.61 9700.53 9700.69 9700.85 9700.97 9701.09 9701.21 9701.33 9701.61 9701.89 9702.13 9702.33 9702.45 9702.57 9702.69 9702.85 9703.21 9703.53 9703.93 9704.37 9704.69 9705.01 9705.25 9705.49 9705.77 9706.01 9706.33 9706.61 9706.77 9706.93 9707.09 9707.25 9707.41 9707.57 9707.73 9697.93 9697.77 9697.61 9697.53 9697.45 9697.45 9697.45 9697.77 9698.17 9698.41 9698.69 9698.65 9698.65 9698.45 9698.25 9697.69 9697.13 9696.41 9695.69 9695.25 9694.77 9694.57 9694.37 9694.53 9694.69 9695.01 9695.37 9695.53 9695.69 9695.89 9696.09 9696.53 9696.93 9697.29 9697.61 9697.89 9698.17 9698.25 9698.33 9698.45 9698.57 9698.57 9698.61 9698.57 9698.57 9698.57 9698.57 9698.53 9698.49 9698.61 9698.77 9698.77 9698.77 9698.69 9698.65 9698.61 9698.61 9698.57 9698.53 9698.65 9698.77 9698.93 9699.05 9699.05 9699.01 9699.01 9698.97 9699.05 9699.13 9699.25 9699.33 9699.41 9699.45 9699.53 9699.65 9699.93 9700.21 9700.45 9700.69 9700.77 9700.85 9700.81 9700.81 9700.97 9701.13 9701.21 9701.29 9701.41 9701.53 9701.77 9702.01 9702.25 9702.49 9702.65 9702.85 9702.97 9703.13 9703.41 9703.69 9704.01 9704.33 9704.61 9704.89 9705.17 9705.41 9705.69 9705.93 9706.25 9706.53 9706.77 9707.05 9707.29 9707.53 9707.69 9707.85 9708.01 9698.01 9697.81 9697.61 9697.53 9697.41 9697.41 9697.41 9697.85 9698.33 9698.77 9699.21 9699.09 9698.97 9698.89 9698.81 9698.17 9697.53 9696.61 9695.65 9695.01 9694.33 9694.17 9693.97 9694.21 9694.45 9694.93 9695.45 9695.69 9695.89 9695.97 9696.05 9696.45 9696.85 9697.21 9697.57 9697.77 9697.93 9698.01 9698.05 9698.13 9698.17 9698.25 9698.29 9698.25 9698.17 9698.21 9698.25 9698.33 9698.41 9698.61 9698.81 9698.85 9698.85 9698.73 9698.61 9698.53 9698.49 9698.45 9698.45 9698.57 9698.69 9698.89 9699.09 9699.17 9699.25 9699.25 9699.21 9699.29 9699.33 9699.45 9699.57 9699.57 9699.57 9699.65 9699.73 9700.09 9700.41 9700.65 9700.89 9700.93 9700.93 9701.01 9701.09 9701.25 9701.41 9701.45 9701.45 9701.61 9701.73 9701.93 9702.13 9702.41 9702.65 9702.85 9703.09 9703.25 9703.37 9703.61 9703.85 9704.05 9704.25 9704.53 9704.77 9705.05 9705.33 9705.61 9705.89 9706.17 9706.45 9706.77 9707.13 9707.45 9707.77 9707.93 9708.09 9708.33 9697.85 9697.69 9697.53 9697.49 9697.45 9697.57 9697.69 9698.21 9698.69 9698.85 9699.09 9699.01 9698.97 9698.93 9698.93 9698.29 9697.65 9696.57 9695.49 9694.93 9694.37 9694.37 9694.37 9694.69 9695.01 9695.45 9695.85 9695.89 9695.93 9695.85 9695.77 9696.13 9696.49 9696.89 9697.29 9697.61 9697.93 9698.01 9698.13 9698.13 9698.13 9698.09 9698.05 9697.97 9697.93 9697.93 9697.93 9698.05 9698.13 9698.37 9698.61 9698.69 9698.77 9698.69 9698.61 9698.57 9698.53 9698.53 9698.53 9698.57 9698.61 9698.77 9698.93 9699.13 9699.29 9699.29 9699.33 9699.33 9699.37 9699.45 9699.53 9699.57 9699.61 9699.77 9699.93 9700.25 9700.53 9700.73 9700.89 9700.93 9701.01 9701.09 9701.21 9701.37 9701.53 9701.53 9701.57 9701.69 9701.81 9702.01 9702.17 9702.37 9702.61 9702.85 9703.09 9703.29 9703.45 9703.69 9703.89 9704.01 9704.17 9704.33 9704.49 9704.77 9705.09 9705.45 9705.85 9706.13 9706.45 9706.77 9707.09 9707.41 9707.73 9707.93 9708.17 9708.49 9697.69 9697.61 9697.49 9697.45 9697.45 9697.73 9698.01 9698.53 9699.01 9698.97 9698.93 9698.93 9698.97 9699.01 9699.05 9698.41 9697.77 9696.53 9695.33 9694.85 9694.37 9694.57 9694.77 9695.17 9695.57 9695.93 9696.25 9696.09 9695.93 9695.69 9695.49 9695.81 9696.13 9696.57 9696.97 9697.45 9697.89 9698.05 9698.21 9698.13 9698.05 9697.93 9697.77 9697.69 9697.65 9697.61 9697.61 9697.73 9697.85 9698.17 9698.45 9698.57 9698.69 9698.65 9698.61 9698.61 9698.61 9698.61 9698.61 9698.53 9698.49 9698.65 9698.81 9699.09 9699.33 9699.37 9699.41 9699.37 9699.37 9699.45 9699.49 9699.57 9699.65 9699.93 9700.17 9700.45 9700.69 9700.77 9700.89 9700.97 9701.05 9701.17 9701.29 9701.45 9701.61 9701.65 9701.69 9701.77 9701.89 9702.05 9702.21 9702.37 9702.53 9702.77 9703.05 9703.33 9703.57 9703.77 9703.93 9704.01 9704.05 9704.13 9704.21 9704.53 9704.85 9705.33 9705.77 9706.13 9706.45 9706.77 9707.05 9707.37 9707.69 9707.97 9708.25 9708.65 9697.37 9697.33 9697.29 9697.37 9697.45 9697.77 9698.09 9698.49 9698.93 9698.81 9698.69 9698.69 9698.65 9698.81 9698.97 9698.33 9697.65 9696.61 9695.57 9695.25 9694.93 9695.21 9695.49 9695.77 9696.05 9696.17 9696.29 9695.97 9695.69 9695.53 9695.33 9695.69 9696.05 9696.45 9696.89 9697.41 9697.93 9698.17 9698.37 9698.29 9698.21 9697.97 9697.73 9697.65 9697.61 9697.53 9697.45 9697.53 9697.61 9697.93 9698.25 9698.41 9698.57 9698.57 9698.57 9698.57 9698.57 9698.57 9698.53 9698.53 9698.49 9698.69 9698.85 9699.09 9699.29 9699.29 9699.29 9699.25 9699.25 9699.25 9699.29 9699.41 9699.53 9699.81 9700.09 9700.33 9700.61 9700.69 9700.81 9700.89 9701.01 9701.13 9701.29 9701.37 9701.45 9701.45 9701.49 9701.61 9701.73 9701.93 9702.17 9702.37 9702.53 9702.77 9702.93 9703.21 9703.45 9703.65 9703.81 9703.85 9703.93 9704.01 9704.09 9704.33 9704.61 9705.09 9705.53 9706.01 9706.45 9706.73 9707.01 9707.25 9707.49 9707.81 9708.17 9708.57 9697.05 9697.09 9697.09 9697.29 9697.49 9697.81 9698.13 9698.49 9698.85 9698.69 9698.49 9698.41 9698.33 9698.61 9698.89 9698.21 9697.53 9696.69 9695.81 9695.65 9695.49 9695.85 9696.21 9696.37 9696.49 9696.37 9696.29 9695.85 9695.45 9695.33 9695.17 9695.57 9695.93 9696.37 9696.81 9697.41 9698.01 9698.25 9698.49 9698.41 9698.33 9698.01 9697.69 9697.61 9697.53 9697.41 9697.29 9697.37 9697.41 9697.69 9698.01 9698.25 9698.45 9698.49 9698.53 9698.53 9698.53 9698.53 9698.49 9698.49 9698.49 9698.69 9698.93 9699.09 9699.21 9699.21 9699.17 9699.13 9699.09 9699.09 9699.09 9699.25 9699.41 9699.69 9700.01 9700.25 9700.49 9700.61 9700.73 9700.85 9700.93 9701.09 9701.25 9701.25 9701.25 9701.25 9701.25 9701.41 9701.57 9701.85 9702.13 9702.37 9702.57 9702.69 9702.85 9703.13 9703.37 9703.53 9703.69 9703.77 9703.81 9703.85 9703.93 9704.13 9704.33 9704.81 9705.33 9705.89 9706.45 9706.69 9706.93 9707.09 9707.25 9707.69 9708.09 9708.49 </TempDataArray>
    </BinaryData>
    <End xmlns="" EndString="7777"/>
</gribObject>
