<?xml version="1.0" encoding="UTF-8" standalone="yes"?>
<gribObject xmlns:xsi="http://www.w3.org/2001/XMLSchema-instance" xmlns:xsd="http://www.w3.org/2001/XMLSchema" xmlns="http://c4i.mlt/ICDU/schema" ForecastTime="2025-09-28T12:00:00.000Z" RunTime="2025-09-28T12:00:00.000Z" ParameterName="U component of wind" FileName="newsingapore">
    <Indicator xmlns="" GribHeader="GRIB" NumOfOctets="21" GribType="2"/>
    <ProductDefinition xmlns="" NumOfOctets="4" ParamTableVersion="2" OrigCenter="7" ProcessID="81" GridID="36" GDS_BDS_Flag="128" ParamAndUnits="131" LevelType="0" Level="200" ReferenceTime="28" Month="9" Day="28" Hour="12" Minute="0" ForecastTimeUnits="1" PeriodOfTime1="12" PeriodOfTime2="0" TimeRangeIndicator="1" NumInAverage="-4" NumMissingAverage="0" CenturyOfReference="21" SubcenterID="0" DecimalScaleFactor="1" Reserved1="0" Lat1="-11000" Lon1="91000" Lat2="-9500" Lon2="105375" Di="125" Dj="125"/>
    <GridDescription xmlns="" NumOfOctets="72" NV="0" PV="255" DataRepresentationType="0">
        <LatLonProjection Ni="116" Nj="13" Flags="128" ScanFlags="64" Reserved="0"/>
    </GridDescription>
    <BinaryData xmlns="" NumOfOctets="6032" FlagsAndUnused="12" BinaryScaleFactor="0" ReferenceValue="-163.854980" DatumPacked="1508" OptionalFlags="0">
        <TempDataArray>-13.59 -13.79 -13.99 -13.89 -13.79 -13.49 -13.19 -12.99 -12.89 -12.99 -13.19 -12.79 -12.49 -12.29 -12.09 -12.09 -12.09 -11.79 -11.59 -11.39 -11.19 -11.09 -10.99 -10.89 -10.69 -10.09 -9.49 -8.99 -8.49 -8.39 -8.29 -8.19 -8.19 -7.89 -7.49 -6.99 -6.49 -6.39 -6.19 -6.09 -5.99 -5.49 -5.09 -4.79 -4.59 -4.69 -4.79 -4.59 -4.29 -4.39 -4.49 -4.89 -5.29 -5.29 -5.19 -4.99 -4.69 -4.79 -4.79 -4.19 -3.69 -3.79 -3.89 -3.89 -3.79 -3.29 -2.79 -2.39 -1.99 -2.09 -2.19 -2.09 -2.09 -1.99 -1.89 -1.49 -0.99 -0.49 -0.09 0.01 0.01 -0.19 -0.29 -0.19 -0.19 0.01 0.21 0.91 1.61 1.81 2.01 1.71 1.41 1.11 0.81 1.41 1.91 2.91 3.91 4.71 5.61 6.01 6.41 6.51 6.51 6.81 7.11 6.81 6.51 6.11 5.71 6.01 6.31 6.71 7.11 7.21 -13.99 -14.19 -14.29 -14.09 -13.79 -13.49 -13.19 -12.99 -12.79 -12.79 -12.79 -12.59 -12.39 -12.29 -12.09 -12.09 -12.09 -11.79 -11.49 -11.29 -11.19 -11.19 -11.19 -11.09 -10.89 -10.39 -9.79 -9.29 -8.89 -8.89 -8.79 -8.59 -8.39 -7.89 -7.39 -6.99 -6.49 -6.39 -6.29 -6.19 -5.99 -5.49 -4.99 -4.79 -4.69 -4.69 -4.69 -4.59 -4.39 -4.79 -5.09 -5.19 -5.29 -5.29 -5.19 -5.39 -5.49 -5.39 -5.19 -4.49 -3.79 -3.79 -3.79 -3.89 -3.99 -3.79 -3.59 -3.19 -2.69 -2.59 -2.39 -2.39 -2.29 -2.39 -2.39 -1.59 -0.69 -0.19 0.31 0.61 0.91 0.31 -0.09 0.01 0.11 0.21 0.41 0.91 1.51 1.71 1.91 1.51 1.01 1.11 1.21 2.11 3.01 3.91 4.81 5.81 6.71 6.71 6.81 6.81 6.81 7.21 7.71 7.51 7.41 7.21 7.11 7.71 8.41 8.61 8.81 8.81 -14.39 -14.49 -14.69 -14.29 -13.79 -13.49 -13.29 -12.99 -12.79 -12.59 -12.49 -12.39 -12.29 -12.19 -12.19 -12.09 -11.99 -11.69 -11.39 -11.29 -11.19 -11.29 -11.39 -11.29 -11.19 -10.69 -10.09 -9.69 -9.19 -9.29 -9.39 -8.99 -8.49 -7.89 -7.39 -6.99 -6.49 -6.49 -6.49 -6.29 -5.99 -5.49 -4.89 -4.79 -4.79 -4.69 -4.69 -4.59 -4.49 -5.09 -5.69 -5.49 -5.29 -5.29 -5.19 -5.79 -6.29 -5.99 -5.69 -4.79 -3.99 -3.79 -3.69 -3.99 -4.29 -4.39 -4.39 -3.89 -3.49 -3.09 -2.69 -2.59 -2.59 -2.69 -2.89 -1.69 -0.49 0.11 0.71 1.21 1.71 0.81 0.01 0.21 0.41 0.51 0.51 0.91 1.41 1.61 1.81 1.21 0.61 1.11 1.61 2.81 4.01 4.81 5.71 6.81 7.81 7.51 7.11 7.11 7.01 7.61 8.21 8.21 8.21 8.31 8.41 9.41 10.41 10.41 10.41 10.31 -14.29 -14.19 -14.19 -13.99 -13.69 -13.59 -13.49 -13.09 -12.59 -12.49 -12.29 -12.29 -12.19 -12.19 -12.09 -11.99 -11.99 -11.69 -11.39 -11.29 -11.19 -11.39 -11.59 -11.39 -11.09 -10.69 -10.19 -9.89 -9.59 -9.59 -9.59 -9.09 -8.69 -8.09 -7.49 -7.19 -6.89 -6.99 -7.09 -6.69 -6.29 -5.69 -5.09 -5.19 -5.19 -4.99 -4.79 -4.79 -4.79 -5.49 -6.19 -5.99 -5.69 -5.69 -5.69 -5.99 -6.29 -5.69 -5.09 -4.59 -4.09 -3.99 -3.79 -3.89 -3.89 -4.19 -4.39 -4.19 -3.99 -3.49 -2.99 -2.79 -2.59 -2.69 -2.79 -1.99 -1.19 -0.89 -0.59 -0.09 0.41 0.41 0.51 0.91 1.31 0.91 0.51 1.11 1.81 2.21 2.61 2.21 1.81 2.11 2.51 3.61 4.81 4.91 5.11 5.71 6.31 6.61 6.91 6.91 7.01 7.21 7.51 7.61 7.71 8.01 8.51 8.71 9.11 8.71 8.41 8.51 -14.19 -13.89 -13.69 -13.69 -13.69 -13.69 -13.79 -13.19 -12.49 -12.29 -12.09 -12.09 -12.19 -12.09 -11.99 -11.99 -11.99 -11.69 -11.39 -11.39 -11.29 -11.49 -11.69 -11.39 -11.09 -10.69 -10.29 -10.09 -9.99 -9.89 -9.69 -9.29 -8.89 -8.29 -7.69 -7.49 -7.29 -7.59 -7.79 -7.19 -6.59 -5.99 -5.39 -5.49 -5.59 -5.29 -4.99 -4.99 -5.09 -5.89 -6.69 -6.39 -6.09 -6.19 -6.19 -6.29 -6.29 -5.49 -4.59 -4.39 -4.29 -4.09 -3.89 -3.69 -3.49 -3.99 -4.49 -4.49 -4.49 -3.89 -3.39 -2.99 -2.69 -2.69 -2.69 -2.39 -1.99 -1.99 -1.89 -1.39 -0.99 0.01 0.91 1.51 2.21 1.41 0.51 1.31 2.11 2.71 3.31 3.11 2.91 3.11 3.41 4.51 5.61 5.01 4.51 4.61 4.71 5.71 6.61 6.81 6.91 6.91 6.81 7.01 7.11 7.81 8.51 8.11 7.71 7.01 6.31 6.61 -14.19 -13.89 -13.69 -13.79 -13.89 -13.69 -13.49 -12.79 -12.09 -12.09 -12.09 -12.29 -12.39 -12.39 -12.39 -12.29 -12.19 -11.89 -11.59 -11.59 -11.59 -11.59 -11.59 -11.59 -11.49 -11.09 -10.69 -10.19 -9.69 -9.49 -9.19 -9.19 -9.09 -8.69 -8.19 -7.99 -7.69 -7.89 -7.99 -7.59 -7.09 -6.69 -6.19 -6.09 -5.99 -5.79 -5.49 -5.59 -5.59 -6.39 -7.19 -6.89 -6.59 -6.69 -6.79 -6.89 -6.89 -6.29 -5.59 -5.29 -4.89 -4.59 -4.29 -3.99 -3.59 -3.89 -4.19 -4.09 -3.99 -3.69 -3.39 -3.09 -2.69 -2.39 -1.99 -2.29 -2.39 -2.59 -2.69 -2.29 -1.79 -0.39 1.01 1.51 2.01 1.51 1.01 1.51 2.21 3.01 3.91 3.91 3.91 4.21 4.61 5.21 5.81 5.21 4.61 4.81 5.01 5.31 5.71 5.61 5.51 5.71 5.91 6.61 7.31 7.41 7.61 6.71 5.91 5.51 5.11 5.21 -14.19 -13.89 -13.69 -13.89 -14.09 -13.69 -13.19 -12.39 -11.69 -11.89 -12.09 -12.39 -12.69 -12.69 -12.79 -12.69 -12.49 -12.19 -11.89 -11.89 -11.89 -11.79 -11.59 -11.69 -11.89 -11.59 -11.19 -10.39 -9.49 -9.09 -8.79 -9.09 -9.39 -9.09 -8.79 -8.49 -8.09 -8.19 -8.19 -7.99 -7.69 -7.29 -6.99 -6.69 -6.49 -6.29 -6.09 -6.19 -6.19 -6.99 -7.69 -7.39 -7.09 -7.19 -7.39 -7.49 -7.49 -7.09 -6.69 -6.09 -5.59 -5.19 -4.69 -4.29 -3.79 -3.89 -3.99 -3.79 -3.59 -3.49 -3.49 -3.19 -2.79 -2.09 -1.39 -2.19 -2.89 -3.19 -3.59 -3.09 -2.59 -0.79 1.11 1.51 1.81 1.61 1.41 1.81 2.21 3.31 4.41 4.71 4.91 5.31 5.81 5.91 6.01 5.31 4.61 4.91 5.31 5.01 4.71 4.41 4.11 4.61 5.01 6.31 7.51 7.11 6.71 5.31 4.01 3.91 3.81 3.81 -13.79 -13.69 -13.49 -13.49 -13.49 -13.29 -13.19 -12.99 -12.79 -12.99 -13.09 -13.19 -13.19 -13.09 -12.99 -12.99 -12.79 -12.59 -12.39 -12.59 -12.79 -12.79 -12.69 -12.49 -12.19 -11.19 -10.09 -9.29 -8.59 -8.39 -8.29 -8.99 -9.69 -9.69 -9.59 -9.29 -8.89 -8.69 -8.49 -8.49 -8.39 -8.29 -8.19 -8.29 -8.29 -8.09 -7.89 -7.99 -8.09 -8.39 -8.69 -8.59 -8.39 -8.29 -8.09 -7.69 -7.29 -6.99 -6.59 -6.49 -6.29 -5.89 -5.39 -5.19 -4.79 -4.59 -4.29 -3.99 -3.59 -3.39 -3.19 -3.29 -3.29 -3.19 -2.99 -3.29 -3.59 -3.59 -3.59 -2.39 -1.19 0.21 1.71 1.81 1.81 2.21 2.71 3.01 3.41 3.61 3.81 4.31 4.91 5.51 6.21 5.61 5.21 4.61 4.11 4.51 4.91 4.71 4.61 4.51 4.51 5.01 5.51 6.11 6.81 6.21 5.71 4.81 3.91 4.11 4.41 4.51 -13.49 -13.39 -13.39 -13.09 -12.89 -12.99 -13.19 -13.59 -13.99 -13.99 -14.09 -13.89 -13.79 -13.59 -13.29 -13.29 -13.19 -13.09 -12.99 -13.39 -13.79 -13.89 -13.89 -13.19 -12.49 -10.79 -9.09 -8.29 -7.59 -7.69 -7.79 -8.89 -9.99 -10.19 -10.39 -10.09 -9.69 -9.29 -8.79 -8.99 -9.19 -9.29 -9.49 -9.89 -10.19 -9.99 -9.79 -9.89 -9.99 -9.89 -9.69 -9.69 -9.69 -9.29 -8.89 -7.99 -7.09 -6.79 -6.59 -6.79 -7.09 -6.59 -6.19 -6.09 -5.89 -5.19 -4.59 -4.09 -3.69 -3.29 -2.89 -3.39 -3.89 -4.29 -4.69 -4.49 -4.29 -3.89 -3.59 -1.69 0.21 1.21 2.31 2.11 1.81 2.91 4.01 4.31 4.61 3.91 3.21 4.01 4.81 5.61 6.51 5.41 4.31 3.91 3.61 4.01 4.41 4.41 4.41 4.71 4.91 5.41 5.91 6.01 6.11 5.31 4.61 4.21 3.81 4.31 4.91 5.11 -14.09 -14.19 -14.29 -14.19 -13.99 -14.19 -14.39 -14.59 -14.79 -14.69 -14.59 -14.39 -14.09 -13.69 -13.09 -13.09 -13.09 -13.29 -13.39 -13.69 -13.99 -13.69 -13.39 -12.89 -12.39 -10.89 -9.39 -8.69 -8.09 -8.29 -8.49 -9.59 -10.59 -10.99 -11.19 -11.19 -11.09 -10.69 -10.39 -10.69 -10.89 -10.99 -11.09 -11.09 -11.19 -11.29 -11.39 -10.89 -10.39 -9.79 -9.09 -8.79 -8.49 -7.69 -6.79 -6.19 -5.49 -5.49 -5.59 -6.09 -6.49 -6.59 -6.59 -6.19 -5.79 -4.99 -4.19 -3.89 -3.39 -3.19 -2.89 -2.79 -2.59 -2.59 -2.59 -2.29 -1.99 -1.39 -0.79 0.21 1.21 2.01 2.81 3.11 3.41 4.01 4.71 4.31 4.01 3.21 2.51 3.31 4.11 4.51 5.01 4.31 3.61 3.61 3.61 3.91 4.41 4.61 4.81 5.11 5.51 5.61 5.81 5.81 5.91 5.21 4.71 4.61 4.61 4.91 5.31 5.41 -14.79 -14.99 -15.29 -15.29 -15.19 -15.39 -15.59 -15.69 -15.69 -15.39 -15.09 -14.79 -14.49 -13.79 -12.99 -12.99 -12.99 -13.39 -13.89 -14.09 -14.19 -13.59 -12.99 -12.59 -12.19 -10.99 -9.69 -9.09 -8.59 -8.89 -9.19 -10.29 -11.29 -11.69 -12.09 -12.29 -12.39 -12.19 -11.99 -12.39 -12.69 -12.59 -12.59 -12.39 -12.19 -12.59 -12.99 -11.89 -10.79 -9.59 -8.49 -7.89 -7.29 -6.09 -4.79 -4.39 -3.89 -4.19 -4.59 -5.29 -5.99 -6.49 -7.09 -6.39 -5.69 -4.79 -3.89 -3.59 -3.19 -3.09 -2.99 -2.19 -1.39 -0.99 -0.49 -0.09 0.31 1.11 1.91 2.11 2.21 2.71 3.31 4.11 5.01 5.11 5.31 4.31 3.31 2.51 1.71 2.61 3.41 3.41 3.51 3.21 2.91 3.21 3.51 3.91 4.31 4.81 5.21 5.61 6.01 5.91 5.71 5.71 5.61 5.11 4.71 5.01 5.41 5.51 5.61 5.71 -15.39 -15.59 -15.79 -15.79 -15.69 -15.79 -15.89 -15.89 -15.69 -15.59 -15.39 -15.09 -14.79 -14.09 -13.39 -13.29 -13.09 -13.49 -13.79 -13.49 -13.19 -12.99 -12.59 -12.39 -12.09 -11.39 -10.59 -10.79 -10.99 -11.09 -11.29 -11.59 -11.79 -11.89 -12.09 -12.39 -12.59 -12.59 -12.49 -12.59 -12.59 -12.79 -12.99 -12.79 -12.59 -12.49 -12.19 -11.19 -10.09 -9.09 -7.99 -7.29 -6.49 -5.99 -5.39 -5.39 -5.29 -4.99 -4.79 -5.09 -5.39 -5.89 -6.39 -5.99 -5.59 -4.99 -4.39 -3.99 -3.49 -3.09 -2.49 -1.89 -1.19 -0.99 -0.59 -0.09 0.51 1.41 2.41 2.81 3.31 3.81 4.31 4.71 5.11 4.81 4.51 3.71 3.01 2.31 1.61 2.21 2.71 2.71 2.61 2.61 2.71 2.81 3.01 3.21 3.41 3.71 4.01 4.21 4.51 4.51 4.61 4.81 5.01 5.01 5.01 5.41 5.91 5.81 5.71 5.41 -15.99 -16.19 -16.39 -16.19 -16.09 -16.19 -16.29 -16.09 -15.79 -15.69 -15.69 -15.39 -15.09 -14.49 -13.79 -13.49 -13.29 -13.49 -13.69 -12.99 -12.29 -12.29 -12.29 -12.19 -11.99 -11.79 -11.59 -12.49 -13.39 -13.39 -13.39 -12.89 -12.29 -12.19 -11.99 -12.49 -12.89 -12.89 -12.99 -12.79 -12.59 -12.99 -13.39 -13.29 -13.09 -12.29 -11.49 -10.49 -9.39 -8.49 -7.49 -6.69 -5.79 -5.89 -5.99 -6.39 -6.69 -5.79 -4.99 -4.89 -4.79 -5.19 -5.69 -5.59 -5.49 -5.19 -4.99 -4.49 -3.89 -2.99 -2.09 -1.59 -1.09 -0.99 -0.79 -0.09 0.71 1.71 2.81 3.61 4.41 4.81 5.21 5.21 5.21 4.41 3.71 3.11 2.61 2.11 1.51 1.81 2.01 1.91 1.71 2.01 2.41 2.41 2.51 2.51 2.41 2.61 2.71 2.81 2.91 3.21 3.51 4.01 4.41 4.81 5.31 5.81 6.31 6.11 5.81 5.11 </TempDataArray>
    </BinaryData>
    <End xmlns="" EndString="7777"/>
</gribObject>
