<?xml version="1.0" encoding="UTF-8" standalone="yes"?>
<gribObject xmlns:xsi="http://www.w3.org/2001/XMLSchema-instance" xmlns:xsd="http://www.w3.org/2001/XMLSchema" xmlns="http://c4i.mlt/ICDU/schema" ForecastTime="2025-09-28T12:00:00.000Z" RunTime="2025-09-28T12:00:00.000Z" ParameterName="U component of wind" FileName="newsingapore">
    <Indicator xmlns="" GribHeader="GRIB" NumOfOctets="21" GribType="2"/>
    <ProductDefinition xmlns="" NumOfOctets="4" ParamTableVersion="2" OrigCenter="7" ProcessID="81" GridID="36" GDS_BDS_Flag="128" ParamAndUnits="131" LevelType="0" Level="100" ReferenceTime="28" Month="9" Day="28" Hour="12" Minute="0" ForecastTimeUnits="1" PeriodOfTime1="12" PeriodOfTime2="0" TimeRangeIndicator="1" NumInAverage="-10" NumMissingAverage="0" CenturyOfReference="21" SubcenterID="0" DecimalScaleFactor="2" Reserved1="0" Lat1="-11000" Lon1="91000" Lat2="-9500" Lon2="105375" Di="125" Dj="125"/>
    <GridDescription xmlns="" NumOfOctets="72" NV="0" PV="255" DataRepresentationType="0">
        <LatLonProjection Ni="116" Nj="13" Flags="128" ScanFlags="64" Reserved="0"/>
    </GridDescription>
    <BinaryData xmlns="" NumOfOctets="6032" FlagsAndUnused="12" BinaryScaleFactor="0" ReferenceValue="-1942.474976" DatumPacked="1508" OptionalFlags="0">
        <TempDataArray>-17.20 -17.13 -17.05 -16.72 -16.39 -16.33 -16.27 -16.65 -17.03 -17.46 -17.88 -17.89 -17.90 -17.77 -17.64 -17.64 -17.65 -17.47 -17.29 -16.55 -15.80 -15.27 -14.75 -14.68 -14.61 -14.46 -14.31 -14.12 -13.92 -13.86 -13.81 -13.61 -13.41 -13.04 -12.68 -12.44 -12.20 -11.98 -11.76 -11.76 -11.76 -11.76 -11.76 -11.67 -11.59 -11.40 -11.21 -10.82 -10.44 -10.12 -9.79 -9.64 -9.48 -9.33 -9.18 -9.24 -9.29 -9.32 -9.34 -9.45 -9.56 -9.52 -9.47 -9.34 -9.20 -9.03 -8.85 -8.61 -8.37 -8.33 -8.29 -8.29 -8.28 -8.29 -8.29 -8.41 -8.53 -8.26 -7.98 -7.78 -7.58 -7.82 -8.06 -7.81 -7.57 -7.03 -6.50 -6.23 -5.97 -5.70 -5.44 -5.18 -4.91 -4.94 -4.97 -4.89 -4.81 -4.67 -4.53 -4.37 -4.21 -4.03 -3.85 -3.80 -3.75 -3.90 -4.04 -3.85 -3.65 -3.23 -2.82 -2.47 -2.12 -1.50 -0.89 -0.35 -16.70 -16.75 -16.80 -16.84 -16.88 -17.04 -17.19 -17.44 -17.68 -17.91 -18.13 -18.06 -17.98 -17.71 -17.43 -17.16 -16.88 -16.49 -16.08 -15.58 -15.08 -14.91 -14.73 -14.65 -14.56 -14.35 -14.13 -13.91 -13.69 -13.65 -13.60 -13.54 -13.47 -13.29 -13.11 -12.94 -12.77 -12.60 -12.42 -12.28 -12.14 -11.99 -11.84 -11.67 -11.50 -11.29 -11.07 -10.83 -10.59 -10.45 -10.30 -10.08 -9.85 -9.60 -9.34 -9.45 -9.56 -9.64 -9.72 -9.73 -9.73 -9.62 -9.51 -9.32 -9.13 -8.93 -8.73 -8.59 -8.45 -8.49 -8.52 -8.49 -8.45 -8.45 -8.44 -8.50 -8.55 -8.25 -7.95 -7.77 -7.59 -7.46 -7.33 -7.15 -6.96 -6.56 -6.15 -5.77 -5.39 -5.11 -4.83 -4.75 -4.66 -4.76 -4.86 -4.76 -4.66 -4.64 -4.62 -4.71 -4.79 -4.75 -4.69 -4.67 -4.64 -4.61 -4.57 -4.12 -3.66 -3.25 -2.84 -2.65 -2.45 -1.74 -1.03 -0.49 -16.21 -16.38 -16.55 -16.96 -17.37 -17.75 -18.12 -18.23 -18.34 -18.36 -18.38 -18.22 -18.07 -17.64 -17.22 -16.67 -16.12 -15.50 -14.88 -14.62 -14.36 -14.54 -14.72 -14.62 -14.52 -14.24 -13.96 -13.71 -13.46 -13.43 -13.40 -13.47 -13.53 -13.54 -13.55 -13.45 -13.35 -13.21 -13.08 -12.80 -12.52 -12.22 -11.93 -11.67 -11.41 -11.17 -10.94 -10.85 -10.75 -10.79 -10.82 -10.52 -10.22 -9.87 -9.51 -9.67 -9.83 -9.97 -10.10 -10.00 -9.90 -9.73 -9.56 -9.31 -9.06 -8.84 -8.61 -8.57 -8.53 -8.64 -8.75 -8.69 -8.63 -8.61 -8.59 -8.58 -8.57 -8.25 -7.93 -7.77 -7.60 -7.11 -6.61 -6.48 -6.36 -6.08 -5.81 -5.31 -4.81 -4.52 -4.23 -4.32 -4.42 -4.58 -4.75 -4.63 -4.52 -4.61 -4.71 -5.05 -5.38 -5.46 -5.54 -5.54 -5.54 -5.33 -5.11 -4.40 -3.68 -3.27 -2.87 -2.83 -2.79 -1.98 -1.18 -0.62 -16.95 -17.13 -17.31 -17.69 -18.07 -18.42 -18.77 -18.71 -18.65 -18.41 -18.16 -17.85 -17.53 -17.03 -16.52 -15.99 -15.45 -15.04 -14.62 -14.62 -14.62 -14.78 -14.95 -14.65 -14.35 -14.13 -13.90 -13.90 -13.89 -13.86 -13.83 -13.74 -13.64 -13.62 -13.59 -13.47 -13.34 -13.16 -12.99 -12.71 -12.43 -12.21 -11.98 -11.75 -11.52 -11.41 -11.29 -11.28 -11.26 -11.19 -11.11 -10.78 -10.44 -9.95 -9.45 -9.69 -9.91 -10.05 -10.17 -10.04 -9.91 -9.71 -9.50 -9.33 -9.16 -9.06 -8.96 -9.03 -9.09 -9.09 -9.09 -8.94 -8.78 -8.64 -8.49 -8.57 -8.64 -8.48 -8.31 -8.01 -7.71 -7.18 -6.65 -6.47 -6.29 -6.02 -5.74 -5.46 -5.18 -5.10 -5.02 -5.07 -5.12 -5.18 -5.23 -5.26 -5.29 -5.47 -5.65 -5.80 -5.95 -5.95 -5.95 -5.90 -5.85 -5.43 -5.01 -4.37 -3.73 -3.44 -3.14 -2.88 -2.62 -2.43 -2.23 -1.85 -17.69 -17.88 -18.08 -18.43 -18.77 -19.10 -19.42 -19.19 -18.96 -18.45 -17.94 -17.47 -17.00 -16.42 -15.83 -15.31 -14.78 -14.57 -14.36 -14.62 -14.88 -15.03 -15.18 -14.68 -14.18 -14.01 -13.85 -14.08 -14.32 -14.30 -14.27 -14.01 -13.75 -13.69 -13.64 -13.48 -13.33 -13.11 -12.90 -12.62 -12.35 -12.19 -12.03 -11.83 -11.63 -11.64 -11.65 -11.72 -11.78 -11.59 -11.40 -11.04 -10.67 -10.04 -9.40 -9.70 -10.00 -10.13 -10.25 -10.09 -9.92 -9.69 -9.45 -9.35 -9.26 -9.28 -9.31 -9.48 -9.65 -9.54 -9.43 -9.18 -8.93 -8.67 -8.40 -8.56 -8.72 -8.71 -8.70 -8.26 -7.82 -7.26 -6.70 -6.46 -6.23 -5.96 -5.68 -5.61 -5.55 -5.68 -5.81 -5.81 -5.82 -5.77 -5.72 -5.90 -6.07 -6.33 -6.59 -6.56 -6.52 -6.45 -6.37 -6.27 -6.16 -5.54 -4.91 -4.34 -3.78 -3.60 -3.42 -2.94 -2.45 -2.87 -3.29 -3.07 -18.12 -18.34 -18.55 -18.68 -18.81 -18.86 -18.91 -18.64 -18.36 -17.93 -17.49 -17.13 -16.76 -16.32 -15.87 -15.36 -14.85 -14.71 -14.56 -14.75 -14.93 -14.98 -15.03 -14.81 -14.58 -14.36 -14.14 -14.00 -13.84 -13.85 -13.86 -13.66 -13.45 -13.39 -13.32 -13.22 -13.11 -12.93 -12.74 -12.47 -12.20 -12.12 -12.04 -12.00 -11.96 -11.95 -11.94 -11.94 -11.93 -11.75 -11.56 -11.25 -10.93 -10.33 -9.72 -9.80 -9.89 -10.16 -10.43 -10.41 -10.38 -10.14 -9.90 -9.86 -9.82 -9.84 -9.85 -9.84 -9.81 -9.57 -9.31 -9.02 -8.73 -8.71 -8.69 -8.90 -9.10 -9.10 -9.10 -8.72 -8.35 -7.80 -7.25 -6.99 -6.73 -6.74 -6.75 -6.73 -6.71 -6.76 -6.82 -6.61 -6.41 -6.34 -6.26 -6.35 -6.43 -6.54 -6.64 -6.64 -6.64 -6.41 -6.16 -5.85 -5.53 -5.08 -4.61 -4.25 -3.89 -3.76 -3.62 -3.30 -2.97 -3.35 -3.73 -3.92 -18.55 -18.79 -19.03 -18.94 -18.85 -18.63 -18.40 -18.09 -17.77 -17.41 -17.05 -16.79 -16.53 -16.22 -15.91 -15.42 -14.92 -14.84 -14.77 -14.88 -14.99 -14.94 -14.89 -14.94 -14.98 -14.71 -14.44 -13.91 -13.37 -13.41 -13.45 -13.30 -13.16 -13.08 -13.01 -12.95 -12.90 -12.74 -12.58 -12.32 -12.06 -12.06 -12.06 -12.18 -12.30 -12.27 -12.23 -12.16 -12.09 -11.91 -11.72 -11.46 -11.20 -10.62 -10.04 -9.91 -9.78 -10.20 -10.62 -10.73 -10.84 -10.60 -10.36 -10.37 -10.38 -10.39 -10.40 -10.19 -9.98 -9.59 -9.20 -8.87 -8.53 -8.76 -8.98 -9.24 -9.49 -9.50 -9.50 -9.19 -8.88 -8.34 -7.80 -7.52 -7.23 -7.53 -7.82 -7.84 -7.87 -7.85 -7.83 -7.42 -7.00 -6.90 -6.80 -6.80 -6.80 -6.75 -6.69 -6.73 -6.77 -6.37 -5.96 -5.44 -4.91 -4.61 -4.32 -4.16 -4.00 -3.91 -3.83 -3.66 -3.50 -3.84 -4.18 -4.77 -18.33 -18.43 -18.53 -18.41 -18.29 -18.02 -17.74 -17.51 -17.27 -17.09 -16.90 -16.76 -16.61 -16.39 -16.16 -15.56 -14.95 -14.88 -14.80 -14.70 -14.60 -14.51 -14.41 -14.63 -14.84 -14.66 -14.47 -13.95 -13.43 -13.43 -13.43 -13.23 -13.01 -12.94 -12.86 -12.84 -12.82 -12.67 -12.52 -12.40 -12.28 -12.24 -12.19 -12.21 -12.21 -12.15 -12.08 -12.06 -12.03 -11.92 -11.80 -11.62 -11.44 -10.95 -10.45 -10.34 -10.23 -10.54 -10.85 -10.89 -10.92 -10.72 -10.51 -10.52 -10.52 -10.48 -10.44 -10.25 -10.05 -9.75 -9.44 -9.13 -8.81 -9.04 -9.26 -9.41 -9.56 -9.66 -9.75 -9.62 -9.48 -9.08 -8.67 -8.42 -8.16 -8.14 -8.11 -7.84 -7.56 -7.50 -7.42 -7.04 -6.66 -6.64 -6.61 -6.75 -6.89 -6.79 -6.69 -6.45 -6.21 -5.88 -5.54 -5.36 -5.16 -4.99 -4.82 -4.69 -4.56 -4.69 -4.82 -4.96 -5.09 -5.26 -5.42 -5.89 -18.11 -18.07 -18.03 -17.88 -17.73 -17.41 -17.08 -16.93 -16.78 -16.77 -16.75 -16.72 -16.69 -16.55 -16.41 -15.70 -14.99 -14.91 -14.84 -14.53 -14.22 -14.07 -13.93 -14.32 -14.71 -14.61 -14.51 -14.00 -13.49 -13.46 -13.42 -13.15 -12.87 -12.79 -12.71 -12.73 -12.75 -12.60 -12.46 -12.48 -12.50 -12.42 -12.33 -12.23 -12.13 -12.04 -11.94 -11.95 -11.97 -11.93 -11.88 -11.78 -11.68 -11.27 -10.87 -10.77 -10.68 -10.88 -11.09 -11.05 -11.01 -10.84 -10.67 -10.67 -10.66 -10.57 -10.48 -10.30 -10.12 -9.90 -9.68 -9.39 -9.10 -9.32 -9.54 -9.59 -9.64 -9.83 -10.01 -10.04 -10.08 -9.81 -9.55 -9.32 -9.09 -8.75 -8.40 -7.83 -7.26 -7.14 -7.02 -6.67 -6.32 -6.37 -6.42 -6.70 -6.98 -6.84 -6.69 -6.18 -5.66 -5.40 -5.13 -5.27 -5.42 -5.37 -5.32 -5.22 -5.13 -5.47 -5.82 -6.25 -6.69 -6.68 -6.66 -7.02 -17.92 -17.92 -17.92 -17.74 -17.55 -17.24 -16.93 -16.83 -16.72 -16.64 -16.55 -16.50 -16.45 -16.30 -16.14 -15.52 -14.90 -14.78 -14.65 -14.35 -14.03 -13.82 -13.61 -13.74 -13.86 -13.88 -13.89 -13.82 -13.76 -13.77 -13.78 -13.47 -13.14 -12.99 -12.83 -12.72 -12.60 -12.48 -12.36 -12.39 -12.42 -12.34 -12.25 -12.16 -12.07 -12.03 -11.98 -11.99 -11.98 -11.89 -11.79 -11.62 -11.46 -11.06 -10.66 -10.49 -10.33 -10.44 -10.55 -10.64 -10.72 -10.73 -10.73 -10.90 -11.06 -11.10 -11.13 -10.92 -10.71 -10.49 -10.27 -10.14 -10.00 -10.12 -10.24 -10.25 -10.26 -10.38 -10.50 -10.53 -10.56 -10.31 -10.05 -9.73 -9.40 -9.04 -8.68 -8.13 -7.57 -7.23 -6.89 -6.58 -6.27 -6.51 -6.74 -7.08 -7.42 -7.14 -6.85 -6.59 -6.32 -6.25 -6.18 -6.03 -5.88 -5.90 -5.92 -6.01 -6.09 -6.54 -6.99 -7.27 -7.55 -7.49 -7.44 -7.59 -17.74 -17.78 -17.82 -17.60 -17.38 -17.08 -16.78 -16.72 -16.66 -16.51 -16.35 -16.28 -16.22 -16.05 -15.88 -15.35 -14.81 -14.64 -14.47 -14.16 -13.85 -13.58 -13.30 -13.16 -13.02 -13.14 -13.27 -13.65 -14.03 -14.09 -14.15 -13.78 -13.42 -13.19 -12.95 -12.70 -12.46 -12.36 -12.26 -12.30 -12.35 -12.26 -12.17 -12.09 -12.01 -12.02 -12.03 -12.02 -12.00 -11.85 -11.70 -11.47 -11.24 -10.84 -10.45 -10.21 -9.98 -9.99 -10.01 -10.22 -10.44 -10.62 -10.80 -11.13 -11.46 -11.63 -11.79 -11.55 -11.30 -11.09 -10.87 -10.89 -10.90 -10.92 -10.94 -10.91 -10.89 -10.94 -10.99 -11.02 -11.05 -10.81 -10.56 -10.14 -9.72 -9.34 -8.96 -8.43 -7.89 -7.32 -6.76 -6.49 -6.22 -6.64 -7.07 -7.47 -7.86 -7.44 -7.02 -7.00 -6.98 -7.11 -7.23 -6.79 -6.35 -6.44 -6.53 -6.79 -7.05 -7.61 -8.17 -8.29 -8.41 -8.31 -8.22 -8.16 -17.80 -17.76 -17.71 -17.50 -17.29 -17.10 -16.91 -16.80 -16.68 -16.49 -16.29 -16.28 -16.26 -16.09 -15.92 -15.44 -14.96 -14.71 -14.45 -14.12 -13.78 -13.60 -13.42 -13.20 -12.98 -13.20 -13.41 -13.81 -14.21 -14.05 -13.88 -13.69 -13.50 -13.35 -13.20 -12.86 -12.52 -12.39 -12.25 -12.41 -12.56 -12.56 -12.55 -12.54 -12.51 -12.45 -12.38 -12.30 -12.22 -12.05 -11.88 -11.57 -11.25 -10.86 -10.47 -10.28 -10.09 -10.07 -10.05 -10.31 -10.56 -11.01 -11.46 -11.67 -11.89 -12.02 -12.14 -12.01 -11.86 -11.76 -11.65 -11.77 -11.88 -11.79 -11.70 -11.59 -11.47 -11.52 -11.55 -11.53 -11.49 -11.14 -10.78 -10.20 -9.61 -9.10 -8.59 -8.32 -8.05 -7.74 -7.44 -7.26 -7.09 -7.47 -7.84 -7.58 -7.32 -7.03 -6.73 -7.14 -7.54 -7.51 -7.47 -7.17 -6.87 -6.97 -7.06 -7.18 -7.29 -7.88 -8.45 -8.56 -8.66 -8.25 -7.83 -7.69 -17.87 -17.74 -17.61 -17.41 -17.21 -17.12 -17.04 -16.87 -16.70 -16.47 -16.23 -16.27 -16.31 -16.14 -15.96 -15.54 -15.12 -14.78 -14.43 -14.07 -13.72 -13.63 -13.54 -13.24 -12.94 -13.25 -13.56 -13.98 -14.39 -14.00 -13.62 -13.60 -13.58 -13.51 -13.45 -13.02 -12.59 -12.41 -12.24 -12.51 -12.78 -12.86 -12.94 -12.98 -13.02 -12.88 -12.74 -12.59 -12.44 -12.25 -12.07 -11.66 -11.26 -10.88 -10.50 -10.35 -10.20 -10.15 -10.10 -10.39 -10.68 -11.40 -12.12 -12.22 -12.32 -12.41 -12.50 -12.47 -12.43 -12.43 -12.43 -12.65 -12.87 -12.67 -12.46 -12.26 -12.06 -12.09 -12.12 -12.03 -11.94 -11.48 -11.01 -10.26 -9.51 -8.87 -8.22 -8.21 -8.21 -8.16 -8.12 -8.04 -7.96 -8.29 -8.62 -7.70 -6.78 -6.62 -6.45 -7.27 -8.10 -7.91 -7.72 -7.56 -7.40 -7.50 -7.60 -7.57 -7.54 -8.14 -8.74 -8.82 -8.91 -8.18 -7.45 -7.23 </TempDataArray>
    </BinaryData>
    <End xmlns="" EndString="7777"/>
</gribObject>
