<?xml version="1.0" encoding="UTF-8" standalone="yes"?>
<gribObject xmlns:xsi="http://www.w3.org/2001/XMLSchema-instance" xmlns:xsd="http://www.w3.org/2001/XMLSchema" xmlns="http://c4i.mlt/ICDU/schema" ForecastTime="2025-09-28T12:00:00.000Z" RunTime="2025-09-28T12:00:00.000Z" ParameterName="U component of wind" FileName="newsingapore">
    <Indicator xmlns="" GribHeader="GRIB" NumOfOctets="21" GribType="2"/>
    <ProductDefinition xmlns="" NumOfOctets="4" ParamTableVersion="2" OrigCenter="7" ProcessID="81" GridID="36" GDS_BDS_Flag="128" ParamAndUnits="131" LevelType="0" Level="300" ReferenceTime="28" Month="9" Day="28" Hour="12" Minute="0" ForecastTimeUnits="1" PeriodOfTime1="12" PeriodOfTime2="0" TimeRangeIndicator="1" NumInAverage="-2" NumMissingAverage="0" CenturyOfReference="21" SubcenterID="0" DecimalScaleFactor="1" Reserved1="0" Lat1="-11000" Lon1="91000" Lat2="-9500" Lon2="105375" Di="125" Dj="125"/>
    <GridDescription xmlns="" NumOfOctets="72" NV="0" PV="255" DataRepresentationType="0">
        <LatLonProjection Ni="116" Nj="13" Flags="128" ScanFlags="64" Reserved="0"/>
    </GridDescription>
    <BinaryData xmlns="" NumOfOctets="6032" FlagsAndUnused="12" BinaryScaleFactor="0" ReferenceValue="-97.790039" DatumPacked="1508" OptionalFlags="0">
        <TempDataArray>-7.38 -7.58 -7.78 -7.98 -8.18 -7.88 -7.58 -6.98 -6.48 -6.28 -6.08 -6.08 -5.98 -6.08 -6.28 -6.88 -7.48 -6.88 -6.18 -5.68 -5.18 -4.78 -4.48 -4.48 -4.48 -4.78 -5.08 -4.78 -4.58 -4.48 -4.38 -3.18 -1.88 -1.68 -1.48 -1.28 -1.08 -1.08 -1.08 -2.28 -3.48 -4.68 -5.88 -5.88 -5.78 -5.28 -4.78 -4.28 -3.78 -3.28 -2.78 -2.48 -2.08 -2.28 -2.38 -3.18 -3.88 -4.18 -4.48 -4.38 -4.28 -3.78 -3.38 -2.98 -2.68 -2.08 -1.58 -1.68 -1.78 -2.08 -2.38 -1.78 -1.18 -0.38 0.42 1.02 1.62 1.52 1.52 1.22 1.02 1.12 1.22 1.62 1.92 2.62 3.22 3.52 3.82 3.52 3.22 3.22 3.22 3.52 3.72 4.02 4.22 4.12 4.02 4.62 5.22 5.12 4.92 5.12 5.42 5.32 5.12 5.02 4.92 5.22 5.42 5.82 6.22 6.62 6.92 7.72 -7.58 -7.68 -7.68 -7.78 -7.78 -7.58 -7.38 -7.08 -6.68 -6.28 -5.88 -5.78 -5.68 -6.08 -6.58 -6.68 -6.78 -6.18 -5.58 -5.38 -5.18 -5.08 -4.88 -4.78 -4.78 -4.68 -4.58 -4.18 -3.68 -3.68 -3.58 -2.88 -2.08 -1.88 -1.68 -1.68 -1.58 -2.08 -2.58 -3.58 -4.48 -5.38 -6.28 -6.38 -6.48 -5.78 -5.08 -4.48 -3.88 -3.48 -2.98 -2.88 -2.68 -2.98 -3.18 -3.68 -4.18 -4.38 -4.68 -4.58 -4.48 -3.98 -3.58 -3.18 -2.78 -2.38 -1.88 -2.08 -2.28 -2.28 -2.38 -1.88 -1.28 -0.58 0.12 0.62 1.12 1.02 1.02 0.92 0.82 1.12 1.52 1.72 1.92 2.32 2.62 2.92 3.32 3.22 3.12 2.92 2.82 3.02 3.12 3.32 3.52 3.52 3.62 4.02 4.52 4.42 4.32 4.42 4.62 4.32 4.12 4.12 4.12 4.52 4.92 5.52 6.12 6.52 6.92 7.62 -7.88 -7.78 -7.68 -7.48 -7.38 -7.38 -7.28 -7.08 -6.88 -6.28 -5.68 -5.58 -5.38 -6.08 -6.88 -6.48 -6.08 -5.58 -4.98 -5.08 -5.28 -5.28 -5.28 -5.18 -5.08 -4.58 -4.08 -3.48 -2.88 -2.88 -2.78 -2.58 -2.38 -2.18 -1.98 -2.08 -2.18 -3.18 -4.08 -4.88 -5.58 -6.18 -6.68 -6.98 -7.18 -6.28 -5.48 -4.78 -4.08 -3.68 -3.18 -3.28 -3.28 -3.68 -4.08 -4.28 -4.48 -4.68 -4.88 -4.78 -4.68 -4.18 -3.78 -3.28 -2.88 -2.58 -2.28 -2.48 -2.78 -2.58 -2.38 -1.88 -1.48 -0.88 -0.18 0.12 0.52 0.42 0.42 0.52 0.52 1.22 1.82 1.92 1.92 2.02 2.02 2.42 2.72 2.82 3.02 2.72 2.42 2.52 2.52 2.72 2.82 2.92 3.12 3.42 3.72 3.72 3.72 3.72 3.72 3.42 3.02 3.22 3.32 3.82 4.32 5.12 6.02 6.42 6.82 7.62 -7.48 -7.38 -7.18 -7.18 -7.08 -6.98 -6.88 -6.78 -6.78 -6.48 -6.18 -5.98 -5.68 -5.98 -6.18 -6.18 -6.08 -5.78 -5.48 -5.58 -5.68 -5.58 -5.58 -5.28 -5.08 -4.48 -3.88 -3.68 -3.38 -3.48 -3.48 -3.38 -3.18 -2.98 -2.78 -2.88 -2.88 -3.78 -4.68 -5.38 -5.98 -6.48 -6.98 -7.08 -7.08 -6.18 -5.18 -4.78 -4.38 -4.18 -3.98 -4.08 -4.18 -4.38 -4.58 -4.58 -4.68 -4.88 -4.98 -4.88 -4.68 -4.28 -3.88 -3.58 -3.18 -2.98 -2.78 -2.98 -3.08 -2.98 -2.88 -2.38 -1.78 -1.18 -0.58 -0.28 0.12 0.22 0.42 0.52 0.72 1.12 1.52 1.52 1.52 1.52 1.62 1.92 2.22 2.42 2.72 2.62 2.62 2.42 2.32 2.42 2.62 2.82 3.22 3.32 3.42 3.42 3.42 3.22 3.02 2.82 2.52 2.82 3.12 4.02 4.92 5.72 6.52 6.82 7.12 7.72 -7.08 -6.88 -6.78 -6.78 -6.78 -6.68 -6.48 -6.58 -6.68 -6.68 -6.68 -6.38 -6.08 -5.78 -5.48 -5.78 -6.08 -6.08 -6.08 -6.08 -6.08 -5.98 -5.88 -5.48 -5.08 -4.48 -3.78 -3.88 -3.88 -4.08 -4.18 -4.18 -4.08 -3.88 -3.58 -3.58 -3.58 -4.48 -5.28 -5.78 -6.38 -6.88 -7.38 -7.18 -7.08 -5.98 -4.98 -4.88 -4.68 -4.78 -4.78 -4.98 -5.08 -5.08 -5.08 -4.98 -4.88 -5.08 -5.18 -4.98 -4.68 -4.28 -3.98 -3.78 -3.58 -3.48 -3.28 -3.38 -3.48 -3.38 -3.38 -2.78 -2.18 -1.58 -0.98 -0.68 -0.38 -0.08 0.32 0.62 0.82 1.02 1.22 1.22 1.12 1.12 1.22 1.42 1.62 1.92 2.32 2.52 2.82 2.42 2.02 2.22 2.32 2.72 3.22 3.12 3.02 3.02 3.02 2.72 2.32 2.22 2.02 2.42 2.82 4.12 5.52 6.22 6.92 7.12 7.42 7.92 -6.98 -6.98 -6.98 -7.08 -7.08 -7.18 -7.18 -7.48 -7.68 -7.38 -7.08 -6.58 -6.18 -6.18 -6.18 -6.08 -5.98 -6.08 -6.08 -5.88 -5.68 -5.38 -4.98 -4.78 -4.58 -4.28 -3.88 -4.28 -4.58 -4.78 -4.88 -4.88 -4.68 -4.58 -4.28 -4.38 -4.38 -4.98 -5.48 -5.88 -6.18 -6.78 -7.38 -7.18 -6.98 -6.18 -5.48 -5.38 -5.38 -5.58 -5.78 -5.78 -5.68 -5.48 -5.18 -5.18 -5.18 -5.18 -5.18 -4.98 -4.68 -4.48 -4.28 -4.18 -3.98 -3.78 -3.48 -3.68 -3.88 -3.78 -3.68 -2.98 -2.28 -1.68 -1.08 -0.88 -0.58 -0.18 0.22 0.32 0.52 0.52 0.52 0.62 0.72 0.82 1.12 1.12 1.22 1.42 1.72 2.22 2.72 2.52 2.42 2.42 2.52 2.72 2.92 2.82 2.72 2.72 2.72 2.42 2.02 2.12 2.22 3.12 4.02 4.82 5.72 6.12 6.52 6.82 7.12 7.22 -6.98 -7.08 -7.18 -7.28 -7.48 -7.68 -7.98 -8.28 -8.68 -8.08 -7.48 -6.88 -6.28 -6.58 -6.88 -6.38 -5.88 -5.98 -6.08 -5.68 -5.38 -4.78 -4.18 -4.18 -4.08 -4.08 -4.08 -4.78 -5.38 -5.58 -5.68 -5.58 -5.38 -5.28 -5.08 -5.18 -5.18 -5.38 -5.68 -5.88 -6.08 -6.68 -7.38 -7.18 -6.98 -6.48 -5.88 -5.98 -6.08 -6.48 -6.78 -6.58 -6.38 -5.88 -5.28 -5.48 -5.58 -5.38 -5.18 -4.88 -4.68 -4.58 -4.58 -4.48 -4.48 -4.08 -3.78 -3.98 -4.28 -4.08 -3.98 -3.18 -2.38 -1.88 -1.28 -0.98 -0.78 -0.38 0.02 0.12 0.22 0.02 -0.18 0.02 0.22 0.52 0.92 0.82 0.82 0.92 1.12 1.82 2.62 2.72 2.72 2.72 2.72 2.62 2.52 2.52 2.42 2.42 2.42 2.12 1.72 2.02 2.42 3.72 5.12 5.52 5.92 6.02 6.02 6.42 6.82 6.52 -7.28 -7.38 -7.58 -7.68 -7.68 -7.78 -7.88 -7.98 -8.08 -7.48 -6.98 -6.78 -6.48 -6.58 -6.68 -6.48 -6.28 -6.28 -6.18 -5.78 -5.48 -4.88 -4.28 -4.28 -4.18 -4.58 -4.98 -5.48 -5.98 -6.08 -6.18 -6.08 -5.88 -5.68 -5.58 -5.48 -5.48 -5.58 -5.78 -6.08 -6.28 -6.68 -6.98 -6.88 -6.78 -6.58 -6.38 -6.88 -7.18 -7.38 -7.48 -7.18 -6.68 -6.38 -5.98 -6.08 -6.08 -5.78 -5.38 -5.18 -4.88 -4.88 -4.78 -4.68 -4.48 -4.28 -4.08 -4.28 -4.48 -4.18 -3.68 -3.08 -2.28 -1.88 -1.38 -1.28 -1.08 -0.78 -0.48 -0.48 -0.38 -0.48 -0.58 -0.38 -0.18 -0.08 0.12 0.12 0.22 0.62 1.22 1.82 2.42 2.32 2.22 2.12 2.12 2.02 1.92 1.82 1.72 1.92 2.22 2.32 2.62 3.02 3.52 4.22 5.12 5.22 5.52 5.62 5.72 5.92 6.12 5.72 -7.58 -7.78 -7.98 -7.98 -7.98 -7.88 -7.88 -7.68 -7.48 -6.98 -6.48 -6.58 -6.68 -6.68 -6.58 -6.68 -6.68 -6.48 -6.28 -5.88 -5.58 -4.98 -4.48 -4.38 -4.28 -5.08 -5.88 -6.18 -6.48 -6.68 -6.78 -6.58 -6.28 -6.18 -6.08 -5.88 -5.78 -5.78 -5.88 -6.18 -6.48 -6.58 -6.68 -6.58 -6.58 -6.78 -6.98 -7.68 -8.38 -8.38 -8.28 -7.68 -7.08 -6.98 -6.78 -6.78 -6.68 -6.18 -5.68 -5.48 -5.18 -5.08 -4.98 -4.78 -4.58 -4.48 -4.38 -4.58 -4.78 -4.18 -3.48 -2.88 -2.28 -1.88 -1.48 -1.48 -1.48 -1.28 -1.08 -0.98 -0.98 -0.98 -0.98 -0.78 -0.68 -0.68 -0.78 -0.68 -0.48 0.32 1.22 1.72 2.12 1.92 1.62 1.62 1.52 1.42 1.22 1.12 1.02 1.52 1.92 2.62 3.42 3.92 4.52 4.72 5.02 5.02 5.02 5.22 5.42 5.42 5.42 5.02 -7.68 -7.78 -7.88 -7.98 -7.98 -8.18 -8.18 -8.08 -7.88 -7.38 -6.88 -6.98 -6.88 -6.68 -6.48 -6.38 -6.18 -5.88 -5.58 -5.28 -4.98 -4.78 -4.48 -4.98 -5.38 -5.88 -6.38 -6.68 -6.88 -7.08 -7.08 -7.08 -6.88 -6.78 -6.68 -6.48 -6.18 -6.28 -6.38 -6.68 -6.98 -6.98 -6.88 -6.88 -6.78 -7.28 -7.58 -8.28 -8.98 -8.88 -8.78 -8.18 -7.58 -7.48 -7.28 -7.28 -7.28 -6.88 -6.48 -6.18 -5.78 -5.48 -5.18 -4.98 -4.88 -4.78 -4.78 -4.78 -4.88 -4.18 -3.58 -3.18 -2.68 -2.48 -2.18 -1.98 -1.78 -1.68 -1.48 -1.58 -1.68 -1.68 -1.58 -1.68 -1.78 -1.58 -1.28 -0.78 -0.18 0.42 1.02 1.22 1.42 1.32 1.12 1.22 1.42 1.32 1.32 1.22 1.22 1.62 2.02 2.62 3.32 3.82 4.32 4.52 4.82 4.72 4.72 5.02 5.32 5.42 5.42 5.12 -7.88 -7.88 -7.88 -7.98 -8.08 -8.38 -8.58 -8.48 -8.28 -7.88 -7.38 -7.28 -7.18 -6.78 -6.38 -6.08 -5.68 -5.28 -4.88 -4.68 -4.38 -4.48 -4.58 -5.48 -6.38 -6.68 -6.88 -7.18 -7.38 -7.48 -7.48 -7.58 -7.58 -7.48 -7.38 -6.98 -6.58 -6.78 -6.88 -7.18 -7.58 -7.38 -7.18 -7.18 -7.08 -7.68 -8.28 -8.98 -9.58 -9.48 -9.28 -8.78 -8.18 -8.08 -7.88 -7.88 -7.88 -7.68 -7.38 -6.98 -6.48 -5.88 -5.38 -5.28 -5.18 -5.18 -5.18 -4.98 -4.88 -4.28 -3.68 -3.38 -3.08 -2.98 -2.88 -2.48 -2.08 -2.08 -1.98 -2.18 -2.48 -2.28 -2.18 -2.58 -2.98 -2.38 -1.78 -0.88 0.02 0.42 0.82 0.82 0.72 0.72 0.62 0.92 1.22 1.32 1.42 1.42 1.32 1.62 2.02 2.62 3.22 3.62 4.12 4.32 4.52 4.52 4.42 4.82 5.22 5.32 5.42 5.32 -8.38 -8.38 -8.38 -8.48 -8.58 -8.68 -8.68 -8.48 -8.18 -7.78 -7.38 -7.18 -6.98 -6.58 -6.08 -5.68 -5.28 -5.18 -4.98 -4.98 -4.98 -5.38 -5.68 -6.28 -6.88 -6.98 -6.88 -7.28 -7.48 -7.58 -7.68 -7.88 -8.08 -7.88 -7.68 -7.38 -7.18 -7.38 -7.48 -7.78 -8.08 -7.68 -7.28 -7.38 -7.38 -8.08 -8.68 -9.18 -9.68 -9.58 -9.38 -8.98 -8.48 -8.48 -8.28 -8.48 -8.48 -8.28 -7.98 -7.48 -6.98 -6.58 -6.18 -6.08 -5.88 -5.78 -5.48 -5.28 -4.98 -4.58 -4.08 -3.78 -3.38 -3.28 -2.98 -2.58 -2.08 -2.38 -2.68 -2.88 -3.08 -2.98 -2.98 -3.18 -3.38 -2.68 -1.98 -1.28 -0.58 -0.48 -0.28 -0.38 -0.38 -0.18 0.12 0.32 0.52 0.72 0.92 1.12 1.52 1.92 2.32 2.62 2.92 3.32 3.72 4.02 4.32 4.32 4.42 4.72 5.12 5.42 5.72 5.52 -8.88 -8.88 -8.98 -9.08 -9.08 -8.98 -8.78 -8.48 -8.08 -7.78 -7.48 -7.18 -6.78 -6.28 -5.78 -5.38 -4.88 -4.98 -5.08 -5.38 -5.68 -6.28 -6.78 -7.08 -7.48 -7.18 -6.98 -7.38 -7.68 -7.78 -7.88 -8.18 -8.58 -8.28 -7.98 -7.88 -7.78 -7.98 -8.18 -8.38 -8.58 -7.98 -7.48 -7.58 -7.78 -8.48 -9.18 -9.48 -9.78 -9.68 -9.48 -9.18 -8.88 -8.88 -8.78 -8.98 -9.18 -8.88 -8.58 -8.08 -7.48 -7.28 -6.98 -6.78 -6.68 -6.28 -5.88 -5.48 -5.08 -4.88 -4.58 -4.18 -3.78 -3.48 -3.18 -2.68 -2.18 -2.78 -3.38 -3.48 -3.68 -3.68 -3.78 -3.78 -3.78 -2.98 -2.18 -1.78 -1.28 -1.28 -1.38 -1.48 -1.58 -0.98 -0.48 -0.38 -0.28 0.02 0.32 0.92 1.62 2.12 2.62 2.62 2.62 2.92 3.22 3.62 4.02 4.22 4.32 4.62 4.92 5.42 5.92 5.82 </TempDataArray>
    </BinaryData>
    <End xmlns="" EndString="7777"/>
</gribObject>
