<?xml version="1.0" encoding="UTF-8" standalone="yes"?>
<gribObject xmlns:xsi="http://www.w3.org/2001/XMLSchema-instance" xmlns:xsd="http://www.w3.org/2001/XMLSchema" xmlns="http://c4i.mlt/ICDU/schema" ForecastTime="2025-09-26T12:00:00.000Z" RunTime="2025-09-26T12:00:00.000Z" ParameterName="Temperature" FileName="newsingapore">
    <Indicator xmlns="" GribHeader="GRIB" NumOfOctets="21" GribType="2"/>
    <ProductDefinition xmlns="" NumOfOctets="4" ParamTableVersion="2" OrigCenter="7" ProcessID="81" GridID="36" GDS_BDS_Flag="128" ParamAndUnits="130" LevelType="0" Level="100" ReferenceTime="26" Month="9" Day="26" Hour="12" Minute="0" ForecastTimeUnits="1" PeriodOfTime1="12" PeriodOfTime2="0" TimeRangeIndicator="1" NumInAverage="298" NumMissingAverage="0" CenturyOfReference="21" SubcenterID="0" DecimalScaleFactor="2" Reserved1="0" Lat1="-11000" Lon1="91000" Lat2="-9500" Lon2="105375" Di="125" Dj="125"/>
    <GridDescription xmlns="" NumOfOctets="72" NV="0" PV="255" DataRepresentationType="0">
        <LatLonProjection Ni="116" Nj="13" Flags="128" ScanFlags="64" Reserved="0"/>
    </GridDescription>
    <BinaryData xmlns="" NumOfOctets="6032" FlagsAndUnused="12" BinaryScaleFactor="0" ReferenceValue="29792.400391" DatumPacked="1508" OptionalFlags="0">
        <TempDataArray>299.10 299.11 299.12 299.05 298.97 298.96 298.96 298.92 298.88 298.86 298.84 298.81 298.78 298.74 298.71 298.71 298.71 298.70 298.70 298.70 298.70 298.70 298.69 298.69 298.68 298.68 298.67 298.68 298.69 298.71 298.73 298.74 298.74 298.74 298.73 298.73 298.72 298.71 298.70 298.69 298.67 298.66 298.64 298.64 298.65 298.64 298.64 298.63 298.62 298.60 298.58 298.57 298.55 298.52 298.49 298.46 298.42 298.39 298.36 298.33 298.30 298.25 298.20 298.15 298.10 298.06 298.02 298.00 297.97 297.96 297.95 297.96 297.97 298.01 298.05 298.06 298.07 298.10 298.13 298.15 298.17 298.20 298.23 298.28 298.33 298.42 298.50 298.55 298.59 298.63 298.66 298.74 298.82 298.95 299.07 299.08 299.08 299.05 299.02 299.05 299.08 299.08 299.08 299.04 298.99 298.95 298.91 298.90 298.89 298.87 298.85 298.81 298.77 298.78 298.79 298.89 299.12 299.10 299.07 299.03 298.98 299.02 299.05 299.03 299.01 298.96 298.92 298.89 298.86 298.83 298.80 298.79 298.76 298.75 298.74 298.74 298.75 298.76 298.76 298.76 298.76 298.75 298.74 298.74 298.75 298.76 298.77 298.77 298.77 298.77 298.77 298.76 298.76 298.75 298.74 298.73 298.73 298.71 298.71 298.71 298.70 298.69 298.67 298.65 298.63 298.63 298.63 298.57 298.52 298.49 298.46 298.43 298.39 298.36 298.32 298.28 298.25 298.20 298.14 298.10 298.06 298.02 297.98 297.96 297.95 297.95 297.94 297.95 297.95 297.99 298.03 298.05 298.07 298.12 298.17 298.20 298.24 298.27 298.30 298.36 298.42 298.51 298.60 298.66 298.72 298.78 298.83 298.89 298.95 299.03 299.10 299.08 299.06 299.04 299.02 299.05 299.08 299.07 299.05 299.01 298.96 298.93 298.89 298.89 298.88 298.86 298.85 298.82 298.80 298.82 298.84 298.91 299.13 299.08 299.03 299.01 298.99 299.07 299.14 299.14 299.15 299.07 298.99 298.96 298.93 298.92 298.90 298.86 298.82 298.80 298.77 298.79 298.80 298.82 298.84 298.83 298.83 298.82 298.80 298.80 298.80 298.80 298.80 298.81 298.81 298.81 298.81 298.80 298.79 298.78 298.77 298.77 298.78 298.77 298.77 298.77 298.76 298.73 298.70 298.68 298.65 298.66 298.67 298.58 298.49 298.46 298.43 298.39 298.36 298.32 298.28 298.24 298.19 298.14 298.09 298.06 298.02 297.98 297.94 297.94 297.93 297.93 297.93 297.94 297.94 297.98 298.01 298.04 298.07 298.14 298.21 298.26 298.30 298.33 298.37 298.44 298.51 298.61 298.70 298.77 298.85 298.93 299.01 299.05 299.09 299.11 299.13 299.08 299.04 299.04 299.03 299.06 299.08 299.05 299.02 298.98 298.93 298.91 298.88 298.87 298.86 298.85 298.84 298.83 298.83 298.86 298.89 298.93 299.11 299.08 299.05 299.04 299.04 299.11 299.19 299.23 299.26 299.22 299.18 299.11 299.05 299.01 298.97 298.95 298.94 298.92 298.90 298.89 298.89 298.90 298.92 298.91 298.89 298.88 298.87 298.86 298.85 298.85 298.84 298.85 298.87 298.88 298.88 298.89 298.89 298.89 298.88 298.86 298.85 298.84 298.83 298.82 298.80 298.77 298.74 298.74 298.74 298.75 298.76 298.67 298.58 298.50 298.43 298.39 298.35 298.31 298.26 298.22 298.17 298.12 298.07 298.04 298.01 297.98 297.95 297.94 297.94 297.93 297.93 297.93 297.94 297.97 298.00 298.05 298.10 298.19 298.27 298.32 298.37 298.44 298.51 298.62 298.72 298.78 298.83 298.88 298.92 298.98 299.03 299.06 299.10 299.10 299.10 299.07 299.03 299.04 299.05 299.06 299.07 299.03 298.99 298.95 298.91 298.89 298.88 298.87 298.86 298.86 298.87 298.88 298.89 298.91 298.93 298.94 299.08 299.08 299.07 299.08 299.08 299.16 299.23 299.31 299.38 299.37 299.36 299.27 299.17 299.11 299.04 299.05 299.05 299.04 299.02 299.00 298.98 298.99 298.99 298.98 298.96 298.95 298.94 298.92 298.90 298.89 298.88 298.90 298.92 298.94 298.96 298.98 299.00 298.99 298.98 298.95 298.91 298.91 298.90 298.87 298.83 298.81 298.78 298.81 298.84 298.85 298.85 298.76 298.66 298.55 298.43 298.38 298.33 298.29 298.25 298.20 298.15 298.10 298.05 298.02 297.99 297.97 297.95 297.95 297.94 297.93 297.92 297.93 297.94 297.96 297.98 298.05 298.12 298.23 298.34 298.39 298.44 298.55 298.66 298.80 298.93 298.95 298.97 298.98 298.99 299.02 299.05 299.08 299.10 299.08 299.07 299.05 299.02 299.05 299.07 299.06 299.05 299.01 298.96 298.93 298.89 298.89 298.88 298.87 298.86 298.88 298.89 298.92 298.95 298.96 298.97 298.95 299.08 299.08 299.08 299.08 299.08 299.12 299.16 299.20 299.25 299.26 299.27 299.26 299.26 299.25 299.25 299.25 299.26 299.21 299.16 299.12 299.08 299.07 299.07 299.04 299.01 299.00 299.00 298.99 298.99 299.00 299.01 299.02 299.04 299.04 299.05 299.06 299.07 299.06 299.05 299.03 299.01 299.01 299.01 298.99 298.97 298.94 298.91 298.91 298.92 298.91 298.90 298.81 298.73 298.64 298.57 298.46 298.35 298.31 298.27 298.22 298.17 298.12 298.07 298.04 298.01 297.99 297.96 297.96 297.96 297.96 297.96 297.96 297.96 297.99 298.02 298.10 298.19 298.33 298.46 298.52 298.57 298.70 298.82 298.87 298.92 298.94 298.95 298.97 299.00 299.03 299.06 299.08 299.10 299.08 299.06 299.05 299.03 299.05 299.06 299.04 299.02 298.98 298.94 298.91 298.89 298.88 298.88 298.88 298.88 298.89 298.91 298.94 298.96 298.96 298.97 298.95 299.08 299.09 299.10 299.10 299.09 299.08 299.08 299.10 299.11 299.14 299.18 299.26 299.34 299.39 299.45 299.46 299.47 299.39 299.30 299.24 299.18 299.16 299.14 299.10 299.06 299.06 299.05 299.07 299.08 299.11 299.14 299.14 299.15 299.14 299.14 299.14 299.13 299.12 299.11 299.12 299.12 299.12 299.12 299.12 299.11 299.07 299.03 299.01 299.00 298.98 298.95 298.87 298.79 298.75 298.70 298.54 298.37 298.33 298.30 298.24 298.18 298.13 298.08 298.05 298.02 298.00 297.98 297.98 297.98 297.99 297.99 297.99 297.99 298.02 298.05 298.16 298.26 298.42 298.58 298.64 298.71 298.85 298.98 298.95 298.91 298.92 298.93 298.96 299.00 299.04 299.07 299.08 299.09 299.07 299.05 299.05 299.04 299.05 299.05 299.02 299.00 298.95 298.91 298.89 298.88 298.88 298.88 298.89 298.89 298.91 298.93 298.95 298.97 298.97 298.97 298.95 299.08 299.09 299.10 299.10 299.10 299.09 299.09 299.09 299.09 299.13 299.18 299.26 299.35 299.33 299.32 299.33 299.35 299.35 299.35 299.37 299.38 299.40 299.42 299.38 299.34 299.32 299.30 299.29 299.28 299.27 299.25 299.26 299.27 299.29 299.32 299.35 299.39 299.38 299.36 299.30 299.24 299.24 299.24 299.20 299.16 299.13 299.11 299.10 299.10 299.09 299.08 298.99 298.90 298.80 298.70 298.59 298.48 298.42 298.35 298.30 298.24 298.18 298.12 298.08 298.05 298.03 298.02 298.02 298.03 298.04 298.05 298.05 298.06 298.12 298.19 298.35 298.50 298.63 298.75 298.79 298.83 298.87 298.92 298.92 298.92 298.94 298.95 298.99 299.02 299.05 299.08 299.08 299.08 299.06 299.04 299.03 299.02 299.02 299.02 299.00 298.98 298.95 298.92 298.91 298.90 298.90 298.89 298.90 298.91 298.93 298.95 298.96 298.97 298.98 298.98 298.97 299.08 299.08 299.09 299.10 299.10 299.10 299.10 299.08 299.07 299.12 299.17 299.26 299.35 299.27 299.19 299.21 299.23 299.32 299.40 299.49 299.59 299.64 299.70 299.66 299.62 299.58 299.54 299.51 299.48 299.42 299.36 299.38 299.39 299.44 299.49 299.57 299.65 299.63 299.61 299.49 299.37 299.36 299.35 299.27 299.20 299.19 299.18 299.19 299.20 299.20 299.20 299.11 299.01 298.86 298.71 298.65 298.59 298.49 298.40 298.36 298.31 298.23 298.15 298.11 298.07 298.07 298.06 298.07 298.08 298.09 298.10 298.11 298.12 298.23 298.33 298.54 298.74 298.83 298.92 298.94 298.95 298.90 298.85 298.89 298.92 298.95 298.98 299.01 299.04 299.07 299.09 299.08 299.08 299.06 299.03 299.01 299.00 299.00 299.00 298.98 298.96 298.94 298.92 298.92 298.92 298.92 298.91 298.92 298.93 298.95 298.97 298.97 298.97 298.98 298.99 298.99 299.09 299.09 299.10 299.10 299.10 299.10 299.10 299.09 299.09 299.16 299.23 299.33 299.44 299.36 299.29 299.28 299.28 299.32 299.37 299.39 299.41 299.46 299.51 299.51 299.52 299.59 299.66 299.65 299.65 299.63 299.61 299.65 299.69 299.70 299.71 299.73 299.74 299.70 299.65 299.56 299.47 299.42 299.38 299.36 299.33 299.33 299.32 299.24 299.17 299.16 299.15 299.15 299.14 298.94 298.73 298.70 298.66 298.56 298.46 298.44 298.42 298.33 298.26 298.20 298.14 298.14 298.13 298.16 298.19 298.19 298.19 298.22 298.24 298.36 298.47 298.61 298.75 298.83 298.91 298.92 298.93 298.92 298.91 298.94 298.96 298.99 299.02 299.06 299.09 299.11 299.12 299.09 299.07 299.03 299.00 298.99 298.99 298.99 298.98 298.97 298.96 298.96 298.96 298.97 298.99 298.99 298.99 298.99 299.00 299.01 299.01 299.01 299.01 299.02 299.02 299.03 299.10 299.10 299.10 299.10 299.09 299.09 299.09 299.10 299.11 299.20 299.28 299.40 299.52 299.45 299.38 299.36 299.33 299.33 299.33 299.28 299.23 299.27 299.31 299.37 299.43 299.60 299.77 299.80 299.82 299.84 299.86 299.92 299.98 299.96 299.94 299.89 299.83 299.76 299.69 299.63 299.57 299.49 299.40 299.44 299.47 299.46 299.46 299.30 299.13 299.12 299.10 299.19 299.28 299.01 298.75 298.74 298.73 298.63 298.52 298.52 298.52 298.44 298.36 298.29 298.21 298.20 298.20 298.25 298.30 298.29 298.28 298.32 298.37 298.49 298.61 298.69 298.76 298.83 298.89 298.90 298.91 298.94 298.97 298.99 299.01 299.04 299.06 299.10 299.14 299.14 299.15 299.10 299.05 299.01 298.97 298.98 298.98 298.97 298.96 298.96 298.97 298.98 298.99 299.02 299.05 299.06 299.06 299.07 299.07 299.07 299.06 299.06 299.06 299.06 299.05 299.06 299.13 299.13 299.13 299.12 299.11 299.11 299.10 299.13 299.16 299.24 299.32 299.39 299.47 299.44 299.42 299.42 299.43 299.44 299.45 299.42 299.39 299.43 299.45 299.52 299.58 299.69 299.80 299.79 299.77 299.81 299.83 299.89 299.95 299.91 299.86 299.83 299.81 299.77 299.74 299.67 299.60 299.55 299.49 299.47 299.45 299.43 299.41 299.24 299.08 299.08 299.08 299.23 299.37 299.10 298.82 298.80 298.79 298.69 298.60 298.58 298.57 298.48 298.40 298.38 298.36 298.36 298.36 298.39 298.42 298.43 298.43 298.48 298.52 298.60 298.69 298.74 298.79 298.85 298.92 298.94 298.96 299.00 299.03 299.04 299.06 299.07 299.07 299.09 299.11 299.12 299.13 299.11 299.08 299.05 299.01 298.99 298.98 298.97 298.96 298.98 299.00 299.03 299.06 299.10 299.14 299.13 299.13 299.12 299.11 299.12 299.13 299.13 299.13 299.11 299.10 299.10 299.15 299.16 299.16 299.14 299.13 299.12 299.11 299.16 299.20 299.27 299.35 299.39 299.42 299.44 299.45 299.49 299.53 299.55 299.56 299.56 299.56 299.58 299.60 299.67 299.73 299.77 299.82 299.77 299.73 299.77 299.81 299.87 299.93 299.86 299.78 299.78 299.78 299.78 299.78 299.70 299.63 299.61 299.58 299.51 299.44 299.39 299.35 299.20 299.04 299.05 299.06 299.26 299.46 299.18 298.89 298.87 298.84 298.76 298.67 298.64 298.61 298.52 298.44 298.47 298.50 298.51 298.52 298.53 298.54 298.56 298.58 298.63 298.67 298.71 298.76 298.79 298.82 298.88 298.94 298.98 299.02 299.06 299.09 299.10 299.10 299.10 299.09 299.08 299.08 299.10 299.12 299.12 299.12 299.08 299.04 299.01 298.98 298.98 298.97 299.00 299.03 299.08 299.13 299.18 299.22 299.20 299.19 299.17 299.15 299.18 299.20 299.20 299.20 299.17 299.14 299.14 </TempDataArray>
    </BinaryData>
    <End xmlns="" EndString="7777"/>
</gribObject>
