<?xml version="1.0" encoding="UTF-8" standalone="yes"?>
<gribObject xmlns:xsi="http://www.w3.org/2001/XMLSchema-instance" xmlns:xsd="http://www.w3.org/2001/XMLSchema" xmlns="http://c4i.mlt/ICDU/schema" ForecastTime="2025-09-26T12:00:00.000Z" RunTime="2025-09-26T12:00:00.000Z" ParameterName="Temperature" FileName="newsingapore">
    <Indicator xmlns="" GribHeader="GRIB" NumOfOctets="21" GribType="2"/>
    <ProductDefinition xmlns="" NumOfOctets="4" ParamTableVersion="2" OrigCenter="7" ProcessID="81" GridID="36" GDS_BDS_Flag="128" ParamAndUnits="130" LevelType="0" Level="300" ReferenceTime="26" Month="9" Day="26" Hour="12" Minute="0" ForecastTimeUnits="1" PeriodOfTime1="12" PeriodOfTime2="0" TimeRangeIndicator="1" NumInAverage="243" NumMissingAverage="0" CenturyOfReference="21" SubcenterID="0" DecimalScaleFactor="2" Reserved1="0" Lat1="-11000" Lon1="91000" Lat2="-9500" Lon2="105375" Di="125" Dj="125"/>
    <GridDescription xmlns="" NumOfOctets="72" NV="0" PV="255" DataRepresentationType="0">
        <LatLonProjection Ni="116" Nj="13" Flags="128" ScanFlags="64" Reserved="0"/>
    </GridDescription>
    <BinaryData xmlns="" NumOfOctets="6032" FlagsAndUnused="12" BinaryScaleFactor="0" ReferenceValue="24278.501953" DatumPacked="1508" OptionalFlags="0">
        <TempDataArray>244.68 244.64 244.59 244.59 244.59 244.51 244.43 244.33 244.22 244.14 244.06 244.19 244.32 244.50 244.67 244.62 244.56 244.44 244.32 244.27 244.22 244.28 244.34 244.38 244.42 244.44 244.45 244.47 244.49 244.54 244.60 244.66 244.71 244.66 244.61 244.65 244.68 244.78 244.88 244.93 244.97 244.98 244.99 244.87 244.74 244.62 244.50 244.49 244.47 244.48 244.48 244.48 244.47 244.44 244.41 244.40 244.39 244.37 244.34 244.30 244.25 244.27 244.29 244.29 244.28 244.20 244.11 244.15 244.18 244.21 244.24 244.22 244.19 244.17 244.14 244.20 244.25 244.27 244.29 244.14 243.99 243.94 243.88 243.79 243.71 243.54 243.38 243.43 243.48 243.49 243.50 243.48 243.45 243.38 243.31 243.37 243.42 243.43 243.43 243.42 243.41 243.50 243.58 243.60 243.62 243.64 243.65 243.67 243.68 243.66 243.63 243.68 243.73 243.76 243.80 243.78 244.45 244.50 244.55 244.57 244.58 244.49 244.40 244.27 244.15 244.11 244.08 244.15 244.23 244.44 244.65 244.57 244.49 244.41 244.34 244.30 244.27 244.33 244.38 244.39 244.41 244.43 244.46 244.47 244.49 244.55 244.62 244.64 244.66 244.65 244.65 244.68 244.71 244.75 244.79 244.83 244.86 244.86 244.86 244.74 244.62 244.51 244.40 244.38 244.36 244.37 244.39 244.37 244.35 244.35 244.35 244.38 244.40 244.36 244.31 244.26 244.20 244.20 244.20 244.22 244.25 244.13 244.02 244.06 244.10 244.12 244.15 244.08 244.01 244.02 244.03 244.10 244.18 244.16 244.15 244.01 243.86 243.81 243.75 243.71 243.67 243.56 243.46 243.46 243.45 243.44 243.43 243.38 243.33 243.25 243.17 243.23 243.30 243.32 243.35 243.35 243.35 243.42 243.48 243.47 243.47 243.51 243.54 243.57 243.59 243.60 243.60 243.67 243.74 243.75 243.76 243.72 244.21 244.36 244.51 244.54 244.57 244.47 244.36 244.22 244.08 244.09 244.09 244.12 244.14 244.39 244.63 244.53 244.42 244.39 244.35 244.34 244.32 244.37 244.42 244.41 244.39 244.43 244.46 244.47 244.48 244.56 244.64 244.63 244.61 244.65 244.68 244.71 244.73 244.72 244.70 244.73 244.75 244.74 244.72 244.61 244.50 244.40 244.29 244.27 244.25 244.27 244.29 244.26 244.22 244.26 244.30 244.35 244.41 244.35 244.28 244.22 244.15 244.13 244.11 244.16 244.21 244.07 243.92 243.97 244.01 244.04 244.06 243.94 243.82 243.87 243.92 244.01 244.10 244.06 244.01 243.87 243.73 243.68 243.62 243.62 243.62 243.58 243.54 243.48 243.42 243.39 243.35 243.28 243.20 243.12 243.03 243.10 243.17 243.22 243.26 243.28 243.30 243.34 243.37 243.35 243.32 243.38 243.44 243.47 243.50 243.54 243.58 243.67 243.75 243.74 243.72 243.65 244.18 244.30 244.43 244.38 244.34 244.25 244.15 244.15 244.15 244.21 244.28 244.27 244.27 244.38 244.49 244.39 244.29 244.30 244.32 244.32 244.32 244.32 244.32 244.32 244.31 244.34 244.37 244.42 244.47 244.52 244.57 244.56 244.55 244.52 244.49 244.50 244.51 244.48 244.45 244.48 244.51 244.52 244.54 244.43 244.32 244.20 244.09 244.08 244.07 244.12 244.18 244.17 244.16 244.21 244.26 244.30 244.33 244.28 244.24 244.19 244.14 244.10 244.07 244.11 244.15 244.03 243.90 243.89 243.87 243.91 243.94 243.88 243.82 243.88 243.94 243.96 243.99 243.93 243.86 243.73 243.60 243.59 243.59 243.62 243.65 243.60 243.55 243.45 243.35 243.30 243.26 243.21 243.16 243.10 243.03 243.05 243.07 243.09 243.11 243.19 243.26 243.35 243.44 243.37 243.29 243.34 243.38 243.41 243.43 243.49 243.54 243.58 243.62 243.65 243.67 243.60 244.15 244.25 244.34 244.23 244.11 244.03 243.94 244.08 244.22 244.34 244.46 244.43 244.39 244.37 244.35 244.25 244.15 244.22 244.28 244.30 244.31 244.27 244.22 244.23 244.23 244.25 244.27 244.36 244.45 244.47 244.49 244.49 244.48 244.39 244.30 244.30 244.30 244.25 244.20 244.23 244.26 244.31 244.36 244.25 244.13 244.01 243.89 243.89 243.88 243.97 244.06 244.08 244.10 244.17 244.23 244.24 244.25 244.22 244.19 244.16 244.13 244.07 244.02 244.06 244.09 243.99 243.88 243.81 243.73 243.78 243.82 243.82 243.83 243.89 243.95 243.92 243.88 243.79 243.71 243.59 243.46 243.51 243.55 243.61 243.67 243.62 243.56 243.42 243.28 243.22 243.16 243.14 243.12 243.08 243.03 243.00 242.96 242.96 242.96 243.10 243.23 243.37 243.51 243.39 243.27 243.29 243.32 243.34 243.36 243.44 243.51 243.50 243.49 243.56 243.62 243.55 244.14 244.16 244.19 244.11 244.03 243.97 243.92 244.01 244.11 244.10 244.10 244.13 244.16 244.15 244.14 244.09 244.04 244.14 244.24 244.26 244.28 244.22 244.17 244.12 244.08 244.10 244.11 244.21 244.31 244.36 244.40 244.40 244.40 244.32 244.23 244.18 244.14 244.12 244.10 244.10 244.10 244.10 244.10 243.98 243.87 243.77 243.68 243.73 243.78 243.91 244.05 244.11 244.18 244.22 244.27 244.20 244.14 244.06 243.99 244.03 244.08 244.04 244.01 244.00 243.99 243.91 243.83 243.79 243.76 243.77 243.79 243.78 243.76 243.79 243.82 243.80 243.78 243.73 243.68 243.61 243.55 243.62 243.69 243.65 243.62 243.55 243.49 243.34 243.19 243.15 243.11 243.13 243.16 243.10 243.05 242.97 242.90 242.90 242.91 243.04 243.18 243.31 243.44 243.35 243.26 243.32 243.37 243.36 243.34 243.35 243.36 243.32 243.28 243.41 243.54 243.50 244.12 244.08 244.03 243.99 243.95 243.92 243.89 243.94 243.99 243.87 243.74 243.83 243.92 243.92 243.92 243.93 243.93 244.06 244.19 244.22 244.25 244.18 244.11 244.02 243.93 243.94 243.95 244.06 244.17 244.24 244.31 244.32 244.32 244.24 244.16 244.07 243.97 243.98 243.99 243.96 243.93 243.88 243.83 243.72 243.60 243.53 243.46 243.57 243.68 243.86 244.03 244.14 244.25 244.28 244.31 244.17 244.02 243.90 243.78 243.91 244.03 244.01 243.99 243.94 243.89 243.84 243.78 243.78 243.78 243.77 243.76 243.73 243.69 243.69 243.68 243.68 243.67 243.66 243.64 243.64 243.64 243.74 243.83 243.70 243.56 243.49 243.41 243.26 243.10 243.08 243.06 243.13 243.19 243.13 243.07 242.95 242.83 242.85 242.86 242.99 243.12 243.24 243.36 243.31 243.25 243.34 243.42 243.37 243.32 243.26 243.20 243.13 243.06 243.26 243.46 243.45 244.06 244.04 244.02 244.04 244.06 244.00 243.95 244.00 244.05 243.92 243.78 243.79 243.79 243.80 243.81 243.85 243.89 244.01 244.15 244.16 244.18 244.12 244.06 243.99 243.92 243.91 243.91 243.96 244.00 244.06 244.12 244.13 244.14 244.06 243.98 243.96 243.93 243.88 243.84 243.76 243.69 243.68 243.66 243.62 243.57 243.56 243.55 243.68 243.82 243.96 244.10 244.19 244.28 244.26 244.24 244.08 243.92 243.82 243.72 243.81 243.91 243.90 243.90 243.85 243.80 243.76 243.72 243.70 243.69 243.67 243.65 243.63 243.60 243.60 243.60 243.61 243.62 243.62 243.62 243.65 243.69 243.78 243.87 243.71 243.56 243.46 243.36 243.24 243.13 243.09 243.05 243.05 243.06 243.04 243.01 242.93 242.85 242.91 242.97 243.04 243.12 243.17 243.23 243.20 243.16 243.22 243.28 243.21 243.15 243.13 243.11 243.08 243.06 243.20 243.34 243.35 243.99 244.00 244.00 244.08 244.16 244.08 244.00 244.06 244.11 243.97 243.82 243.74 243.66 243.68 243.70 243.77 243.84 243.97 244.10 244.10 244.10 244.06 244.01 243.96 243.90 243.89 243.87 243.85 243.83 243.88 243.93 243.95 243.96 243.88 243.80 243.85 243.89 243.79 243.68 243.57 243.45 243.47 243.49 243.51 243.54 243.59 243.64 243.80 243.95 244.06 244.17 244.24 244.30 244.24 244.17 243.99 243.81 243.73 243.65 243.72 243.79 243.79 243.80 243.76 243.71 243.68 243.65 243.62 243.59 243.56 243.53 243.53 243.52 243.51 243.51 243.54 243.56 243.58 243.59 243.67 243.74 243.82 243.90 243.73 243.55 243.43 243.31 243.23 243.15 243.09 243.03 242.98 242.93 242.95 242.96 242.92 242.87 242.97 243.07 243.09 243.11 243.11 243.10 243.09 243.07 243.10 243.13 243.05 242.97 242.99 243.01 243.03 243.05 243.13 243.21 243.26 243.82 243.80 243.78 243.86 243.95 243.90 243.86 243.91 243.97 243.91 243.86 243.76 243.68 243.66 243.64 243.75 243.87 243.94 244.02 244.01 244.01 243.97 243.93 243.90 243.88 243.87 243.86 243.85 243.85 243.87 243.90 243.88 243.86 243.85 243.85 243.90 243.94 243.82 243.69 243.60 243.50 243.50 243.50 243.50 243.51 243.56 243.62 243.81 243.99 244.11 244.22 244.24 244.26 244.17 244.07 243.96 243.85 243.73 243.61 243.63 243.66 243.67 243.68 243.69 243.70 243.68 243.65 243.57 243.49 243.42 243.35 243.34 243.32 243.32 243.31 243.37 243.44 243.49 243.55 243.65 243.75 243.80 243.85 243.65 243.46 243.37 243.28 243.30 243.32 243.24 243.16 243.08 243.00 243.02 243.04 242.94 242.83 242.93 243.02 243.04 243.07 243.09 243.12 243.11 243.10 243.08 243.06 243.00 242.93 242.96 243.00 243.04 243.07 243.17 243.26 243.34 243.64 243.60 243.55 243.64 243.73 243.72 243.71 243.77 243.83 243.86 243.89 243.79 243.69 243.63 243.58 243.74 243.89 243.92 243.94 243.93 243.92 243.89 243.85 243.85 243.85 243.85 243.85 243.86 243.86 243.86 243.86 243.81 243.75 243.83 243.90 243.95 243.99 243.85 243.70 243.63 243.55 243.53 243.51 243.49 243.47 243.54 243.60 243.82 244.03 244.15 244.27 244.25 244.23 244.10 243.96 243.92 243.88 243.72 243.56 243.55 243.53 243.54 243.55 243.62 243.69 243.67 243.65 243.52 243.39 243.28 243.17 243.15 243.13 243.12 243.11 243.21 243.31 243.41 243.51 243.64 243.76 243.78 243.80 243.58 243.36 243.31 243.25 243.37 243.48 243.38 243.28 243.18 243.07 243.10 243.13 242.96 242.79 242.88 242.97 243.00 243.02 243.07 243.13 243.13 243.12 243.06 242.99 242.94 242.89 242.94 242.98 243.04 243.10 243.21 243.31 243.42 243.76 243.68 243.60 243.66 243.71 243.73 243.74 243.74 243.75 243.75 243.75 243.76 243.76 243.76 243.76 243.83 243.91 243.92 243.94 243.92 243.90 243.88 243.86 243.85 243.84 243.86 243.89 243.87 243.86 243.83 243.80 243.78 243.77 243.85 243.93 243.90 243.87 243.74 243.61 243.57 243.53 243.54 243.55 243.53 243.52 243.58 243.64 243.86 244.08 244.15 244.23 244.15 244.07 243.97 243.88 243.85 243.82 243.68 243.55 243.53 243.52 243.55 243.57 243.66 243.74 243.69 243.64 243.52 243.40 243.32 243.25 243.24 243.24 243.22 243.20 243.29 243.37 243.51 243.64 243.73 243.81 243.76 243.71 243.54 243.36 243.27 243.19 243.28 243.38 243.33 243.28 243.22 243.16 243.21 243.25 243.12 242.98 243.00 243.03 243.02 243.01 243.06 243.11 243.13 243.15 243.10 243.06 243.01 242.96 243.00 243.04 243.10 243.16 243.29 243.43 243.52 243.87 243.76 243.65 243.67 243.69 243.73 243.77 243.72 243.66 243.64 243.61 243.72 243.83 243.88 243.94 243.93 243.92 243.93 243.93 243.91 243.88 243.88 243.87 243.85 243.83 243.88 243.92 243.89 243.86 243.80 243.73 243.76 243.79 243.87 243.95 243.85 243.75 243.64 243.52 243.51 243.50 243.55 243.59 243.58 243.56 243.62 243.68 243.90 244.12 244.16 244.19 244.04 243.90 243.85 243.80 243.78 243.75 243.64 243.53 243.52 243.51 243.55 243.59 243.69 243.79 243.71 243.62 243.51 243.41 243.37 243.32 243.33 243.34 243.32 243.29 243.36 243.43 243.60 243.77 243.82 243.86 243.74 243.62 243.49 243.36 243.24 243.12 243.20 243.28 243.28 243.27 243.26 243.25 243.31 243.37 243.27 243.17 243.13 243.08 243.04 243.00 243.05 243.09 243.13 243.17 243.15 243.12 243.07 243.02 243.06 243.09 243.16 243.22 243.38 243.54 243.61 </TempDataArray>
    </BinaryData>
    <End xmlns="" EndString="7777"/>
</gribObject>
