<?xml version="1.0" encoding="UTF-8" standalone="yes"?>
<gribObject xmlns:xsi="http://www.w3.org/2001/XMLSchema-instance" xmlns:xsd="http://www.w3.org/2001/XMLSchema" xmlns="http://c4i.mlt/ICDU/schema" ForecastTime="2025-09-26T12:00:00.000Z" RunTime="2025-09-26T12:00:00.000Z" ParameterName="Temperature" FileName="newsingapore">
    <Indicator xmlns="" GribHeader="GRIB" NumOfOctets="21" GribType="2"/>
    <ProductDefinition xmlns="" NumOfOctets="4" ParamTableVersion="2" OrigCenter="7" ProcessID="81" GridID="36" GDS_BDS_Flag="128" ParamAndUnits="130" LevelType="0" Level="200" ReferenceTime="26" Month="9" Day="26" Hour="12" Minute="0" ForecastTimeUnits="1" PeriodOfTime1="12" PeriodOfTime2="0" TimeRangeIndicator="1" NumInAverage="220" NumMissingAverage="0" CenturyOfReference="21" SubcenterID="0" DecimalScaleFactor="2" Reserved1="0" Lat1="-11000" Lon1="91000" Lat2="-9500" Lon2="105375" Di="125" Dj="125"/>
    <GridDescription xmlns="" NumOfOctets="72" NV="0" PV="255" DataRepresentationType="0">
        <LatLonProjection Ni="116" Nj="13" Flags="128" ScanFlags="64" Reserved="0"/>
    </GridDescription>
    <BinaryData xmlns="" NumOfOctets="6032" FlagsAndUnused="12" BinaryScaleFactor="0" ReferenceValue="22007.351562" DatumPacked="1508" OptionalFlags="0">
        <TempDataArray>220.48 220.52 220.56 220.50 220.43 220.58 220.73 220.90 221.06 220.99 220.91 220.81 220.70 220.71 220.71 220.95 221.18 221.13 221.08 220.84 220.59 220.57 220.54 220.63 220.72 220.76 220.80 220.83 220.86 220.82 220.78 220.83 220.88 220.85 220.81 220.76 220.71 220.66 220.60 220.62 220.63 220.76 220.89 220.97 221.04 221.03 221.02 220.99 220.96 220.99 221.03 220.95 220.86 220.91 220.96 220.99 221.02 221.04 221.05 221.02 220.99 220.99 221.00 221.02 221.05 221.00 220.95 220.99 221.03 221.07 221.10 221.08 221.06 221.04 221.02 221.04 221.05 221.06 221.07 221.05 221.03 220.96 220.88 220.83 220.77 220.80 220.82 220.78 220.73 220.70 220.66 220.61 220.56 220.51 220.45 220.45 220.44 220.42 220.40 220.35 220.29 220.32 220.34 220.31 220.28 220.33 220.37 220.38 220.39 220.38 220.37 220.34 220.30 220.27 220.25 220.27 220.55 220.54 220.53 220.56 220.59 220.65 220.71 220.83 220.94 220.89 220.85 220.75 220.66 220.67 220.68 220.82 220.97 220.95 220.92 220.83 220.75 220.70 220.65 220.62 220.60 220.58 220.56 220.64 220.72 220.73 220.75 220.83 220.91 220.86 220.81 220.71 220.61 220.47 220.34 220.41 220.48 220.64 220.80 220.87 220.93 220.98 221.02 221.03 221.04 221.06 221.08 221.00 220.93 220.98 221.03 221.04 221.05 221.03 221.01 221.03 221.05 221.07 221.08 221.12 221.16 221.08 221.01 221.06 221.11 221.13 221.16 221.15 221.15 221.13 221.11 221.06 221.00 221.02 221.03 220.98 220.93 220.86 220.80 220.79 220.79 220.76 220.73 220.71 220.69 220.68 220.67 220.63 220.60 220.55 220.51 220.52 220.53 220.46 220.39 220.38 220.38 220.37 220.36 220.34 220.31 220.36 220.41 220.42 220.44 220.45 220.46 220.41 220.36 220.32 220.29 220.26 220.61 220.55 220.50 220.62 220.74 220.72 220.69 220.76 220.82 220.80 220.78 220.70 220.61 220.63 220.64 220.70 220.76 220.76 220.76 220.83 220.90 220.83 220.76 220.62 220.47 220.39 220.31 220.44 220.57 220.65 220.72 220.83 220.93 220.87 220.81 220.66 220.50 220.29 220.07 220.20 220.33 220.52 220.71 220.77 220.82 220.92 221.02 221.07 221.11 221.12 221.12 221.06 220.99 221.04 221.09 221.08 221.07 221.02 220.97 221.04 221.11 221.14 221.16 221.21 221.26 221.16 221.06 221.12 221.18 221.20 221.21 221.22 221.23 221.22 221.20 221.08 220.95 220.97 220.99 220.91 220.83 220.77 220.71 220.76 220.81 220.73 220.64 220.65 220.65 220.66 220.67 220.66 220.64 220.60 220.56 220.59 220.62 220.50 220.38 220.42 220.46 220.42 220.38 220.36 220.34 220.40 220.45 220.47 220.48 220.52 220.55 220.48 220.41 220.37 220.33 220.26 220.50 220.57 220.64 220.76 220.89 220.82 220.74 220.74 220.74 220.75 220.76 220.76 220.76 220.78 220.80 220.83 220.86 220.78 220.70 220.81 220.93 220.90 220.87 220.73 220.59 220.54 220.49 220.57 220.66 220.72 220.78 220.83 220.87 220.78 220.69 220.57 220.46 220.35 220.25 220.42 220.59 220.78 220.97 220.98 221.00 221.07 221.14 221.18 221.21 221.19 221.17 221.10 221.04 221.08 221.12 221.14 221.16 221.17 221.18 221.16 221.14 221.18 221.22 221.24 221.26 221.18 221.09 221.12 221.15 221.18 221.21 221.18 221.14 221.10 221.06 221.01 220.96 220.99 221.02 220.92 220.82 220.78 220.75 220.78 220.81 220.75 220.69 220.68 220.67 220.64 220.62 220.62 220.62 220.60 220.58 220.56 220.53 220.46 220.39 220.42 220.45 220.45 220.46 220.44 220.42 220.44 220.47 220.49 220.51 220.52 220.54 220.47 220.41 220.40 220.39 220.32 220.39 220.58 220.77 220.91 221.04 220.92 220.80 220.73 220.66 220.70 220.74 220.83 220.91 220.94 220.97 220.96 220.95 220.80 220.64 220.80 220.95 220.96 220.97 220.84 220.70 220.69 220.67 220.71 220.74 220.79 220.84 220.83 220.81 220.69 220.57 220.49 220.41 220.42 220.43 220.64 220.85 221.04 221.23 221.20 221.17 221.22 221.26 221.29 221.31 221.26 221.21 221.15 221.09 221.12 221.15 221.20 221.25 221.32 221.39 221.27 221.16 221.22 221.28 221.27 221.26 221.19 221.12 221.12 221.11 221.16 221.21 221.13 221.05 220.99 220.92 220.94 220.96 221.00 221.04 220.92 220.80 220.80 220.79 220.80 220.81 220.77 220.73 220.71 220.68 220.62 220.56 220.58 220.59 220.60 220.60 220.52 220.44 220.42 220.40 220.42 220.43 220.48 220.53 220.52 220.50 220.49 220.48 220.51 220.53 220.52 220.52 220.46 220.40 220.42 220.44 220.39 220.50 220.73 220.96 220.98 221.01 220.91 220.81 220.77 220.72 220.76 220.80 220.87 220.95 220.97 220.99 221.02 221.04 220.90 220.76 220.77 220.78 220.89 220.99 220.80 220.60 220.64 220.69 220.73 220.76 220.78 220.79 220.76 220.73 220.64 220.56 220.51 220.46 220.48 220.50 220.68 220.86 221.05 221.25 221.18 221.12 221.16 221.21 221.25 221.29 221.24 221.19 221.18 221.18 221.19 221.20 221.24 221.29 221.34 221.40 221.31 221.22 221.19 221.17 221.15 221.14 221.11 221.08 221.10 221.12 221.16 221.21 221.14 221.07 221.05 221.03 221.02 221.02 221.01 221.00 220.92 220.84 220.84 220.85 220.82 220.80 220.76 220.72 220.70 220.68 220.59 220.51 220.53 220.55 220.59 220.63 220.56 220.49 220.47 220.44 220.46 220.47 220.53 220.59 220.56 220.52 220.50 220.48 220.50 220.52 220.53 220.53 220.44 220.35 220.40 220.45 220.46 220.61 220.88 221.14 221.05 220.97 220.90 220.82 220.80 220.78 220.82 220.85 220.92 220.98 221.00 221.02 221.07 221.12 221.00 220.87 220.74 220.60 220.81 221.02 220.76 220.49 220.60 220.71 220.74 220.78 220.76 220.74 220.69 220.64 220.60 220.55 220.53 220.51 220.54 220.57 220.72 220.87 221.07 221.26 221.17 221.07 221.11 221.15 221.21 221.26 221.21 221.16 221.22 221.27 221.26 221.24 221.28 221.32 221.37 221.41 221.34 221.27 221.16 221.05 221.04 221.02 221.03 221.04 221.08 221.12 221.17 221.21 221.15 221.09 221.12 221.14 221.11 221.07 221.02 220.96 220.92 220.87 220.89 220.91 220.85 220.78 220.74 220.71 220.70 220.68 220.57 220.45 220.48 220.50 220.58 220.65 220.60 220.54 220.51 220.48 220.50 220.51 220.58 220.65 220.60 220.54 220.51 220.48 220.50 220.52 220.53 220.54 220.42 220.30 220.38 220.46 220.54 220.83 220.99 221.15 221.05 220.96 220.92 220.88 220.88 220.88 220.91 220.94 220.89 220.84 220.92 220.99 220.97 220.95 220.93 220.91 220.83 220.74 220.79 220.83 220.69 220.55 220.61 220.66 220.68 220.69 220.71 220.73 220.72 220.70 220.66 220.61 220.59 220.57 220.62 220.67 220.73 220.79 221.02 221.26 221.19 221.13 221.18 221.23 221.23 221.24 221.29 221.34 221.38 221.43 221.40 221.36 221.39 221.43 221.44 221.45 221.39 221.34 221.28 221.22 221.19 221.16 221.15 221.13 221.14 221.16 221.18 221.21 221.15 221.10 221.10 221.11 221.09 221.07 221.02 220.97 220.93 220.89 220.89 220.89 220.84 220.79 220.72 220.65 220.64 220.64 220.63 220.63 220.63 220.63 220.67 220.71 220.68 220.64 220.62 220.59 220.60 220.61 220.65 220.69 220.64 220.59 220.57 220.56 220.60 220.65 220.63 220.62 220.56 220.49 220.53 220.56 220.59 221.04 221.10 221.16 221.05 220.94 220.94 220.94 220.96 220.97 220.99 221.02 220.86 220.70 220.84 220.97 220.88 220.78 220.86 220.94 220.92 220.89 220.77 220.64 220.63 220.61 220.61 220.61 220.61 220.60 220.66 220.72 220.74 220.76 220.72 220.67 220.65 220.63 220.70 220.76 220.73 220.70 220.98 221.26 221.22 221.18 221.25 221.31 221.26 221.21 221.36 221.51 221.55 221.59 221.54 221.48 221.51 221.53 221.51 221.48 221.44 221.40 221.40 221.39 221.35 221.30 221.26 221.22 221.21 221.19 221.20 221.20 221.15 221.10 221.09 221.07 221.07 221.07 221.02 220.97 220.94 220.91 220.89 220.86 220.83 220.80 220.69 220.58 220.59 220.60 220.70 220.80 220.77 220.75 220.76 220.77 220.76 220.74 220.72 220.70 220.71 220.71 220.72 220.73 220.69 220.64 220.64 220.63 220.70 220.77 220.74 220.70 220.69 220.68 220.67 220.66 220.64 221.06 221.06 221.06 220.99 220.92 220.98 221.04 221.00 220.97 220.96 220.96 220.77 220.59 220.70 220.80 220.76 220.71 220.81 220.92 220.94 220.96 220.88 220.80 220.80 220.79 220.78 220.77 220.73 220.70 220.75 220.80 220.82 220.84 220.87 220.91 220.92 220.94 220.99 221.05 220.97 220.90 221.04 221.18 221.17 221.17 221.24 221.32 221.31 221.31 221.43 221.56 221.57 221.58 221.55 221.52 221.53 221.55 221.53 221.51 221.49 221.46 221.45 221.44 221.38 221.32 221.28 221.24 221.21 221.19 221.20 221.22 221.19 221.16 221.14 221.13 221.11 221.10 221.06 221.02 220.98 220.95 220.88 220.80 220.83 220.85 220.73 220.62 220.68 220.74 220.74 220.74 220.77 220.80 220.79 220.77 220.77 220.76 220.70 220.65 220.69 220.73 220.75 220.78 220.76 220.73 220.77 220.80 220.82 220.84 220.78 220.73 220.72 220.72 220.71 220.70 220.71 221.07 221.01 220.95 220.93 220.90 221.02 221.13 221.05 220.97 220.93 220.89 220.69 220.48 220.56 220.64 220.64 220.64 220.77 220.89 220.96 221.03 221.00 220.97 220.97 220.96 220.94 220.92 220.86 220.80 220.85 220.89 220.90 220.91 221.03 221.15 221.20 221.24 221.29 221.33 221.21 221.09 221.09 221.09 221.13 221.16 221.24 221.32 221.36 221.40 221.51 221.61 221.59 221.56 221.56 221.56 221.56 221.56 221.55 221.54 221.53 221.52 221.50 221.48 221.41 221.34 221.30 221.25 221.22 221.18 221.21 221.24 221.23 221.21 221.20 221.18 221.15 221.12 221.10 221.07 221.03 220.98 220.87 220.75 220.82 220.89 220.77 220.66 220.77 220.89 220.78 220.67 220.76 220.85 220.82 220.78 220.77 220.77 220.69 220.60 220.67 220.74 220.79 220.83 220.83 220.82 220.90 220.97 220.94 220.90 220.83 220.75 220.75 220.75 220.74 220.74 220.78 220.75 220.68 220.62 220.64 220.66 220.81 220.96 220.98 221.01 221.03 221.06 220.91 220.76 220.80 220.85 220.79 220.74 220.85 220.97 221.02 221.06 221.04 221.02 220.98 220.93 220.89 220.84 220.83 220.83 220.83 220.83 220.89 220.95 221.09 221.23 221.27 221.31 221.33 221.35 221.27 221.19 221.16 221.13 221.21 221.29 221.36 221.43 221.46 221.49 221.56 221.64 221.62 221.60 221.60 221.60 221.60 221.60 221.61 221.62 221.60 221.58 221.53 221.48 221.38 221.28 221.25 221.23 221.21 221.19 221.25 221.32 221.28 221.24 221.24 221.24 221.15 221.07 221.09 221.11 221.06 221.02 220.93 220.84 220.88 220.93 220.90 220.87 220.90 220.94 220.85 220.76 220.79 220.83 220.80 220.77 220.81 220.85 220.89 220.93 220.98 221.02 220.96 220.90 220.87 220.85 220.92 220.99 220.98 220.98 220.89 220.81 220.78 220.76 220.77 220.78 220.80 220.43 220.36 220.28 220.35 220.42 220.60 220.78 220.91 221.04 221.14 221.23 221.13 221.03 221.04 221.05 220.94 220.83 220.94 221.05 221.07 221.09 221.08 221.07 220.99 220.90 220.83 220.76 220.81 220.85 220.81 220.76 220.87 220.98 221.15 221.31 221.35 221.38 221.37 221.36 221.33 221.29 221.23 221.16 221.29 221.42 221.48 221.53 221.55 221.57 221.62 221.66 221.65 221.63 221.63 221.63 221.63 221.63 221.67 221.70 221.67 221.64 221.56 221.48 221.35 221.21 221.21 221.21 221.20 221.19 221.29 221.39 221.33 221.26 221.28 221.29 221.16 221.02 221.08 221.14 221.10 221.05 220.99 220.92 220.94 220.96 221.02 221.08 221.03 220.98 220.91 220.84 220.83 220.81 220.79 220.76 220.85 220.93 221.10 221.26 221.28 221.30 221.14 220.97 220.92 220.87 220.94 221.01 221.03 221.05 220.96 220.87 220.82 220.76 220.79 220.81 220.81 </TempDataArray>
    </BinaryData>
    <End xmlns="" EndString="7777"/>
</gribObject>
