<?xml version="1.0" encoding="UTF-8" standalone="yes"?>
<gribObject xmlns:xsi="http://www.w3.org/2001/XMLSchema-instance" xmlns:xsd="http://www.w3.org/2001/XMLSchema" xmlns="http://c4i.mlt/ICDU/schema" ForecastTime="2025-09-27T12:00:00.000Z" RunTime="2025-09-27T12:00:00.000Z" ParameterName="V component of wind" FileName="newsingapore">
    <Indicator xmlns="" GribHeader="GRIB" NumOfOctets="21" GribType="2"/>
    <ProductDefinition xmlns="" NumOfOctets="4" ParamTableVersion="2" OrigCenter="7" ProcessID="81" GridID="36" GDS_BDS_Flag="128" ParamAndUnits="132" LevelType="0" Level="100" ReferenceTime="27" Month="9" Day="27" Hour="12" Minute="0" ForecastTimeUnits="1" PeriodOfTime1="12" PeriodOfTime2="0" TimeRangeIndicator="1" NumInAverage="1" NumMissingAverage="0" CenturyOfReference="21" SubcenterID="0" DecimalScaleFactor="2" Reserved1="0" Lat1="-11000" Lon1="91000" Lat2="-9500" Lon2="105375" Di="125" Dj="125"/>
    <GridDescription xmlns="" NumOfOctets="72" NV="0" PV="255" DataRepresentationType="0">
        <LatLonProjection Ni="116" Nj="13" Flags="128" ScanFlags="64" Reserved="0"/>
    </GridDescription>
    <BinaryData xmlns="" NumOfOctets="6032" FlagsAndUnused="12" BinaryScaleFactor="0" ReferenceValue="-419.870148" DatumPacked="1508" OptionalFlags="0">
        <TempDataArray>-3.21 -3.17 -3.13 -3.38 -3.62 -3.69 -3.76 -3.59 -3.42 -3.13 -2.83 -2.65 -2.46 -2.34 -2.22 -2.22 -2.22 -2.28 -2.34 -2.31 -2.28 -2.48 -2.69 -2.59 -2.49 -2.25 -2.02 -1.86 -1.71 -1.65 -1.59 -1.79 -1.98 -2.14 -2.31 -2.29 -2.27 -2.00 -1.73 -1.46 -1.20 -1.07 -0.95 -0.84 -0.73 -0.84 -0.94 -0.77 -0.60 -0.33 -0.07 -0.11 -0.15 -0.32 -0.49 -0.23 0.03 0.40 0.76 0.93 1.10 1.01 0.92 0.89 0.86 0.84 0.81 0.48 0.15 -0.36 -0.87 -0.98 -1.09 -0.66 -0.22 0.16 0.54 0.87 1.20 1.45 1.70 1.68 1.65 1.59 1.53 1.23 0.94 0.50 0.07 -0.22 -0.52 -0.55 -0.58 -0.39 -0.20 0.06 0.32 0.53 0.74 0.80 0.87 0.96 1.05 1.39 1.74 1.99 2.24 2.46 2.69 3.00 3.32 3.53 3.75 3.99 4.24 4.53 -3.70 -3.52 -3.34 -3.34 -3.33 -3.37 -3.39 -3.29 -3.17 -2.91 -2.64 -2.41 -2.16 -1.99 -1.81 -1.82 -1.82 -2.01 -2.19 -2.37 -2.54 -2.70 -2.86 -2.73 -2.60 -2.38 -2.16 -1.96 -1.75 -1.64 -1.53 -1.69 -1.84 -1.92 -1.99 -1.87 -1.75 -1.47 -1.20 -0.92 -0.65 -0.39 -0.12 0.06 0.24 0.14 0.05 0.17 0.28 0.51 0.74 0.70 0.67 0.53 0.41 0.58 0.76 1.00 1.24 1.42 1.60 1.52 1.44 1.29 1.14 1.01 0.89 0.61 0.33 -0.06 -0.45 -0.48 -0.51 -0.13 0.26 0.59 0.92 1.03 1.14 1.16 1.19 1.19 1.20 1.32 1.45 1.22 1.01 0.73 0.47 0.28 0.10 0.02 -0.06 0.02 0.11 0.34 0.57 0.79 1.02 1.15 1.29 1.43 1.58 1.91 2.25 2.55 2.86 3.11 3.36 3.61 3.87 4.06 4.25 4.44 4.63 4.85 -4.20 -3.88 -3.55 -3.30 -3.05 -3.04 -3.03 -2.98 -2.93 -2.70 -2.46 -2.17 -1.87 -1.64 -1.41 -1.42 -1.43 -1.74 -2.04 -2.42 -2.81 -2.92 -3.04 -2.88 -2.71 -2.51 -2.31 -2.05 -1.80 -1.64 -1.47 -1.58 -1.70 -1.69 -1.68 -1.45 -1.23 -0.95 -0.67 -0.38 -0.10 0.30 0.70 0.95 1.21 1.13 1.04 1.10 1.16 1.35 1.55 1.51 1.48 1.39 1.30 1.39 1.48 1.60 1.71 1.90 2.10 2.03 1.96 1.69 1.42 1.19 0.97 0.73 0.50 0.23 -0.03 0.01 0.06 0.39 0.73 1.01 1.29 1.18 1.07 0.87 0.67 0.70 0.74 1.05 1.36 1.21 1.07 0.96 0.86 0.79 0.72 0.59 0.45 0.43 0.42 0.61 0.81 1.05 1.29 1.49 1.70 1.90 2.10 2.43 2.76 3.12 3.48 3.75 4.02 4.22 4.42 4.58 4.75 4.88 5.02 5.17 -3.79 -3.62 -3.44 -3.15 -2.86 -2.76 -2.65 -2.63 -2.60 -2.46 -2.32 -2.07 -1.81 -1.66 -1.50 -1.54 -1.58 -1.86 -2.14 -2.43 -2.72 -2.76 -2.79 -2.69 -2.58 -2.45 -2.31 -2.13 -1.93 -1.81 -1.69 -1.69 -1.69 -1.42 -1.15 -0.83 -0.52 -0.26 0.00 0.18 0.36 0.71 1.06 1.38 1.71 1.74 1.78 1.84 1.91 2.04 2.17 2.15 2.14 2.07 2.00 2.01 2.03 2.11 2.20 2.32 2.45 2.39 2.33 2.21 2.09 1.93 1.78 1.59 1.41 1.28 1.17 1.29 1.41 1.58 1.76 1.70 1.64 1.48 1.32 1.18 1.04 1.02 1.01 1.32 1.65 1.54 1.45 1.29 1.14 1.09 1.04 1.02 1.00 1.04 1.10 1.19 1.29 1.51 1.75 2.05 2.36 2.62 2.89 3.17 3.46 3.74 4.03 4.26 4.49 4.60 4.71 4.78 4.86 4.90 4.95 5.00 -3.38 -3.36 -3.33 -3.00 -2.67 -2.47 -2.27 -2.27 -2.27 -2.23 -2.18 -1.97 -1.75 -1.67 -1.59 -1.67 -1.74 -1.99 -2.24 -2.44 -2.64 -2.59 -2.54 -2.50 -2.45 -2.39 -2.32 -2.20 -2.07 -1.99 -1.91 -1.79 -1.68 -1.15 -0.62 -0.22 0.19 0.42 0.66 0.74 0.82 1.12 1.42 1.81 2.20 2.36 2.51 2.58 2.66 2.72 2.78 2.79 2.80 2.75 2.70 2.64 2.57 2.63 2.68 2.73 2.79 2.74 2.69 2.72 2.75 2.67 2.59 2.45 2.31 2.33 2.36 2.56 2.76 2.77 2.79 2.39 1.99 1.78 1.56 1.48 1.41 1.34 1.27 1.60 1.93 1.87 1.82 1.62 1.42 1.39 1.35 1.45 1.54 1.65 1.77 1.76 1.76 1.98 2.20 2.61 3.02 3.35 3.68 3.92 4.16 4.37 4.58 4.77 4.96 4.97 4.99 4.97 4.96 4.91 4.87 4.83 -2.66 -2.58 -2.49 -2.40 -2.31 -2.22 -2.13 -2.10 -2.06 -2.04 -2.02 -1.87 -1.71 -1.72 -1.73 -1.90 -2.07 -2.24 -2.40 -2.45 -2.49 -2.36 -2.23 -2.17 -2.10 -1.96 -1.81 -1.80 -1.79 -1.79 -1.79 -1.70 -1.60 -1.12 -0.65 -0.21 0.24 0.46 0.69 0.70 0.70 0.98 1.25 1.67 2.08 2.35 2.62 2.77 2.93 2.88 2.85 2.78 2.71 2.64 2.57 2.45 2.34 2.37 2.40 2.42 2.44 2.46 2.49 2.69 2.89 2.92 2.95 2.78 2.62 2.48 2.35 2.48 2.61 2.69 2.78 2.58 2.39 2.24 2.10 2.05 2.00 1.95 1.90 2.19 2.48 2.57 2.66 2.56 2.47 2.31 2.15 2.20 2.25 2.44 2.64 2.82 3.00 3.17 3.35 3.57 3.79 4.01 4.23 4.30 4.38 4.41 4.46 4.52 4.59 4.58 4.58 4.47 4.38 4.27 4.17 4.13 -1.94 -1.80 -1.65 -1.80 -1.96 -1.98 -1.99 -1.92 -1.85 -1.86 -1.87 -1.77 -1.67 -1.77 -1.87 -2.14 -2.40 -2.49 -2.57 -2.46 -2.34 -2.14 -1.93 -1.84 -1.75 -1.53 -1.30 -1.41 -1.51 -1.59 -1.68 -1.60 -1.52 -1.10 -0.68 -0.20 0.28 0.50 0.72 0.65 0.58 0.83 1.08 1.52 1.96 2.34 2.72 2.95 3.19 3.05 2.91 2.76 2.61 2.52 2.43 2.27 2.11 2.12 2.12 2.10 2.08 2.18 2.28 2.66 3.03 3.17 3.31 3.11 2.92 2.63 2.34 2.40 2.45 2.60 2.76 2.77 2.78 2.70 2.63 2.61 2.59 2.56 2.52 2.77 3.03 3.26 3.50 3.50 3.51 3.23 2.95 2.96 2.96 3.23 3.50 3.87 4.24 4.36 4.49 4.52 4.56 4.67 4.78 4.68 4.59 4.46 4.33 4.27 4.22 4.19 4.16 3.97 3.79 3.62 3.46 3.42 -1.44 -1.30 -1.14 -1.23 -1.32 -1.41 -1.50 -1.53 -1.55 -1.60 -1.64 -1.62 -1.59 -1.71 -1.81 -2.04 -2.26 -2.28 -2.30 -2.15 -1.99 -1.80 -1.61 -1.58 -1.54 -1.36 -1.18 -1.17 -1.15 -1.19 -1.22 -1.05 -0.88 -0.51 -0.13 0.24 0.62 0.76 0.90 0.84 0.78 0.96 1.15 1.36 1.58 1.69 1.82 2.01 2.21 2.23 2.27 2.28 2.29 2.32 2.35 2.31 2.27 2.34 2.41 2.42 2.44 2.42 2.40 2.53 2.67 2.76 2.85 2.62 2.41 2.12 1.83 1.82 1.81 2.04 2.27 2.54 2.82 2.93 3.04 3.12 3.20 3.21 3.22 3.33 3.44 3.56 3.68 3.71 3.76 3.62 3.48 3.49 3.51 3.74 3.98 4.31 4.64 4.67 4.71 4.59 4.48 4.45 4.43 4.24 4.05 3.91 3.78 3.74 3.70 3.67 3.64 3.48 3.33 3.24 3.16 3.21 -0.95 -0.79 -0.64 -0.66 -0.68 -0.85 -1.01 -1.14 -1.26 -1.34 -1.41 -1.47 -1.52 -1.64 -1.76 -1.95 -2.13 -2.08 -2.03 -1.84 -1.65 -1.47 -1.29 -1.32 -1.34 -1.20 -1.06 -0.93 -0.80 -0.78 -0.76 -0.50 -0.24 0.08 0.41 0.68 0.96 1.02 1.08 1.03 0.98 1.09 1.21 1.20 1.19 1.05 0.91 1.06 1.22 1.42 1.62 1.80 1.97 2.11 2.26 2.35 2.43 2.56 2.69 2.74 2.79 2.66 2.52 2.41 2.30 2.34 2.38 2.13 1.89 1.60 1.31 1.23 1.16 1.47 1.78 2.31 2.85 3.15 3.45 3.63 3.81 3.86 3.91 3.88 3.85 3.85 3.85 3.92 4.00 4.00 4.01 4.03 4.06 4.25 4.45 4.74 5.04 4.98 4.92 4.65 4.39 4.23 4.08 3.79 3.50 3.36 3.23 3.20 3.18 3.14 3.11 2.99 2.87 2.86 2.85 2.99 -0.58 -0.48 -0.38 -0.40 -0.41 -0.49 -0.57 -0.73 -0.87 -1.01 -1.14 -1.18 -1.21 -1.34 -1.46 -1.73 -1.98 -1.95 -1.91 -1.79 -1.67 -1.59 -1.52 -1.46 -1.40 -1.26 -1.10 -0.94 -0.77 -0.69 -0.60 -0.38 -0.16 0.14 0.45 0.69 0.93 1.05 1.16 1.20 1.24 1.32 1.41 1.26 1.11 0.95 0.80 0.93 1.06 1.24 1.42 1.58 1.75 1.95 2.15 2.32 2.48 2.61 2.75 2.69 2.64 2.45 2.26 2.05 1.85 1.82 1.80 1.62 1.44 1.14 0.85 0.60 0.36 0.59 0.82 1.31 1.80 2.16 2.52 2.81 3.10 3.40 3.70 3.90 4.11 4.12 4.14 4.11 4.09 4.13 4.18 4.28 4.38 4.47 4.56 4.68 4.82 4.83 4.86 4.74 4.63 4.51 4.39 4.18 3.97 3.82 3.68 3.59 3.51 3.52 3.54 3.57 3.61 3.64 3.67 3.69 -0.21 -0.17 -0.13 -0.13 -0.14 -0.14 -0.14 -0.32 -0.49 -0.68 -0.87 -0.89 -0.91 -1.04 -1.17 -1.51 -1.84 -1.82 -1.79 -1.74 -1.69 -1.72 -1.75 -1.61 -1.47 -1.31 -1.15 -0.95 -0.74 -0.59 -0.44 -0.26 -0.08 0.20 0.48 0.69 0.90 1.07 1.24 1.37 1.50 1.55 1.60 1.32 1.03 0.86 0.69 0.79 0.89 1.05 1.22 1.37 1.52 1.78 2.04 2.29 2.53 2.67 2.81 2.64 2.48 2.24 2.00 1.70 1.39 1.30 1.21 1.10 0.99 0.69 0.39 -0.03 -0.45 -0.30 -0.14 0.31 0.75 1.17 1.59 1.99 2.39 2.94 3.48 3.92 4.36 4.39 4.43 4.30 4.17 4.26 4.35 4.52 4.70 4.68 4.66 4.63 4.59 4.69 4.79 4.83 4.87 4.78 4.70 4.56 4.43 4.28 4.13 3.98 3.83 3.89 3.96 4.15 4.34 4.41 4.49 4.38 -0.47 -0.45 -0.42 -0.38 -0.33 -0.33 -0.32 -0.49 -0.66 -0.77 -0.88 -0.80 -0.71 -0.99 -1.26 -1.53 -1.79 -1.75 -1.71 -1.66 -1.60 -1.60 -1.60 -1.51 -1.41 -1.37 -1.32 -1.28 -1.23 -1.07 -0.91 -0.74 -0.57 -0.34 -0.11 0.15 0.41 0.65 0.88 1.06 1.24 1.20 1.16 0.88 0.60 0.64 0.69 0.89 1.09 1.21 1.33 1.42 1.51 1.76 2.02 2.20 2.39 2.32 2.24 2.01 1.79 1.57 1.36 1.13 0.90 0.88 0.86 0.90 0.94 0.94 0.94 0.83 0.72 0.78 0.84 1.02 1.20 1.47 1.75 1.95 2.17 2.42 2.67 3.09 3.52 3.67 3.84 3.78 3.73 4.01 4.29 4.60 4.93 4.95 4.97 4.96 4.96 5.05 5.14 5.13 5.13 4.97 4.81 4.71 4.62 4.49 4.37 4.22 4.09 4.18 4.28 4.48 4.69 4.76 4.84 4.72 -0.73 -0.72 -0.72 -0.62 -0.52 -0.52 -0.51 -0.67 -0.83 -0.87 -0.90 -0.71 -0.51 -0.93 -1.36 -1.56 -1.75 -1.69 -1.63 -1.58 -1.52 -1.49 -1.45 -1.40 -1.36 -1.43 -1.49 -1.61 -1.72 -1.56 -1.39 -1.22 -1.06 -0.89 -0.71 -0.40 -0.08 0.22 0.52 0.75 0.98 0.84 0.71 0.44 0.16 0.42 0.68 0.98 1.29 1.36 1.44 1.46 1.49 1.74 1.99 2.12 2.25 1.96 1.67 1.38 1.09 0.90 0.71 0.56 0.40 0.45 0.50 0.70 0.89 1.19 1.48 1.68 1.89 1.85 1.82 1.74 1.65 1.78 1.90 1.92 1.94 1.89 1.85 2.26 2.67 2.95 3.24 3.26 3.29 3.75 4.22 4.68 5.15 5.21 5.27 5.30 5.33 5.41 5.48 5.44 5.39 5.15 4.91 4.86 4.81 4.70 4.60 4.47 4.34 4.47 4.60 4.81 5.03 5.11 5.19 5.06 </TempDataArray>
    </BinaryData>
    <End xmlns="" EndString="7777"/>
</gribObject>
