<?xml version="1.0" encoding="UTF-8" standalone="yes"?>
<gribObject xmlns:xsi="http://www.w3.org/2001/XMLSchema-instance" xmlns:xsd="http://www.w3.org/2001/XMLSchema" xmlns="http://c4i.mlt/ICDU/schema" ForecastTime="2025-09-27T12:00:00.000Z" RunTime="2025-09-27T12:00:00.000Z" ParameterName="V component of wind" FileName="newsingapore">
    <Indicator xmlns="" GribHeader="GRIB" NumOfOctets="21" GribType="2"/>
    <ProductDefinition xmlns="" NumOfOctets="4" ParamTableVersion="2" OrigCenter="7" ProcessID="81" GridID="36" GDS_BDS_Flag="128" ParamAndUnits="132" LevelType="0" Level="300" ReferenceTime="27" Month="9" Day="27" Hour="12" Minute="0" ForecastTimeUnits="1" PeriodOfTime1="12" PeriodOfTime2="0" TimeRangeIndicator="1" NumInAverage="-7" NumMissingAverage="0" CenturyOfReference="21" SubcenterID="0" DecimalScaleFactor="1" Reserved1="0" Lat1="-11000" Lon1="91000" Lat2="-9500" Lon2="105375" Di="125" Dj="125"/>
    <GridDescription xmlns="" NumOfOctets="72" NV="0" PV="255" DataRepresentationType="0">
        <LatLonProjection Ni="116" Nj="13" Flags="128" ScanFlags="64" Reserved="0"/>
    </GridDescription>
    <BinaryData xmlns="" NumOfOctets="6032" FlagsAndUnused="12" BinaryScaleFactor="0" ReferenceValue="-157.554565" DatumPacked="1508" OptionalFlags="0">
        <TempDataArray>-1.46 -0.16 1.14 1.14 1.14 2.24 3.34 2.84 2.24 2.34 2.44 1.74 1.04 -1.06 -3.16 -4.16 -5.06 -4.86 -4.66 -4.36 -4.16 -4.26 -4.36 -3.86 -3.36 -2.26 -1.06 -0.96 -0.86 -2.86 -4.86 -6.26 -7.66 -8.56 -9.56 -9.96 -10.46 -9.96 -9.36 -9.16 -8.86 -9.46 -9.96 -10.46 -10.86 -11.46 -12.06 -11.56 -11.16 -10.36 -9.56 -9.96 -10.36 -9.86 -9.26 -9.26 -9.36 -9.26 -9.16 -9.86 -10.66 -10.66 -10.66 -11.06 -11.46 -10.06 -8.66 -8.36 -8.06 -9.36 -10.76 -12.16 -13.66 -13.36 -13.06 -13.36 -13.66 -14.36 -15.06 -13.76 -12.36 -11.36 -10.36 -9.46 -8.46 -9.56 -10.66 -9.66 -8.56 -7.46 -6.46 -7.06 -7.66 -7.16 -6.66 -6.36 -6.06 -6.66 -7.36 -8.96 -10.56 -11.26 -11.86 -10.86 -9.86 -9.96 -9.96 -9.56 -9.06 -5.46 -1.96 -1.06 -0.26 -0.36 -0.46 -0.66 -2.46 -0.96 0.54 1.24 2.04 2.54 3.04 2.24 1.54 1.14 0.74 -0.26 -1.16 -2.66 -4.06 -4.26 -4.56 -4.46 -4.36 -3.96 -3.66 -3.76 -3.86 -3.46 -2.96 -1.66 -0.36 -0.66 -0.96 -3.36 -5.76 -7.06 -8.26 -9.06 -9.86 -10.06 -10.36 -9.86 -9.36 -9.26 -9.16 -9.66 -10.16 -10.66 -11.16 -11.46 -11.86 -11.06 -10.26 -9.76 -9.16 -9.86 -10.66 -10.46 -10.16 -9.86 -9.46 -9.36 -9.16 -9.86 -10.46 -10.56 -10.66 -11.26 -11.86 -10.06 -8.36 -8.26 -8.16 -9.76 -11.36 -12.46 -13.56 -13.36 -13.06 -13.66 -14.26 -14.86 -15.36 -14.16 -12.96 -11.86 -10.76 -10.66 -10.56 -10.56 -10.56 -9.66 -8.66 -7.46 -6.26 -6.56 -6.76 -6.76 -6.76 -7.16 -7.46 -8.16 -8.86 -9.76 -10.56 -10.96 -11.36 -10.66 -9.96 -9.96 -9.96 -9.36 -8.76 -5.56 -2.26 -1.66 -0.96 -1.06 -1.16 -1.36 -3.56 -1.86 -0.06 1.44 2.94 2.84 2.64 1.74 0.84 -0.06 -0.96 -2.26 -3.46 -4.26 -4.96 -4.46 -4.06 -4.06 -4.06 -3.56 -3.16 -3.26 -3.36 -2.96 -2.56 -1.16 0.34 -0.36 -1.06 -3.86 -6.76 -7.76 -8.86 -9.46 -10.16 -10.16 -10.26 -9.86 -9.46 -9.46 -9.46 -9.96 -10.46 -10.96 -11.46 -11.56 -11.66 -10.46 -9.36 -9.06 -8.76 -9.86 -10.96 -11.06 -11.16 -10.36 -9.66 -9.46 -9.26 -9.76 -10.36 -10.46 -10.66 -11.46 -12.26 -10.16 -8.06 -8.16 -8.26 -10.06 -11.96 -12.76 -13.56 -13.36 -13.16 -14.06 -14.86 -15.36 -15.76 -14.66 -13.56 -12.36 -11.16 -11.86 -12.66 -11.66 -10.56 -9.66 -8.76 -7.46 -6.16 -5.96 -5.86 -6.36 -6.96 -7.86 -8.76 -9.56 -10.36 -10.56 -10.66 -10.66 -10.76 -10.46 -10.16 -10.06 -9.96 -9.26 -8.46 -5.56 -2.66 -2.16 -1.76 -1.86 -1.96 -2.06 -3.46 -2.46 -1.56 0.04 1.64 1.44 1.24 0.24 -0.66 -1.56 -2.46 -3.66 -4.76 -4.86 -4.96 -4.16 -3.26 -3.06 -2.86 -2.26 -1.66 -1.86 -2.06 -2.06 -1.96 -1.36 -0.66 -2.06 -3.36 -5.36 -7.36 -8.06 -8.66 -9.06 -9.56 -9.56 -9.66 -9.56 -9.36 -9.46 -9.46 -9.86 -10.16 -10.86 -11.66 -11.56 -11.46 -10.56 -9.56 -9.36 -9.06 -9.86 -10.76 -11.16 -11.46 -10.86 -10.16 -9.86 -9.56 -10.16 -10.66 -11.06 -11.36 -11.76 -12.16 -10.06 -7.96 -7.56 -7.16 -9.26 -11.36 -12.66 -13.96 -13.76 -13.56 -14.06 -14.46 -14.66 -14.76 -14.46 -14.16 -12.66 -11.06 -11.76 -12.36 -11.46 -10.46 -9.86 -9.16 -7.66 -6.06 -5.66 -5.16 -6.56 -7.86 -8.76 -9.66 -9.96 -10.36 -10.46 -10.56 -10.36 -10.16 -10.46 -10.76 -10.56 -10.36 -9.26 -8.16 -5.46 -2.76 -2.26 -1.76 -1.96 -2.06 -2.06 -3.36 -3.16 -3.06 -1.46 0.24 0.04 -0.16 -1.16 -2.16 -3.06 -3.96 -5.06 -6.06 -5.56 -5.06 -3.76 -2.56 -2.16 -1.66 -0.96 -0.26 -0.56 -0.76 -1.06 -1.46 -1.56 -1.66 -3.66 -5.66 -6.86 -8.06 -8.26 -8.46 -8.76 -8.96 -8.96 -9.06 -9.26 -9.36 -9.46 -9.56 -9.66 -9.86 -10.76 -11.76 -11.56 -11.36 -10.56 -9.76 -9.56 -9.36 -9.96 -10.56 -11.16 -11.76 -11.26 -10.76 -10.26 -9.86 -10.46 -11.06 -11.56 -12.06 -12.06 -12.06 -9.96 -7.86 -6.96 -6.06 -8.36 -10.76 -12.56 -14.36 -14.26 -14.06 -14.16 -14.16 -13.96 -13.86 -14.26 -14.76 -12.96 -11.06 -11.56 -12.06 -11.26 -10.46 -10.06 -9.66 -7.86 -5.96 -5.26 -4.56 -6.66 -8.76 -9.66 -10.46 -10.36 -10.26 -10.46 -10.56 -10.06 -9.56 -10.46 -11.36 -11.06 -10.66 -9.36 -7.96 -5.46 -2.96 -2.36 -1.86 -1.96 -2.16 -2.16 -3.26 -2.96 -2.56 -1.86 -1.06 -1.76 -2.26 -2.46 -2.66 -3.56 -4.46 -5.66 -6.76 -6.26 -5.66 -4.06 -2.46 -1.66 -0.86 -0.46 -0.06 -0.46 -0.86 -0.86 -0.86 -1.96 -2.96 -4.96 -6.86 -7.26 -7.66 -7.86 -7.96 -8.16 -8.36 -8.56 -8.66 -9.06 -9.46 -9.56 -9.56 -9.66 -9.76 -10.76 -11.66 -11.56 -11.46 -10.86 -10.26 -9.96 -9.66 -9.86 -10.06 -10.66 -11.26 -10.86 -10.36 -10.06 -9.86 -10.26 -10.76 -11.36 -11.86 -11.66 -11.46 -9.76 -7.96 -7.26 -6.46 -8.66 -10.86 -12.66 -14.46 -14.26 -14.06 -13.76 -13.56 -13.56 -13.66 -13.66 -13.66 -12.76 -11.86 -11.96 -12.06 -11.06 -10.16 -10.16 -10.16 -8.66 -7.16 -6.96 -6.66 -8.36 -9.96 -10.16 -10.36 -10.46 -10.56 -10.86 -11.16 -10.96 -10.66 -10.96 -11.36 -10.96 -10.46 -9.06 -7.56 -5.16 -2.86 -2.26 -1.66 -1.66 -1.56 -1.46 -3.26 -2.66 -2.16 -2.36 -2.46 -3.46 -4.46 -3.86 -3.16 -4.16 -5.06 -6.26 -7.56 -6.86 -6.26 -4.36 -2.46 -1.26 -0.06 -0.06 0.04 -0.46 -0.96 -0.66 -0.36 -2.36 -4.36 -6.16 -8.06 -7.66 -7.36 -7.46 -7.46 -7.66 -7.86 -8.06 -8.36 -8.96 -9.56 -9.56 -9.56 -9.56 -9.66 -10.66 -11.66 -11.66 -11.56 -11.16 -10.76 -10.36 -9.96 -9.76 -9.56 -10.16 -10.76 -10.36 -10.06 -9.86 -9.76 -10.06 -10.46 -11.06 -11.76 -11.36 -10.86 -9.46 -8.16 -7.56 -6.96 -8.96 -10.96 -12.86 -14.66 -14.36 -14.06 -13.46 -12.96 -13.26 -13.46 -13.06 -12.56 -12.56 -12.66 -12.36 -12.06 -10.96 -9.76 -10.26 -10.66 -9.56 -8.36 -8.56 -8.76 -9.96 -11.16 -10.66 -10.26 -10.56 -10.86 -11.36 -11.86 -11.86 -11.76 -11.56 -11.26 -10.86 -10.36 -8.76 -7.16 -4.96 -2.76 -2.16 -1.56 -1.26 -0.96 -0.66 -1.86 -1.06 -0.16 -0.46 -0.76 -1.96 -3.16 -3.26 -3.26 -4.16 -4.96 -6.16 -7.46 -7.06 -6.56 -4.86 -3.06 -2.16 -1.16 -0.96 -0.66 -0.76 -0.96 -0.86 -0.76 -2.96 -5.06 -6.16 -7.26 -7.16 -7.06 -7.26 -7.46 -7.56 -7.56 -7.96 -8.36 -9.06 -9.66 -9.36 -9.06 -9.26 -9.36 -10.56 -11.76 -11.96 -12.06 -11.66 -11.16 -10.66 -10.16 -9.76 -9.36 -10.06 -10.66 -10.36 -10.06 -9.86 -9.66 -9.96 -10.36 -11.06 -11.86 -11.06 -10.26 -8.76 -7.26 -7.26 -7.26 -8.66 -9.96 -12.06 -14.06 -13.96 -13.86 -13.36 -12.96 -13.56 -14.06 -12.86 -11.66 -11.36 -11.16 -11.56 -11.96 -10.96 -9.96 -10.16 -10.36 -9.36 -8.36 -8.56 -8.86 -9.86 -10.86 -10.66 -10.36 -10.66 -10.86 -11.16 -11.46 -11.66 -11.66 -11.16 -10.56 -10.46 -10.26 -8.56 -6.86 -4.86 -2.76 -2.06 -1.26 -0.96 -0.66 -0.46 -0.46 0.64 1.74 1.34 0.94 -0.56 -1.96 -2.66 -3.36 -4.16 -4.86 -6.06 -7.36 -7.16 -6.96 -5.36 -3.76 -3.06 -2.26 -1.86 -1.36 -1.16 -0.96 -1.16 -1.26 -3.56 -5.76 -6.16 -6.56 -6.76 -6.86 -7.16 -7.46 -7.36 -7.36 -7.86 -8.36 -9.06 -9.76 -9.16 -8.56 -8.86 -9.16 -10.46 -11.86 -12.26 -12.66 -12.16 -11.56 -10.96 -10.26 -9.76 -9.26 -9.86 -10.56 -10.26 -10.06 -9.76 -9.46 -9.86 -10.26 -11.16 -11.96 -10.76 -9.66 -7.96 -6.36 -6.96 -7.66 -8.36 -9.06 -11.26 -13.46 -13.56 -13.66 -13.26 -12.96 -13.86 -14.76 -12.76 -10.76 -10.26 -9.66 -10.86 -11.96 -11.06 -10.16 -10.06 -9.96 -9.16 -8.36 -8.66 -8.86 -9.76 -10.66 -10.66 -10.56 -10.66 -10.76 -10.96 -11.16 -11.46 -11.66 -10.76 -9.86 -9.96 -10.16 -8.46 -6.66 -4.76 -2.76 -1.96 -1.06 -0.76 -0.36 -0.26 -0.66 0.84 2.44 2.14 1.84 0.14 -1.46 -2.46 -3.46 -3.86 -4.36 -5.76 -7.16 -6.86 -6.56 -5.66 -4.66 -3.96 -3.26 -2.16 -1.06 -1.46 -1.76 -1.96 -2.06 -3.56 -5.06 -5.56 -6.06 -6.46 -6.76 -6.96 -7.06 -7.06 -6.96 -7.66 -8.36 -9.26 -10.16 -9.26 -8.46 -8.76 -9.06 -10.46 -11.66 -12.26 -12.76 -12.26 -11.76 -11.16 -10.56 -10.36 -10.06 -10.56 -11.06 -10.66 -10.26 -10.06 -9.66 -10.26 -10.86 -11.46 -12.16 -11.16 -10.06 -8.86 -7.56 -8.06 -8.56 -8.86 -9.06 -10.86 -12.66 -12.86 -12.96 -12.86 -12.66 -13.36 -13.96 -13.16 -12.26 -11.76 -11.36 -11.46 -11.66 -10.86 -10.06 -9.96 -9.86 -9.16 -8.36 -8.56 -8.66 -9.46 -10.16 -10.26 -10.36 -10.26 -10.16 -10.56 -10.86 -11.06 -11.16 -10.36 -9.56 -9.46 -9.46 -8.06 -6.66 -5.06 -3.26 -2.56 -1.86 -1.06 -0.16 -0.16 -0.96 1.04 3.14 2.84 2.64 0.84 -0.96 -2.26 -3.56 -3.66 -3.86 -5.36 -6.96 -6.56 -6.26 -5.96 -5.66 -4.96 -4.26 -2.56 -0.86 -1.76 -2.66 -2.76 -2.86 -3.66 -4.46 -4.96 -5.56 -6.16 -6.76 -6.76 -6.66 -6.66 -6.66 -7.46 -8.36 -9.46 -10.56 -9.46 -8.36 -8.76 -9.06 -10.36 -11.56 -12.26 -12.96 -12.46 -11.96 -11.46 -10.86 -10.86 -10.86 -11.26 -11.66 -11.06 -10.56 -10.26 -9.96 -10.76 -11.46 -11.86 -12.36 -11.46 -10.56 -9.66 -8.76 -9.06 -9.46 -9.26 -9.16 -10.56 -11.86 -12.16 -12.36 -12.46 -12.46 -12.76 -13.16 -13.46 -13.76 -13.36 -12.96 -12.16 -11.46 -10.76 -9.96 -9.86 -9.76 -9.16 -8.46 -8.56 -8.56 -9.16 -9.76 -9.96 -10.16 -9.86 -9.66 -10.16 -10.56 -10.66 -10.76 -10.06 -9.26 -8.96 -8.76 -7.76 -6.76 -5.36 -3.86 -3.26 -2.66 -1.26 0.04 0.04 -1.16 -0.06 1.04 1.14 1.34 0.04 -1.26 -2.36 -3.36 -3.76 -4.06 -5.26 -6.36 -6.16 -5.96 -5.86 -5.76 -5.36 -4.86 -3.66 -2.46 -3.26 -3.96 -3.76 -3.56 -3.86 -4.06 -4.66 -5.26 -6.06 -6.76 -6.56 -6.36 -6.56 -6.76 -7.76 -8.86 -9.96 -11.06 -9.76 -8.36 -8.86 -9.26 -10.66 -11.96 -12.36 -12.76 -12.36 -11.96 -11.66 -11.36 -11.36 -11.26 -11.66 -12.06 -11.56 -11.06 -10.96 -10.86 -11.16 -11.36 -11.66 -11.96 -11.46 -10.96 -10.46 -9.86 -9.26 -8.66 -8.96 -9.26 -10.46 -11.66 -11.86 -12.06 -12.26 -12.36 -12.66 -12.96 -13.16 -13.26 -12.66 -12.16 -11.46 -10.86 -10.36 -9.86 -9.96 -9.96 -9.66 -9.36 -9.06 -8.76 -8.96 -9.06 -9.06 -9.16 -9.16 -9.16 -9.86 -10.46 -10.36 -10.16 -9.56 -8.86 -8.46 -7.96 -7.26 -6.46 -5.46 -4.36 -3.96 -3.46 -1.86 -0.16 0.14 -1.36 -1.26 -1.16 -0.66 -0.06 -0.86 -1.56 -2.46 -3.26 -3.86 -4.36 -5.06 -5.86 -5.76 -5.66 -5.76 -5.86 -5.66 -5.56 -4.86 -4.06 -4.66 -5.26 -4.86 -4.36 -4.06 -3.76 -4.36 -4.96 -5.86 -6.86 -6.46 -6.06 -6.46 -6.86 -8.16 -9.36 -10.46 -11.56 -9.96 -8.46 -8.96 -9.46 -10.96 -12.46 -12.56 -12.66 -12.36 -11.96 -11.96 -11.96 -11.76 -11.66 -12.06 -12.46 -11.96 -11.56 -11.66 -11.66 -11.56 -11.36 -11.46 -11.56 -11.46 -11.46 -11.26 -11.06 -9.46 -7.96 -8.66 -9.36 -10.46 -11.46 -11.56 -11.76 -12.06 -12.36 -12.56 -12.86 -12.86 -12.76 -12.06 -11.26 -10.66 -10.16 -9.96 -9.86 -10.06 -10.26 -10.26 -10.26 -9.66 -8.96 -8.66 -8.36 -8.26 -8.16 -8.46 -8.76 -9.56 -10.36 -9.96 -9.56 -9.06 -8.46 -7.86 -7.26 -6.66 -6.16 -5.46 -4.86 -4.56 -4.26 -2.36 -0.46 0.24 </TempDataArray>
    </BinaryData>
    <End xmlns="" EndString="7777"/>
</gribObject>
