<?xml version="1.0" encoding="UTF-8" standalone="yes"?>
<gribObject xmlns:xsi="http://www.w3.org/2001/XMLSchema-instance" xmlns:xsd="http://www.w3.org/2001/XMLSchema" xmlns="http://c4i.mlt/ICDU/schema" ForecastTime="2025-09-27T12:00:00.000Z" RunTime="2025-09-27T12:00:00.000Z" ParameterName="V component of wind" FileName="newsingapore">
    <Indicator xmlns="" GribHeader="GRIB" NumOfOctets="21" GribType="2"/>
    <ProductDefinition xmlns="" NumOfOctets="4" ParamTableVersion="2" OrigCenter="7" ProcessID="81" GridID="36" GDS_BDS_Flag="128" ParamAndUnits="132" LevelType="0" Level="200" ReferenceTime="27" Month="9" Day="27" Hour="12" Minute="0" ForecastTimeUnits="1" PeriodOfTime1="12" PeriodOfTime2="0" TimeRangeIndicator="1" NumInAverage="2" NumMissingAverage="0" CenturyOfReference="21" SubcenterID="0" DecimalScaleFactor="1" Reserved1="0" Lat1="-11000" Lon1="91000" Lat2="-9500" Lon2="105375" Di="125" Dj="125"/>
    <GridDescription xmlns="" NumOfOctets="72" NV="0" PV="255" DataRepresentationType="0">
        <LatLonProjection Ni="116" Nj="13" Flags="128" ScanFlags="64" Reserved="0"/>
    </GridDescription>
    <BinaryData xmlns="" NumOfOctets="6032" FlagsAndUnused="12" BinaryScaleFactor="0" ReferenceValue="-61.593750" DatumPacked="1508" OptionalFlags="0">
        <TempDataArray>-0.16 0.64 1.54 2.24 2.94 2.94 2.84 2.54 2.14 1.84 1.44 0.74 0.04 0.24 0.54 1.24 1.94 2.24 2.54 2.24 2.04 1.94 1.74 1.94 2.24 2.04 1.84 0.64 -0.56 -0.56 -0.56 0.44 1.54 2.04 2.54 1.94 1.44 0.14 -1.06 -0.76 -0.46 0.54 1.54 1.34 1.14 0.44 -0.16 0.64 1.44 1.14 0.74 0.04 -0.66 -0.96 -1.16 -1.26 -1.36 -1.46 -1.46 -0.36 0.84 1.84 2.84 4.54 6.24 6.64 7.04 6.04 4.94 4.34 3.74 4.54 5.34 5.64 5.94 5.44 4.84 5.34 5.84 5.94 6.04 6.34 6.64 6.94 7.14 7.14 7.04 7.14 7.14 7.34 7.54 7.44 7.24 6.94 6.64 6.64 6.54 6.24 5.94 5.74 5.64 5.64 5.74 5.64 5.54 5.74 6.04 6.34 6.74 6.64 6.44 4.94 3.54 2.34 1.14 2.44 0.44 1.04 1.64 2.34 3.04 2.94 2.94 2.44 1.94 1.34 0.84 0.44 0.14 0.44 0.74 1.14 1.64 1.94 2.34 2.24 2.14 1.94 1.84 2.04 2.44 2.14 2.04 1.04 0.24 0.04 -0.16 0.74 1.64 2.24 2.84 1.74 0.64 -0.26 -1.06 -0.66 -0.16 0.64 1.54 1.24 1.04 0.24 -0.56 0.44 1.44 0.94 0.44 -0.46 -1.26 -1.36 -1.36 -1.76 -2.16 -2.26 -2.26 -0.76 0.74 1.94 3.24 4.24 5.34 5.64 6.04 5.64 5.34 4.74 4.24 4.64 5.14 5.94 6.74 5.84 5.04 4.84 4.74 5.14 5.54 6.14 6.84 7.04 7.34 7.24 7.24 7.44 7.64 7.54 7.54 7.44 7.44 7.14 6.84 6.74 6.74 6.54 6.34 6.14 6.04 5.84 5.74 5.54 5.44 5.64 5.84 6.34 6.84 6.44 6.14 4.94 3.74 2.64 1.64 2.44 1.04 1.34 1.64 2.34 3.04 3.04 2.94 2.34 1.74 0.94 0.24 0.24 0.24 0.54 0.84 1.04 1.24 1.64 2.14 2.14 2.14 2.04 1.84 2.14 2.54 2.34 2.14 1.54 0.94 0.64 0.24 0.94 1.74 2.44 3.14 1.54 -0.16 -0.66 -1.16 -0.46 0.14 0.84 1.44 1.14 0.94 -0.06 -0.96 0.14 1.34 0.74 0.14 -0.86 -1.86 -1.76 -1.66 -2.36 -2.96 -3.06 -3.06 -1.26 0.64 2.04 3.54 4.04 4.44 4.64 4.94 5.24 5.64 5.24 4.74 4.84 4.84 6.14 7.44 6.34 5.24 4.44 3.64 4.34 5.04 5.94 6.94 7.24 7.44 7.44 7.34 7.74 8.14 7.84 7.44 7.44 7.54 7.34 7.04 6.94 6.94 6.84 6.74 6.54 6.34 6.04 5.74 5.54 5.34 5.44 5.64 6.24 6.84 6.34 5.84 4.94 3.94 3.04 2.14 2.44 1.04 1.34 1.74 2.54 3.44 3.44 3.44 2.34 1.24 0.44 -0.26 0.14 0.54 0.84 1.14 1.14 1.24 1.44 1.74 1.84 2.04 1.44 0.94 1.34 1.84 1.84 2.04 1.14 0.34 0.44 0.64 1.54 2.44 2.44 2.44 0.54 -1.36 -1.76 -1.96 -0.86 0.34 1.14 1.94 1.54 1.04 -0.26 -1.56 -0.66 0.34 -0.36 -0.96 -1.66 -2.26 -2.26 -2.16 -2.76 -3.36 -3.36 -3.26 -1.76 -0.06 1.64 3.44 4.14 4.84 4.54 4.34 4.64 4.94 5.04 5.14 5.34 5.54 6.54 7.54 6.64 5.84 5.34 4.84 5.44 6.04 6.64 7.34 7.34 7.44 7.44 7.34 7.74 8.14 8.04 7.94 7.84 7.84 7.34 6.94 7.04 7.14 7.04 7.14 6.74 6.44 5.84 5.24 5.04 4.94 4.94 5.04 5.64 6.24 5.84 5.54 4.84 4.24 3.14 2.04 1.84 0.94 1.44 1.84 2.74 3.74 3.84 3.94 2.34 0.74 -0.06 -0.76 0.04 0.84 1.14 1.44 1.34 1.14 1.24 1.34 1.64 1.84 0.94 0.04 0.54 1.04 1.44 1.84 0.74 -0.36 0.24 0.94 2.04 3.14 2.44 1.74 -0.46 -2.66 -2.76 -2.86 -1.26 0.44 1.44 2.44 1.84 1.14 -0.46 -2.16 -1.46 -0.76 -1.46 -2.06 -2.36 -2.66 -2.66 -2.66 -3.16 -3.76 -3.66 -3.56 -2.26 -0.86 1.24 3.34 4.24 5.14 4.44 3.74 3.94 4.24 4.84 5.44 5.84 6.24 6.94 7.64 7.04 6.44 6.14 5.94 6.44 7.04 7.34 7.64 7.54 7.44 7.44 7.34 7.74 8.04 8.24 8.34 8.24 8.04 7.44 6.84 7.04 7.24 7.34 7.44 7.04 6.54 5.64 4.74 4.54 4.44 4.34 4.34 4.94 5.54 5.44 5.24 4.84 4.44 3.24 1.94 1.14 0.74 0.84 0.94 2.54 4.24 3.64 3.14 1.24 -0.56 -0.46 -0.26 0.74 1.84 2.04 2.24 2.04 1.94 1.64 1.44 1.34 1.34 0.64 0.04 0.44 0.84 1.44 2.14 1.14 0.04 0.74 1.54 2.44 3.54 2.14 0.74 -0.76 -2.16 -2.36 -2.36 -1.26 -0.16 0.84 1.94 1.64 1.34 -0.46 -2.16 -2.46 -2.66 -3.26 -3.76 -3.56 -3.26 -2.96 -2.66 -3.06 -3.46 -3.36 -3.16 -2.06 -0.86 0.94 2.94 4.14 5.34 4.84 4.34 4.14 4.04 4.84 5.84 6.14 6.54 6.74 7.04 6.64 6.34 6.54 6.74 7.24 7.74 7.74 7.74 7.24 6.84 6.74 6.64 7.14 7.64 7.84 7.94 7.54 7.14 6.84 6.54 6.74 6.94 6.84 6.84 6.24 5.74 4.94 4.24 4.04 3.94 3.74 3.64 4.24 4.94 5.04 5.04 4.64 4.24 2.84 1.54 0.94 0.54 0.24 -0.06 2.34 4.64 3.44 2.34 0.14 -1.96 -0.96 0.14 1.44 2.74 2.94 3.04 2.84 2.64 2.14 1.54 1.14 0.74 0.34 -0.06 0.34 0.64 1.54 2.44 1.44 0.44 1.24 2.04 2.94 3.84 1.84 -0.26 -1.06 -1.76 -1.86 -1.96 -1.36 -0.76 0.34 1.44 1.54 1.54 -0.36 -2.26 -3.36 -4.56 -5.06 -5.46 -4.66 -3.86 -3.36 -2.76 -2.96 -3.16 -3.06 -2.86 -1.96 -0.96 0.74 2.44 3.94 5.54 5.24 4.94 4.34 3.74 4.94 6.14 6.44 6.74 6.54 6.34 6.24 6.24 6.84 7.44 7.94 8.44 8.14 7.84 6.94 6.14 6.04 5.94 6.64 7.24 7.44 7.54 6.84 6.14 6.14 6.24 6.44 6.64 6.44 6.14 5.54 4.94 4.34 3.74 3.54 3.34 3.04 2.84 3.64 4.34 4.64 4.84 4.44 4.04 2.54 1.14 0.64 0.24 1.14 2.14 2.74 3.24 2.14 1.14 0.04 -1.16 0.04 1.24 2.04 2.84 2.84 3.04 2.94 2.94 1.84 0.84 0.24 -0.26 -0.26 -0.26 0.24 0.64 1.34 2.14 1.64 1.14 1.84 2.54 2.84 3.14 1.34 -0.46 -0.86 -1.16 -1.26 -1.26 -0.66 -0.06 0.84 1.74 1.74 1.74 0.14 -1.36 -2.86 -4.36 -5.06 -5.86 -4.76 -3.76 -3.16 -2.46 -2.86 -3.16 -2.96 -2.76 -1.86 -0.96 0.44 1.94 3.74 5.54 5.04 4.64 4.34 4.14 5.24 6.24 6.44 6.64 6.44 6.44 6.44 6.54 6.94 7.44 7.54 7.74 7.54 7.34 6.84 6.34 6.34 6.34 6.74 7.14 7.14 7.24 6.44 5.74 5.54 5.54 5.64 5.84 5.64 5.44 5.04 4.64 4.34 4.14 3.84 3.64 3.34 3.04 3.54 4.04 4.34 4.74 4.04 3.34 2.24 1.14 0.94 -0.16 2.14 4.34 3.04 1.84 0.84 -0.06 -0.16 -0.36 1.04 2.34 2.64 2.84 2.84 2.94 3.04 3.14 1.54 0.04 -0.66 -1.36 -0.86 -0.46 0.14 0.64 1.14 1.74 1.74 1.84 2.44 3.04 2.74 2.44 0.84 -0.66 -0.66 -0.66 -0.56 -0.56 0.04 0.64 1.24 1.94 1.94 1.94 0.64 -0.56 -2.36 -4.16 -5.16 -6.16 -4.96 -3.66 -2.96 -2.16 -2.76 -3.26 -2.96 -2.66 -1.86 -1.06 0.14 1.44 3.44 5.54 4.84 4.24 4.44 4.54 5.44 6.34 6.34 6.44 6.44 6.44 6.64 6.84 7.14 7.44 7.24 6.94 6.94 6.84 6.64 6.44 6.54 6.74 6.94 7.04 6.94 6.84 6.04 5.24 5.04 4.74 4.94 5.04 4.84 4.74 4.44 4.24 4.34 4.54 4.24 3.94 3.64 3.24 3.44 3.74 4.14 4.64 3.64 2.64 1.84 1.04 1.34 -0.16 1.74 3.54 1.74 -0.06 -0.06 0.04 0.54 1.04 2.04 3.04 2.94 2.94 3.24 3.54 2.54 1.54 0.14 -1.06 -1.76 -2.26 -1.66 -0.96 0.24 1.54 1.54 1.64 1.84 1.94 2.24 2.44 1.84 1.34 0.14 -0.86 -0.76 -0.56 -0.56 -0.46 0.24 0.94 1.74 2.64 2.24 1.94 0.44 -1.06 -2.86 -4.66 -4.86 -5.06 -3.86 -2.76 -2.46 -2.16 -2.96 -3.66 -3.56 -3.46 -2.86 -2.16 -0.86 0.54 2.34 4.24 4.44 4.74 5.04 5.34 6.04 6.64 6.74 6.84 6.84 6.94 6.94 6.94 6.84 6.74 6.74 6.84 6.94 7.14 6.84 6.74 6.74 6.84 6.94 7.04 6.94 6.84 6.24 5.74 5.34 4.94 4.94 5.04 4.84 4.74 4.44 4.14 4.14 4.24 3.94 3.74 3.44 3.14 3.34 3.54 3.94 4.44 3.94 3.54 2.74 2.04 2.14 -0.16 1.34 2.74 0.34 -2.06 -0.96 0.04 1.24 2.34 3.04 3.74 3.34 2.94 3.54 4.14 1.94 -0.16 -1.26 -2.26 -2.76 -3.26 -2.36 -1.46 0.44 2.34 1.94 1.54 1.84 2.04 1.94 1.84 0.94 0.14 -0.56 -1.16 -0.86 -0.56 -0.46 -0.46 0.34 1.24 2.24 3.24 2.54 1.94 0.14 -1.56 -3.36 -5.16 -4.56 -3.96 -2.86 -1.86 -2.06 -2.26 -3.26 -4.16 -4.26 -4.26 -3.76 -3.26 -1.86 -0.36 1.24 2.84 4.04 5.24 5.74 6.14 6.54 6.94 7.04 7.24 7.34 7.44 7.24 7.04 6.44 5.94 6.34 6.74 7.04 7.34 7.14 6.94 6.94 6.94 7.04 7.04 6.84 6.74 6.54 6.24 5.64 5.04 5.04 4.94 4.84 4.74 4.34 4.04 3.94 3.94 3.74 3.44 3.24 2.94 3.14 3.34 3.74 4.14 4.24 4.34 3.74 3.04 3.04 -0.66 0.94 2.54 0.04 -2.46 -1.56 -0.56 0.84 2.24 2.84 3.64 2.84 2.24 2.04 2.04 0.64 -0.76 -1.46 -2.26 -3.06 -3.86 -2.56 -1.26 0.04 1.44 1.64 1.94 1.94 1.84 1.34 0.94 0.24 -0.46 -0.76 -0.96 -0.36 0.24 -0.36 -0.96 -0.26 0.54 1.34 2.24 1.94 1.74 -0.16 -2.06 -3.16 -4.36 -3.36 -2.46 -1.96 -1.56 -2.16 -2.66 -3.46 -4.26 -4.26 -4.36 -4.06 -3.76 -2.36 -0.76 0.54 2.04 3.34 4.64 5.54 6.44 6.74 7.14 7.34 7.64 7.64 7.74 7.34 7.14 6.54 6.04 6.34 6.74 6.94 7.04 6.74 6.44 6.54 6.74 6.84 7.04 7.04 7.04 6.94 6.84 6.24 5.54 5.34 5.04 4.64 4.24 3.74 3.34 3.34 3.34 3.34 3.44 3.24 3.14 2.94 2.84 3.14 3.44 3.64 3.84 3.24 2.74 2.34 -1.16 0.54 2.34 -0.36 -2.96 -2.16 -1.26 0.44 2.04 2.74 3.44 2.44 1.44 0.64 -0.16 -0.76 -1.36 -1.76 -2.26 -3.46 -4.56 -2.86 -1.16 -0.26 0.54 1.44 2.34 2.04 1.64 0.84 0.04 -0.56 -1.06 -0.86 -0.76 0.14 1.04 -0.16 -1.46 -0.86 -0.26 0.44 1.24 1.34 1.44 -0.56 -2.56 -3.06 -3.56 -2.26 -0.96 -1.16 -1.26 -2.16 -3.06 -3.66 -4.26 -4.36 -4.36 -4.36 -4.36 -2.86 -1.26 -0.06 1.14 2.54 4.04 5.34 6.64 7.04 7.34 7.64 7.94 7.94 7.94 7.54 7.14 6.64 6.14 6.44 6.74 6.74 6.74 6.34 5.94 6.24 6.54 6.74 7.04 7.24 7.34 7.44 7.44 6.74 6.04 5.64 5.14 4.44 3.74 3.14 2.54 2.64 2.74 3.04 3.34 3.34 3.34 2.84 2.34 2.44 2.64 2.94 3.34 2.84 2.34 1.74 </TempDataArray>
    </BinaryData>
    <End xmlns="" EndString="7777"/>
</gribObject>
