<?xml version="1.0" encoding="UTF-8" standalone="yes"?>
<gribObject xmlns:xsi="http://www.w3.org/2001/XMLSchema-instance" xmlns:xsd="http://www.w3.org/2001/XMLSchema" xmlns="http://c4i.mlt/ICDU/schema" ForecastTime="2025-09-29T12:00:00.000Z" RunTime="2025-09-29T12:00:00.000Z" ParameterName="Temperature" FileName="newsingapore">
    <Indicator xmlns="" GribHeader="GRIB" NumOfOctets="21" GribType="2"/>
    <ProductDefinition xmlns="" NumOfOctets="4" ParamTableVersion="2" OrigCenter="7" ProcessID="81" GridID="0" GDS_BDS_Flag="128" ParamAndUnits="130" LevelType="0" Level="200" ReferenceTime="29" Month="9" Day="29" Hour="12" Minute="0" ForecastTimeUnits="1" PeriodOfTime1="12" PeriodOfTime2="0" TimeRangeIndicator="1" NumInAverage="220" NumMissingAverage="0" CenturyOfReference="21" SubcenterID="0" DecimalScaleFactor="2" Reserved1="0" Lat1="-11000" Lon1="91000" Lat2="-9500" Lon2="105375" Di="125" Dj="125"/>
    <GridDescription xmlns="" NumOfOctets="72" NV="0" PV="255" DataRepresentationType="0">
        <LatLonProjection Ni="116" Nj="13" Flags="128" ScanFlags="64" Reserved="0"/>
    </GridDescription>
    <BinaryData xmlns="" NumOfOctets="6032" FlagsAndUnused="12" BinaryScaleFactor="0" ReferenceValue="21915.515625" DatumPacked="1508" OptionalFlags="0">
        <TempDataArray>220.43 220.42 220.40 220.33 220.26 220.19 220.11 220.16 220.21 220.28 220.34 220.43 220.51 220.70 220.89 220.90 220.91 220.88 220.84 220.78 220.71 220.75 220.78 220.83 220.87 220.86 220.85 220.85 220.85 220.86 220.86 220.83 220.79 220.68 220.57 220.46 220.34 220.30 220.25 220.27 220.28 220.31 220.34 220.36 220.37 220.37 220.36 220.38 220.40 220.38 220.36 220.37 220.38 220.46 220.55 220.49 220.42 220.31 220.20 220.20 220.20 220.10 219.99 219.92 219.85 219.92 219.98 219.93 219.87 219.93 219.98 220.06 220.14 220.12 220.10 220.15 220.20 220.20 220.19 220.11 220.03 220.02 220.00 220.00 219.99 220.04 220.08 220.06 220.03 219.96 219.88 219.91 219.94 219.93 219.92 219.94 219.95 220.02 220.08 220.12 220.15 220.17 220.18 220.20 220.22 220.24 220.26 220.32 220.38 220.44 220.50 220.55 220.59 220.66 220.72 220.76 220.30 220.27 220.23 220.21 220.19 220.17 220.16 220.23 220.30 220.39 220.49 220.62 220.76 220.88 221.00 220.97 220.95 220.90 220.86 220.81 220.76 220.81 220.85 220.91 220.96 220.96 220.95 220.92 220.89 220.85 220.81 220.72 220.64 220.56 220.48 220.44 220.39 220.35 220.32 220.30 220.29 220.31 220.33 220.34 220.35 220.35 220.35 220.36 220.37 220.35 220.32 220.33 220.34 220.41 220.48 220.42 220.36 220.28 220.21 220.25 220.29 220.24 220.18 220.08 219.98 220.01 220.03 220.03 220.03 220.06 220.09 220.15 220.21 220.20 220.18 220.21 220.25 220.26 220.27 220.22 220.17 220.10 220.04 220.00 219.97 220.01 220.05 220.00 219.95 219.90 219.86 219.88 219.91 219.90 219.90 219.93 219.97 220.04 220.11 220.11 220.12 220.12 220.12 220.14 220.16 220.19 220.22 220.28 220.34 220.41 220.48 220.51 220.55 220.58 220.62 220.65 220.17 220.12 220.06 220.09 220.11 220.16 220.20 220.29 220.38 220.51 220.64 220.82 221.00 221.06 221.11 221.05 220.98 220.93 220.87 220.84 220.81 220.87 220.92 220.99 221.05 221.05 221.05 220.99 220.93 220.84 220.75 220.62 220.48 220.44 220.39 220.42 220.44 220.41 220.38 220.34 220.30 220.31 220.31 220.32 220.33 220.33 220.33 220.34 220.34 220.31 220.28 220.29 220.29 220.35 220.41 220.35 220.29 220.26 220.22 220.30 220.38 220.38 220.37 220.24 220.11 220.10 220.08 220.13 220.18 220.18 220.19 220.24 220.28 220.27 220.26 220.28 220.29 220.32 220.35 220.33 220.30 220.18 220.07 220.01 219.95 219.98 220.01 219.94 219.87 219.85 219.83 219.86 219.88 219.88 219.87 219.93 219.98 220.06 220.14 220.11 220.08 220.07 220.06 220.08 220.10 220.14 220.17 220.24 220.30 220.38 220.45 220.48 220.50 220.51 220.51 220.54 220.29 220.24 220.19 220.21 220.23 220.29 220.36 220.48 220.60 220.72 220.85 220.94 221.04 220.97 220.90 220.84 220.79 220.77 220.76 220.75 220.74 220.77 220.80 220.88 220.95 220.92 220.89 220.82 220.74 220.67 220.60 220.55 220.49 220.47 220.45 220.46 220.46 220.43 220.40 220.40 220.39 220.39 220.38 220.35 220.32 220.28 220.24 220.23 220.22 220.20 220.18 220.19 220.19 220.26 220.33 220.30 220.28 220.28 220.29 220.40 220.51 220.52 220.54 220.42 220.31 220.27 220.23 220.25 220.28 220.29 220.30 220.30 220.30 220.29 220.29 220.32 220.36 220.36 220.35 220.33 220.32 220.22 220.12 220.05 219.98 219.98 219.97 219.89 219.81 219.80 219.79 219.82 219.86 219.89 219.92 219.98 220.04 220.07 220.11 220.08 220.05 220.04 220.04 220.08 220.13 220.19 220.25 220.32 220.40 220.47 220.54 220.54 220.53 220.58 220.63 220.64 220.41 220.36 220.31 220.33 220.34 220.43 220.52 220.67 220.82 220.93 221.05 221.06 221.07 220.88 220.69 220.64 220.59 220.62 220.64 220.65 220.66 220.67 220.68 220.77 220.85 220.79 220.73 220.64 220.55 220.50 220.45 220.48 220.50 220.51 220.51 220.50 220.48 220.45 220.42 220.45 220.48 220.47 220.45 220.38 220.31 220.24 220.16 220.13 220.10 220.09 220.08 220.09 220.09 220.17 220.24 220.25 220.26 220.31 220.36 220.50 220.63 220.67 220.70 220.61 220.51 220.45 220.38 220.38 220.37 220.39 220.41 220.37 220.32 220.32 220.31 220.37 220.43 220.39 220.35 220.34 220.33 220.25 220.17 220.09 220.01 219.97 219.93 219.84 219.74 219.75 219.75 219.79 219.83 219.90 219.96 220.03 220.09 220.09 220.08 220.05 220.01 220.02 220.02 220.09 220.15 220.24 220.33 220.41 220.49 220.56 220.63 220.60 220.56 220.65 220.74 220.74 220.51 220.46 220.41 220.44 220.47 220.50 220.53 220.65 220.77 220.82 220.87 220.82 220.77 220.64 220.51 220.50 220.50 220.53 220.56 220.59 220.62 220.63 220.65 220.67 220.69 220.65 220.60 220.55 220.51 220.48 220.46 220.48 220.50 220.52 220.54 220.53 220.52 220.50 220.48 220.47 220.46 220.45 220.43 220.31 220.20 220.13 220.06 220.04 220.02 220.01 220.01 220.01 220.01 220.05 220.10 220.15 220.21 220.32 220.43 220.56 220.70 220.73 220.76 220.67 220.58 220.50 220.41 220.39 220.38 220.38 220.39 220.38 220.37 220.42 220.46 220.52 220.58 220.57 220.56 220.49 220.41 220.22 220.04 220.04 220.04 219.99 219.95 219.88 219.81 219.81 219.81 219.82 219.83 219.89 219.95 220.00 220.05 220.10 220.15 220.17 220.19 220.19 220.18 220.25 220.31 220.41 220.52 220.60 220.68 220.71 220.74 220.72 220.70 220.79 220.89 220.86 220.61 220.56 220.51 220.56 220.60 220.57 220.53 220.62 220.71 220.70 220.68 220.58 220.47 220.40 220.32 220.37 220.41 220.45 220.48 220.53 220.57 220.59 220.61 220.57 220.53 220.50 220.47 220.46 220.46 220.46 220.47 220.49 220.50 220.53 220.56 220.56 220.56 220.55 220.54 220.49 220.44 220.43 220.41 220.24 220.08 220.02 219.95 219.94 219.93 219.93 219.93 219.93 219.92 219.94 219.96 220.06 220.15 220.32 220.49 220.63 220.76 220.79 220.82 220.74 220.65 220.55 220.44 220.41 220.38 220.38 220.37 220.40 220.42 220.52 220.61 220.67 220.72 220.74 220.77 220.63 220.49 220.20 219.90 219.99 220.07 220.02 219.96 219.92 219.88 219.88 219.87 219.85 219.82 219.88 219.93 219.97 220.01 220.12 220.22 220.30 220.37 220.36 220.35 220.41 220.47 220.59 220.70 220.79 220.87 220.86 220.85 220.85 220.84 220.94 221.03 220.97 220.48 220.50 220.53 220.54 220.55 220.48 220.41 220.46 220.50 220.52 220.55 220.45 220.35 220.38 220.41 220.41 220.42 220.43 220.44 220.49 220.54 220.54 220.54 220.50 220.46 220.43 220.41 220.40 220.40 220.43 220.46 220.44 220.42 220.43 220.45 220.43 220.42 220.43 220.45 220.48 220.51 220.48 220.45 220.28 220.12 220.07 220.02 220.02 220.01 220.03 220.06 220.03 220.01 220.01 220.02 220.15 220.28 220.40 220.52 220.59 220.65 220.65 220.66 220.58 220.51 220.42 220.33 220.33 220.32 220.35 220.38 220.38 220.38 220.40 220.43 220.48 220.54 220.45 220.36 220.36 220.35 220.07 219.79 219.89 220.00 220.00 219.99 219.95 219.92 219.90 219.89 219.86 219.84 219.87 219.90 219.97 220.05 220.14 220.23 220.28 220.33 220.36 220.39 220.45 220.52 220.63 220.75 220.84 220.93 221.00 221.07 221.10 221.14 221.18 221.22 221.16 220.35 220.45 220.54 220.52 220.49 220.39 220.29 220.29 220.29 220.35 220.41 220.32 220.23 220.36 220.49 220.46 220.43 220.42 220.40 220.46 220.51 220.49 220.47 220.43 220.39 220.37 220.34 220.34 220.34 220.40 220.46 220.40 220.34 220.34 220.33 220.31 220.28 220.32 220.35 220.46 220.58 220.53 220.48 220.32 220.16 220.13 220.09 220.09 220.09 220.14 220.18 220.14 220.09 220.08 220.07 220.24 220.40 220.48 220.55 220.55 220.54 220.52 220.49 220.43 220.36 220.29 220.22 220.24 220.26 220.33 220.39 220.36 220.33 220.29 220.24 220.30 220.36 220.16 219.95 220.08 220.21 219.94 219.67 219.80 219.93 219.98 220.02 219.99 219.95 219.93 219.90 219.88 219.86 219.87 219.87 219.98 220.08 220.16 220.24 220.26 220.28 220.36 220.43 220.50 220.56 220.68 220.79 220.89 220.98 221.14 221.29 221.36 221.43 221.42 221.41 221.35 220.29 220.40 220.52 220.46 220.41 220.34 220.27 220.27 220.28 220.33 220.39 220.34 220.30 220.36 220.43 220.42 220.41 220.39 220.38 220.42 220.46 220.43 220.40 220.34 220.29 220.29 220.30 220.38 220.46 220.51 220.56 220.50 220.45 220.46 220.46 220.47 220.48 220.47 220.46 220.53 220.60 220.59 220.59 220.47 220.36 220.32 220.28 220.26 220.24 220.21 220.18 220.19 220.19 220.23 220.27 220.33 220.38 220.47 220.55 220.54 220.52 220.47 220.42 220.35 220.29 220.22 220.16 220.16 220.17 220.23 220.29 220.25 220.21 220.13 220.05 220.02 219.98 219.81 219.64 219.68 219.71 219.57 219.42 219.59 219.76 219.86 219.95 219.93 219.91 219.89 219.87 219.86 219.86 219.86 219.87 219.99 220.12 220.34 220.56 220.54 220.52 220.50 220.48 220.56 220.65 220.72 220.80 220.85 220.91 221.02 221.14 221.14 221.14 221.14 221.14 221.11 220.23 220.36 220.49 220.41 220.33 220.29 220.24 220.25 220.26 220.31 220.36 220.37 220.37 220.37 220.36 220.37 220.38 220.37 220.35 220.38 220.40 220.37 220.33 220.26 220.18 220.22 220.26 220.42 220.57 220.62 220.66 220.61 220.55 220.58 220.60 220.64 220.67 220.62 220.56 220.59 220.62 220.66 220.69 220.63 220.56 220.51 220.46 220.42 220.38 220.29 220.19 220.24 220.29 220.38 220.47 220.42 220.36 220.46 220.55 220.53 220.50 220.42 220.34 220.28 220.22 220.16 220.09 220.09 220.08 220.14 220.19 220.14 220.09 219.98 219.86 219.73 219.60 219.46 219.33 219.27 219.22 219.19 219.16 219.38 219.59 219.74 219.88 219.88 219.87 219.86 219.84 219.85 219.85 219.86 219.86 220.01 220.15 220.52 220.88 220.82 220.75 220.64 220.52 220.63 220.74 220.77 220.80 220.82 220.84 220.91 220.98 220.91 220.84 220.86 220.87 220.88 220.39 220.44 220.49 220.41 220.33 220.32 220.32 220.34 220.36 220.41 220.47 220.45 220.43 220.38 220.33 220.33 220.33 220.32 220.32 220.35 220.37 220.32 220.27 220.26 220.26 220.36 220.46 220.62 220.78 220.79 220.80 220.75 220.70 220.65 220.60 220.58 220.56 220.54 220.53 220.56 220.58 220.66 220.73 220.72 220.71 220.61 220.50 220.50 220.49 220.41 220.32 220.36 220.40 220.45 220.51 220.48 220.45 220.53 220.62 220.62 220.62 220.59 220.55 220.46 220.37 220.27 220.17 220.18 220.21 220.30 220.40 220.38 220.36 220.19 220.02 219.91 219.79 219.72 219.65 219.71 219.77 219.74 219.70 219.69 219.68 219.80 219.91 219.90 219.89 219.87 219.85 219.86 219.87 219.89 219.92 220.04 220.17 220.47 220.78 220.75 220.73 220.58 220.43 220.50 220.56 220.61 220.66 220.65 220.65 220.70 220.75 220.73 220.72 220.74 220.77 220.70 220.54 220.52 220.49 220.41 220.32 220.36 220.40 220.43 220.46 220.52 220.57 220.53 220.48 220.39 220.29 220.28 220.27 220.28 220.29 220.32 220.34 220.28 220.21 220.27 220.33 220.49 220.66 220.83 220.99 220.96 220.94 220.90 220.85 220.72 220.59 220.52 220.44 220.47 220.50 220.52 220.54 220.66 220.77 220.82 220.86 220.70 220.54 220.57 220.60 220.53 220.45 220.48 220.50 220.52 220.54 220.54 220.54 220.61 220.68 220.71 220.74 220.75 220.76 220.64 220.52 220.38 220.24 220.29 220.33 220.46 220.60 220.62 220.63 220.41 220.18 220.08 219.98 219.97 219.96 220.15 220.33 220.28 220.23 220.00 219.77 219.86 219.94 219.93 219.91 219.89 219.86 219.88 219.89 219.93 219.97 220.08 220.18 220.43 220.67 220.69 220.70 220.53 220.35 220.36 220.37 220.44 220.51 220.48 220.45 220.48 220.51 220.56 220.60 220.63 220.66 220.53 </TempDataArray>
    </BinaryData>
    <End xmlns="" EndString="7777"/>
</gribObject>
