<?xml version="1.0" encoding="UTF-8" standalone="yes"?>
<gribObject xmlns:xsi="http://www.w3.org/2001/XMLSchema-instance" xmlns:xsd="http://www.w3.org/2001/XMLSchema" xmlns="http://c4i.mlt/ICDU/schema" ForecastTime="2025-09-25T12:00:00.000Z" RunTime="2025-09-25T12:00:00.000Z" ParameterName="Temperature" FileName="newsingapore">
    <Indicator xmlns="" GribHeader="GRIB" NumOfOctets="21" GribType="2"/>
    <ProductDefinition xmlns="" NumOfOctets="4" ParamTableVersion="2" OrigCenter="7" ProcessID="81" GridID="36" GDS_BDS_Flag="128" ParamAndUnits="130" LevelType="0" Level="300" ReferenceTime="25" Month="9" Day="25" Hour="12" Minute="0" ForecastTimeUnits="1" PeriodOfTime1="12" PeriodOfTime2="0" TimeRangeIndicator="1" NumInAverage="242" NumMissingAverage="0" CenturyOfReference="21" SubcenterID="0" DecimalScaleFactor="2" Reserved1="0" Lat1="-11000" Lon1="91000" Lat2="-9500" Lon2="105375" Di="125" Dj="125"/>
    <GridDescription xmlns="" NumOfOctets="72" NV="0" PV="255" DataRepresentationType="0">
        <LatLonProjection Ni="116" Nj="13" Flags="128" ScanFlags="64" Reserved="0"/>
    </GridDescription>
    <BinaryData xmlns="" NumOfOctets="6032" FlagsAndUnused="12" BinaryScaleFactor="0" ReferenceValue="24209.212891" DatumPacked="1508" OptionalFlags="0">
        <TempDataArray>242.64 243.00 243.36 243.23 243.09 242.96 242.82 242.98 243.14 243.21 243.28 243.24 243.19 243.23 243.26 243.35 243.44 243.50 243.56 243.56 243.55 243.50 243.45 243.36 243.27 243.23 243.19 243.17 243.15 243.15 243.15 243.20 243.24 243.28 243.32 243.33 243.34 243.29 243.23 243.16 243.08 243.14 243.20 243.21 243.21 243.20 243.18 243.22 243.26 243.27 243.27 243.26 243.24 243.21 243.18 243.16 243.13 243.11 243.09 243.04 242.98 242.93 242.88 242.83 242.78 242.75 242.72 242.73 242.73 242.79 242.84 242.93 243.01 243.08 243.15 243.17 243.18 243.12 243.05 242.97 242.88 242.84 242.79 242.73 242.67 242.62 242.57 242.52 242.47 242.37 242.26 242.22 242.18 242.16 242.14 242.14 242.13 242.17 242.20 242.17 242.13 242.11 242.09 242.10 242.10 242.13 242.15 242.16 242.17 242.17 242.17 242.19 242.21 242.26 242.30 242.40 242.58 242.79 243.00 242.96 242.93 242.86 242.79 242.95 243.12 243.14 243.17 243.13 243.10 243.16 243.22 243.28 243.34 243.41 243.49 243.52 243.54 243.52 243.50 243.43 243.35 243.28 243.21 243.14 243.08 243.09 243.09 243.16 243.23 243.27 243.31 243.33 243.35 243.32 243.30 243.25 243.20 243.20 243.20 243.21 243.21 243.20 243.18 243.19 243.20 243.20 243.20 243.19 243.17 243.15 243.13 243.10 243.07 243.06 243.05 243.02 243.00 242.94 242.88 242.81 242.75 242.70 242.66 242.63 242.60 242.66 242.71 242.81 242.92 242.99 243.07 243.07 243.07 243.00 242.94 242.87 242.80 242.77 242.74 242.69 242.65 242.62 242.59 242.54 242.49 242.41 242.33 242.29 242.24 242.22 242.19 242.18 242.18 242.19 242.20 242.18 242.17 242.18 242.19 242.25 242.31 242.34 242.37 242.33 242.30 242.25 242.21 242.23 242.25 242.28 242.31 242.36 242.52 242.58 242.64 242.70 242.76 242.76 242.75 242.92 243.09 243.07 243.05 243.03 243.00 243.09 243.18 243.21 243.23 243.33 243.42 243.48 243.53 243.54 243.55 243.50 243.44 243.33 243.22 243.12 243.01 243.02 243.03 243.12 243.21 243.25 243.29 243.32 243.35 243.36 243.37 243.35 243.32 243.26 243.20 243.21 243.21 243.20 243.18 243.16 243.13 243.13 243.13 243.12 243.10 243.09 243.08 243.05 243.02 243.02 243.01 243.01 243.01 242.95 242.88 242.79 242.71 242.65 242.59 242.53 242.47 242.53 242.58 242.70 242.82 242.90 242.98 242.97 242.95 242.89 242.82 242.77 242.72 242.70 242.68 242.66 242.63 242.62 242.60 242.56 242.51 242.46 242.40 242.35 242.30 242.27 242.24 242.23 242.22 242.21 242.19 242.20 242.21 242.25 242.28 242.40 242.51 242.54 242.58 242.50 242.42 242.33 242.24 242.26 242.28 242.30 242.32 242.33 242.57 242.61 242.65 242.68 242.71 242.73 242.75 242.89 243.03 243.03 243.03 242.96 242.90 243.00 243.09 243.19 243.29 243.35 243.41 243.49 243.57 243.58 243.59 243.52 243.45 243.31 243.18 243.09 243.01 243.03 243.05 243.09 243.13 243.22 243.31 243.35 243.38 243.37 243.36 243.32 243.28 243.27 243.25 243.26 243.27 243.27 243.27 243.23 243.20 243.19 243.19 243.20 243.21 243.18 243.15 243.10 243.04 242.99 242.95 242.95 242.95 242.91 242.87 242.77 242.67 242.59 242.51 242.46 242.41 242.46 242.51 242.61 242.72 242.76 242.81 242.80 242.79 242.77 242.75 242.74 242.72 242.73 242.73 242.73 242.73 242.70 242.68 242.67 242.66 242.61 242.55 242.50 242.46 242.43 242.41 242.38 242.35 242.34 242.33 242.37 242.41 242.46 242.51 242.56 242.62 242.61 242.61 242.55 242.50 242.43 242.36 242.35 242.34 242.36 242.38 242.38 242.63 242.65 242.66 242.66 242.65 242.70 242.74 242.85 242.96 242.98 243.00 242.90 242.80 242.90 243.00 243.18 243.36 243.38 243.40 243.51 243.61 243.62 243.63 243.54 243.45 243.30 243.14 243.07 243.00 243.04 243.07 243.06 243.04 243.19 243.33 243.37 243.41 243.38 243.34 243.29 243.24 243.27 243.30 243.32 243.33 243.34 243.35 243.31 243.26 243.25 243.24 243.28 243.31 243.27 243.22 243.14 243.06 242.97 242.88 242.88 242.88 242.87 242.86 242.75 242.63 242.53 242.43 242.39 242.34 242.39 242.43 242.52 242.61 242.62 242.63 242.63 242.63 242.66 242.68 242.70 242.72 242.75 242.78 242.80 242.82 242.79 242.76 242.79 242.81 242.76 242.70 242.66 242.61 242.60 242.58 242.53 242.47 242.47 242.47 242.54 242.60 242.67 242.74 242.73 242.72 242.68 242.64 242.61 242.57 242.53 242.48 242.44 242.40 242.42 242.43 242.44 242.63 242.64 242.64 242.66 242.68 242.70 242.73 242.78 242.82 242.84 242.86 242.82 242.79 242.91 243.04 243.19 243.35 243.38 243.40 243.44 243.49 243.49 243.50 243.42 243.34 243.21 243.08 243.02 242.97 243.01 243.04 243.07 243.10 243.19 243.28 243.32 243.38 243.37 243.36 243.28 243.21 243.19 243.18 243.20 243.22 243.25 243.28 243.27 243.25 243.26 243.26 243.32 243.38 243.33 243.27 243.19 243.11 243.04 242.97 242.98 242.99 242.97 242.95 242.84 242.73 242.64 242.55 242.51 242.46 242.47 242.49 242.52 242.56 242.57 242.57 242.59 242.60 242.64 242.68 242.71 242.74 242.75 242.77 242.77 242.77 242.74 242.72 242.75 242.79 242.76 242.74 242.71 242.68 242.66 242.63 242.60 242.56 242.56 242.57 242.60 242.63 242.64 242.65 242.64 242.63 242.60 242.57 242.55 242.53 242.50 242.46 242.44 242.42 242.41 242.40 242.36 242.63 242.63 242.62 242.66 242.70 242.71 242.72 242.71 242.69 242.70 242.71 242.74 242.77 242.92 243.07 243.21 243.34 243.37 243.40 243.38 243.36 243.36 243.36 243.29 243.23 243.12 243.01 242.97 242.93 242.98 243.02 243.09 243.15 243.19 243.22 243.28 243.34 243.36 243.37 243.28 243.18 243.12 243.05 243.07 243.10 243.16 243.21 243.23 243.24 243.26 243.28 243.37 243.45 243.39 243.32 243.24 243.16 243.11 243.06 243.08 243.09 243.06 243.03 242.93 242.83 242.75 242.67 242.63 242.58 242.56 242.54 242.53 242.51 242.52 242.52 242.54 242.57 242.63 242.68 242.72 242.75 242.75 242.75 242.74 242.72 242.70 242.67 242.72 242.76 242.77 242.78 242.76 242.74 242.72 242.69 242.67 242.64 242.66 242.67 242.66 242.65 242.60 242.55 242.54 242.54 242.52 242.50 242.50 242.49 242.47 242.44 242.44 242.43 242.40 242.36 242.29 242.58 242.58 242.57 242.58 242.59 242.59 242.59 242.58 242.57 242.65 242.72 242.77 242.82 242.90 242.98 243.06 243.15 243.23 243.31 243.31 243.31 243.24 243.16 243.12 243.08 243.00 242.91 242.92 242.93 242.99 243.05 243.13 243.21 243.24 243.28 243.29 243.32 243.28 243.25 243.13 243.01 242.98 242.96 242.98 243.00 243.04 243.08 243.11 243.13 243.18 243.22 243.31 243.40 243.37 243.35 243.30 243.25 243.20 243.15 243.15 243.16 243.17 243.17 243.11 243.05 242.97 242.89 242.82 242.76 242.73 242.70 242.66 242.63 242.62 242.60 242.61 242.62 242.65 242.68 242.69 242.70 242.67 242.64 242.60 242.55 242.53 242.52 242.54 242.57 242.58 242.60 242.63 242.66 242.70 242.73 242.71 242.70 242.68 242.66 242.68 242.70 242.64 242.57 242.55 242.53 242.49 242.46 242.46 242.45 242.46 242.47 242.45 242.44 242.37 242.29 242.24 242.53 242.53 242.52 242.50 242.47 242.47 242.46 242.46 242.45 242.59 242.73 242.79 242.86 242.87 242.88 242.92 242.96 243.09 243.21 243.24 243.26 243.12 242.97 242.95 242.93 242.87 242.81 242.87 242.92 243.00 243.08 243.17 243.26 243.29 243.33 243.31 243.29 243.21 243.12 242.98 242.83 242.85 242.86 242.88 242.90 242.93 242.95 242.99 243.02 243.09 243.16 243.26 243.35 243.36 243.37 243.36 243.34 243.29 243.23 243.23 243.23 243.27 243.31 243.29 243.27 243.19 243.11 243.03 242.94 242.90 242.86 242.80 242.74 242.72 242.69 242.68 242.67 242.68 242.68 242.67 242.65 242.59 242.53 242.46 242.38 242.37 242.36 242.37 242.38 242.40 242.41 242.50 242.58 242.68 242.77 242.76 242.75 242.70 242.64 242.69 242.74 242.67 242.60 242.56 242.51 242.47 242.42 242.42 242.41 242.46 242.50 242.47 242.44 242.34 242.23 242.20 242.53 242.54 242.56 242.54 242.53 242.61 242.70 242.67 242.63 242.67 242.70 242.77 242.83 242.86 242.89 242.86 242.83 242.94 243.05 243.07 243.08 242.97 242.86 242.90 242.95 242.90 242.86 242.91 242.97 243.05 243.13 243.23 243.32 243.34 243.35 243.32 243.29 243.19 243.10 242.98 242.86 242.84 242.82 242.83 242.83 242.86 242.90 242.97 243.04 243.10 243.16 243.20 243.25 243.25 243.26 243.28 243.29 243.28 243.27 243.27 243.28 243.30 243.32 243.30 243.28 243.20 243.13 243.03 242.93 242.91 242.90 242.91 242.92 242.92 242.93 242.91 242.89 242.87 242.85 242.80 242.75 242.66 242.57 242.53 242.49 242.46 242.44 242.45 242.46 242.49 242.51 242.57 242.62 242.68 242.74 242.75 242.77 242.74 242.71 242.69 242.67 242.65 242.64 242.62 242.60 242.55 242.50 242.51 242.52 242.48 242.44 242.39 242.34 242.35 242.36 242.36 242.52 242.56 242.60 242.59 242.58 242.76 242.94 242.88 242.81 242.74 242.67 242.74 242.80 242.85 242.89 242.80 242.70 242.80 242.89 242.90 242.90 242.83 242.75 242.86 242.96 242.94 242.91 242.96 243.01 243.10 243.19 243.28 243.37 243.38 243.38 243.33 243.28 243.18 243.08 242.99 242.89 242.84 242.79 242.77 242.75 242.80 242.85 242.96 243.06 243.11 243.15 243.15 243.14 243.15 243.15 243.20 243.24 243.27 243.30 243.32 243.33 243.32 243.32 243.31 243.29 243.22 243.14 243.03 242.92 242.93 242.93 243.01 243.09 243.13 243.17 243.14 243.11 243.06 243.01 242.93 242.84 242.72 242.60 242.60 242.59 242.56 242.52 242.53 242.54 242.57 242.61 242.63 242.66 242.68 242.70 242.74 242.78 242.78 242.78 242.69 242.59 242.64 242.68 242.68 242.68 242.63 242.58 242.60 242.62 242.50 242.38 242.31 242.24 242.37 242.49 242.52 242.71 242.72 242.74 242.74 242.74 242.82 242.91 242.85 242.80 242.82 242.84 242.90 242.97 242.90 242.84 242.78 242.72 242.78 242.85 242.81 242.76 242.72 242.68 242.81 242.94 242.95 242.96 242.99 243.03 243.11 243.19 243.26 243.34 243.32 243.31 243.24 243.17 243.10 243.04 243.01 242.97 242.89 242.82 242.80 242.78 242.79 242.81 242.90 242.98 243.03 243.08 243.07 243.06 243.06 243.06 243.10 243.14 243.18 243.22 243.24 243.27 243.27 243.27 243.24 243.22 243.14 243.06 242.94 242.83 242.84 242.85 242.95 243.05 243.07 243.10 243.05 243.00 242.93 242.87 242.82 242.77 242.74 242.72 242.72 242.72 242.68 242.63 242.64 242.65 242.69 242.74 242.73 242.72 242.74 242.77 242.82 242.88 242.88 242.89 242.81 242.73 242.75 242.77 242.75 242.72 242.70 242.69 242.74 242.79 242.69 242.59 242.49 242.40 242.46 242.53 242.55 242.89 242.89 242.88 242.89 242.90 242.89 242.87 242.83 242.79 242.90 243.00 243.07 243.14 242.96 242.78 242.76 242.73 242.77 242.81 242.72 242.62 242.61 242.60 242.76 242.92 242.97 243.01 243.03 243.04 243.11 243.18 243.24 243.30 243.27 243.24 243.15 243.05 243.03 243.00 243.03 243.05 242.95 242.84 242.82 242.80 242.79 242.77 242.84 242.90 242.95 243.00 242.99 242.98 242.97 242.96 243.00 243.04 243.09 243.13 243.17 243.21 243.21 243.21 243.18 243.15 243.07 242.98 242.86 242.73 242.75 242.77 242.89 243.00 243.02 243.03 242.96 242.88 242.80 242.72 242.71 242.70 242.77 242.83 242.84 242.85 242.79 242.74 242.75 242.76 242.81 242.86 242.82 242.78 242.81 242.83 242.91 242.98 242.99 242.99 242.93 242.86 242.86 242.86 242.81 242.76 242.78 242.79 242.88 242.96 242.88 242.80 242.68 242.55 242.56 242.57 242.58 </TempDataArray>
    </BinaryData>
    <End xmlns="" EndString="7777"/>
</gribObject>
