<?xml version="1.0" encoding="UTF-8" standalone="yes"?>
<gribObject xmlns:xsi="http://www.w3.org/2001/XMLSchema-instance" xmlns:xsd="http://www.w3.org/2001/XMLSchema" xmlns="http://c4i.mlt/ICDU/schema" ForecastTime="2025-09-25T12:00:00.000Z" RunTime="2025-09-25T12:00:00.000Z" ParameterName="Temperature" FileName="newsingapore">
    <Indicator xmlns="" GribHeader="GRIB" NumOfOctets="21" GribType="2"/>
    <ProductDefinition xmlns="" NumOfOctets="4" ParamTableVersion="2" OrigCenter="7" ProcessID="81" GridID="36" GDS_BDS_Flag="128" ParamAndUnits="130" LevelType="0" Level="200" ReferenceTime="25" Month="9" Day="25" Hour="12" Minute="0" ForecastTimeUnits="1" PeriodOfTime1="12" PeriodOfTime2="0" TimeRangeIndicator="1" NumInAverage="221" NumMissingAverage="0" CenturyOfReference="21" SubcenterID="0" DecimalScaleFactor="2" Reserved1="0" Lat1="-11000" Lon1="91000" Lat2="-9500" Lon2="105375" Di="125" Dj="125"/>
    <GridDescription xmlns="" NumOfOctets="72" NV="0" PV="255" DataRepresentationType="0">
        <LatLonProjection Ni="116" Nj="13" Flags="128" ScanFlags="64" Reserved="0"/>
    </GridDescription>
    <BinaryData xmlns="" NumOfOctets="6032" FlagsAndUnused="12" BinaryScaleFactor="0" ReferenceValue="21997.175781" DatumPacked="1508" OptionalFlags="0">
        <TempDataArray>220.96 220.91 220.86 220.85 220.84 220.84 220.83 220.78 220.73 220.63 220.53 220.49 220.44 220.38 220.31 220.32 220.32 220.42 220.52 220.58 220.63 220.63 220.62 220.62 220.62 220.68 220.73 220.72 220.70 220.74 220.77 220.79 220.81 220.82 220.83 220.84 220.84 220.83 220.82 220.85 220.88 220.93 220.97 220.94 220.92 220.94 220.96 220.99 221.02 221.04 221.05 221.09 221.13 221.22 221.30 221.32 221.34 221.28 221.23 221.19 221.14 221.18 221.21 221.26 221.30 221.34 221.37 221.43 221.48 221.49 221.49 221.50 221.51 221.50 221.48 221.44 221.40 221.41 221.41 221.43 221.45 221.47 221.48 221.47 221.47 221.46 221.44 221.39 221.34 221.37 221.40 221.44 221.47 221.46 221.44 221.44 221.45 221.45 221.45 221.41 221.37 221.36 221.34 221.35 221.36 221.36 221.35 221.33 221.31 221.30 221.28 221.24 221.20 221.12 221.04 220.95 220.84 220.80 220.76 220.77 220.79 220.80 220.82 220.80 220.78 220.66 220.54 220.45 220.36 220.30 220.24 220.22 220.19 220.26 220.34 220.40 220.47 220.47 220.48 220.49 220.50 220.58 220.66 220.67 220.68 220.71 220.74 220.78 220.83 220.81 220.79 220.80 220.81 220.83 220.85 220.88 220.91 220.93 220.95 220.92 220.89 220.90 220.92 220.94 220.96 220.97 220.98 220.99 221.00 221.06 221.11 221.15 221.19 221.17 221.16 221.15 221.14 221.17 221.21 221.25 221.29 221.32 221.35 221.39 221.44 221.45 221.46 221.46 221.47 221.47 221.47 221.45 221.43 221.43 221.43 221.44 221.46 221.45 221.44 221.44 221.43 221.42 221.42 221.39 221.36 221.37 221.37 221.39 221.41 221.38 221.36 221.36 221.35 221.36 221.37 221.35 221.33 221.33 221.33 221.33 221.34 221.32 221.31 221.28 221.25 221.23 221.21 221.18 221.15 221.09 221.04 220.98 220.72 220.69 220.65 220.70 220.74 220.77 220.80 220.81 220.82 220.68 220.54 220.41 220.27 220.22 220.17 220.12 220.06 220.11 220.15 220.23 220.31 220.32 220.33 220.35 220.37 220.48 220.59 220.63 220.66 220.68 220.70 220.78 220.85 220.80 220.74 220.76 220.77 220.83 220.88 220.91 220.93 220.93 220.93 220.89 220.85 220.86 220.87 220.89 220.90 220.91 220.91 220.89 220.87 220.90 220.92 220.97 221.03 221.06 221.08 221.11 221.14 221.17 221.20 221.24 221.28 221.30 221.32 221.36 221.39 221.41 221.43 221.43 221.42 221.44 221.46 221.46 221.46 221.45 221.44 221.45 221.46 221.44 221.41 221.40 221.38 221.39 221.39 221.39 221.38 221.36 221.34 221.34 221.34 221.31 221.28 221.27 221.25 221.27 221.28 221.29 221.29 221.30 221.31 221.31 221.31 221.29 221.27 221.23 221.18 221.16 221.13 221.11 221.09 221.07 221.04 221.02 220.74 220.72 220.70 220.72 220.75 220.80 220.86 220.88 220.90 220.77 220.64 220.48 220.33 220.25 220.17 220.09 220.02 220.07 220.12 220.19 220.25 220.31 220.37 220.36 220.35 220.46 220.57 220.62 220.67 220.70 220.72 220.78 220.84 220.80 220.77 220.77 220.77 220.78 220.79 220.84 220.89 220.91 220.93 220.91 220.89 220.88 220.88 220.88 220.88 220.88 220.89 220.86 220.83 220.85 220.88 220.96 221.05 221.07 221.10 221.14 221.19 221.22 221.26 221.29 221.32 221.34 221.35 221.38 221.42 221.44 221.46 221.46 221.46 221.47 221.49 221.47 221.46 221.44 221.42 221.44 221.47 221.45 221.44 221.42 221.41 221.41 221.42 221.41 221.41 221.40 221.40 221.39 221.38 221.36 221.35 221.33 221.31 221.30 221.29 221.29 221.29 221.29 221.30 221.30 221.30 221.28 221.25 221.20 221.15 221.12 221.08 221.08 221.07 221.06 221.06 221.05 220.75 220.75 220.75 220.75 220.75 220.84 220.92 220.95 220.98 220.86 220.73 220.56 220.38 220.28 220.17 220.07 219.97 220.03 220.08 220.14 220.20 220.31 220.41 220.37 220.32 220.43 220.54 220.61 220.68 220.71 220.74 220.78 220.82 220.81 220.79 220.78 220.76 220.73 220.70 220.77 220.84 220.89 220.93 220.93 220.92 220.90 220.88 220.87 220.86 220.86 220.86 220.83 220.79 220.81 220.83 220.94 221.06 221.09 221.12 221.18 221.23 221.28 221.32 221.34 221.36 221.37 221.38 221.41 221.44 221.47 221.49 221.49 221.49 221.50 221.51 221.49 221.46 221.43 221.39 221.43 221.47 221.47 221.47 221.45 221.43 221.44 221.44 221.44 221.44 221.44 221.45 221.43 221.41 221.42 221.42 221.40 221.37 221.34 221.30 221.29 221.28 221.29 221.29 221.29 221.29 221.26 221.23 221.18 221.12 221.08 221.03 221.04 221.05 221.06 221.07 221.09 220.72 220.76 220.81 220.85 220.90 220.98 221.06 221.10 221.13 221.03 220.94 220.77 220.60 220.46 220.32 220.19 220.06 220.10 220.15 220.21 220.26 220.33 220.40 220.37 220.34 220.44 220.54 220.60 220.67 220.71 220.75 220.78 220.81 220.79 220.78 220.74 220.71 220.69 220.66 220.76 220.86 220.92 220.99 220.99 220.99 220.96 220.94 220.93 220.92 220.90 220.88 220.83 220.78 220.80 220.83 220.95 221.07 221.09 221.12 221.17 221.21 221.25 221.29 221.31 221.34 221.37 221.40 221.43 221.47 221.47 221.47 221.46 221.45 221.45 221.45 221.44 221.44 221.42 221.40 221.42 221.45 221.47 221.48 221.46 221.43 221.46 221.49 221.46 221.44 221.43 221.43 221.41 221.39 221.40 221.41 221.41 221.41 221.37 221.33 221.29 221.25 221.25 221.25 221.26 221.27 221.24 221.21 221.16 221.11 221.09 221.06 221.08 221.10 221.12 221.15 221.18 220.68 220.78 220.87 220.96 221.04 221.12 221.20 221.24 221.28 221.21 221.14 220.98 220.82 220.65 220.47 220.31 220.14 220.18 220.22 220.27 220.32 220.35 220.38 220.37 220.36 220.45 220.54 220.60 220.65 220.70 220.75 220.77 220.79 220.78 220.76 220.71 220.66 220.64 220.62 220.75 220.87 220.96 221.05 221.05 221.05 221.03 221.00 220.99 220.97 220.93 220.89 220.83 220.76 220.79 220.82 220.95 221.07 221.10 221.12 221.16 221.19 221.22 221.25 221.28 221.31 221.37 221.42 221.46 221.49 221.47 221.45 221.43 221.41 221.40 221.38 221.40 221.41 221.41 221.40 221.42 221.43 221.46 221.49 221.46 221.43 221.48 221.53 221.49 221.44 221.42 221.40 221.38 221.36 221.38 221.40 221.42 221.44 221.40 221.36 221.30 221.23 221.22 221.21 221.23 221.24 221.22 221.19 221.15 221.10 221.10 221.09 221.12 221.14 221.18 221.22 221.28 220.62 220.68 220.75 220.87 220.99 221.08 221.16 221.17 221.18 221.17 221.17 221.08 220.99 220.77 220.56 220.38 220.21 220.20 220.19 220.25 220.31 220.35 220.39 220.41 220.42 220.48 220.53 220.54 220.56 220.64 220.72 220.75 220.77 220.75 220.74 220.71 220.69 220.70 220.71 220.80 220.90 220.96 221.02 221.02 221.03 221.02 221.02 221.00 220.98 220.94 220.91 220.87 220.84 220.84 220.85 220.93 221.02 221.06 221.10 221.13 221.17 221.21 221.25 221.28 221.32 221.37 221.42 221.42 221.42 221.37 221.32 221.31 221.31 221.31 221.32 221.31 221.31 221.31 221.32 221.33 221.34 221.35 221.36 221.35 221.35 221.39 221.43 221.40 221.38 221.40 221.41 221.42 221.42 221.44 221.46 221.47 221.49 221.42 221.36 221.28 221.19 221.16 221.13 221.15 221.18 221.17 221.17 221.15 221.13 221.14 221.14 221.18 221.22 221.27 221.32 221.37 220.55 220.59 220.63 220.79 220.94 221.03 221.12 221.10 221.07 221.14 221.20 221.18 221.15 220.90 220.65 220.46 220.27 220.22 220.16 220.23 220.29 220.35 220.40 220.44 220.48 220.50 220.52 220.49 220.46 220.58 220.70 220.72 220.75 220.73 220.71 220.71 220.71 220.75 220.79 220.86 220.93 220.96 220.99 221.00 221.00 221.02 221.03 221.01 220.99 220.96 220.92 220.92 220.91 220.89 220.87 220.92 220.97 221.02 221.07 221.11 221.15 221.20 221.24 221.29 221.33 221.38 221.42 221.38 221.34 221.26 221.18 221.19 221.20 221.22 221.25 221.22 221.20 221.22 221.23 221.24 221.24 221.23 221.22 221.25 221.27 221.30 221.32 221.32 221.32 221.37 221.42 221.45 221.48 221.50 221.51 221.52 221.53 221.44 221.36 221.26 221.16 221.11 221.05 221.08 221.11 221.13 221.15 221.16 221.16 221.18 221.19 221.25 221.31 221.36 221.41 221.47 220.49 220.56 220.62 220.75 220.89 220.91 220.93 220.82 220.72 220.73 220.75 220.80 220.86 220.67 220.48 220.38 220.28 220.23 220.18 220.24 220.31 220.40 220.49 220.52 220.56 220.55 220.54 220.48 220.43 220.53 220.63 220.70 220.78 220.76 220.74 220.74 220.75 220.79 220.82 220.85 220.89 220.90 220.91 220.93 220.96 221.00 221.04 221.04 221.04 221.04 221.03 221.03 221.03 220.95 220.87 220.91 220.96 221.04 221.11 221.17 221.23 221.27 221.32 221.32 221.33 221.33 221.34 221.32 221.30 221.27 221.24 221.25 221.26 221.28 221.30 221.29 221.29 221.28 221.26 221.24 221.21 221.22 221.22 221.23 221.24 221.29 221.34 221.35 221.36 221.38 221.41 221.45 221.50 221.53 221.57 221.58 221.60 221.57 221.55 221.45 221.36 221.25 221.14 221.12 221.10 221.11 221.13 221.15 221.17 221.18 221.20 221.24 221.29 221.31 221.33 221.35 220.43 220.52 220.61 220.72 220.83 220.79 220.74 220.55 220.36 220.33 220.29 220.43 220.57 220.44 220.31 220.30 220.29 220.24 220.19 220.26 220.33 220.45 220.57 220.61 220.64 220.60 220.55 220.47 220.39 220.47 220.55 220.68 220.80 220.78 220.76 220.78 220.79 220.82 220.85 220.85 220.84 220.83 220.82 220.87 220.91 220.98 221.05 221.07 221.09 221.12 221.14 221.15 221.15 221.01 220.86 220.91 220.95 221.05 221.15 221.23 221.30 221.35 221.40 221.36 221.32 221.29 221.26 221.26 221.26 221.28 221.29 221.31 221.32 221.33 221.34 221.36 221.38 221.34 221.29 221.24 221.18 221.21 221.23 221.22 221.21 221.28 221.35 221.37 221.39 221.39 221.39 221.46 221.52 221.57 221.62 221.65 221.67 221.70 221.73 221.64 221.55 221.39 221.23 221.16 221.08 221.10 221.11 221.14 221.17 221.19 221.21 221.24 221.26 221.26 221.25 221.22 220.45 220.52 220.60 220.67 220.75 220.69 220.63 220.43 220.24 220.23 220.23 220.35 220.48 220.37 220.26 220.23 220.20 220.19 220.19 220.30 220.42 220.53 220.64 220.65 220.66 220.66 220.67 220.59 220.51 220.52 220.54 220.63 220.72 220.74 220.75 220.78 220.81 220.85 220.90 220.89 220.88 220.86 220.85 220.88 220.91 220.98 221.05 221.09 221.13 221.15 221.18 221.19 221.21 221.10 220.99 221.01 221.04 221.13 221.22 221.27 221.33 221.36 221.39 221.35 221.31 221.29 221.26 221.28 221.30 221.33 221.37 221.39 221.41 221.40 221.40 221.41 221.42 221.37 221.33 221.29 221.26 221.27 221.28 221.30 221.31 221.35 221.39 221.39 221.38 221.38 221.39 221.45 221.52 221.57 221.63 221.63 221.64 221.65 221.66 221.57 221.48 221.37 221.25 221.17 221.09 221.07 221.06 221.07 221.09 221.10 221.11 221.11 221.11 221.09 221.08 221.07 220.46 220.52 220.58 220.62 220.66 220.59 220.51 220.31 220.11 220.14 220.17 220.28 220.38 220.30 220.21 220.16 220.10 220.15 220.19 220.35 220.50 220.61 220.71 220.69 220.67 220.73 220.79 220.71 220.62 220.58 220.53 220.59 220.64 220.69 220.74 220.79 220.83 220.89 220.94 220.93 220.91 220.89 220.87 220.89 220.90 220.98 221.05 221.11 221.17 221.19 221.21 221.24 221.26 221.19 221.11 221.12 221.13 221.21 221.28 221.32 221.35 221.36 221.37 221.34 221.30 221.28 221.26 221.30 221.33 221.39 221.45 221.47 221.49 221.48 221.46 221.46 221.46 221.41 221.36 221.35 221.33 221.33 221.33 221.37 221.41 221.42 221.43 221.40 221.37 221.38 221.38 221.45 221.51 221.57 221.63 221.62 221.61 221.60 221.58 221.50 221.41 221.34 221.27 221.19 221.10 221.05 221.00 221.01 221.01 221.01 221.01 220.98 220.95 220.93 220.91 220.92 </TempDataArray>
    </BinaryData>
    <End xmlns="" EndString="7777"/>
</gribObject>
