<?xml version="1.0" encoding="UTF-8" standalone="yes"?>
<gribObject xmlns:xsi="http://www.w3.org/2001/XMLSchema-instance" xmlns:xsd="http://www.w3.org/2001/XMLSchema" xmlns="http://c4i.mlt/ICDU/schema" ForecastTime="2025-09-27T12:00:00.000Z" RunTime="2025-09-27T12:00:00.000Z" ParameterName="Temperature" FileName="newsingapore">
    <Indicator xmlns="" GribHeader="GRIB" NumOfOctets="21" GribType="2"/>
    <ProductDefinition xmlns="" NumOfOctets="4" ParamTableVersion="2" OrigCenter="7" ProcessID="81" GridID="36" GDS_BDS_Flag="128" ParamAndUnits="130" LevelType="0" Level="100" ReferenceTime="27" Month="9" Day="27" Hour="12" Minute="0" ForecastTimeUnits="1" PeriodOfTime1="12" PeriodOfTime2="0" TimeRangeIndicator="1" NumInAverage="298" NumMissingAverage="0" CenturyOfReference="21" SubcenterID="0" DecimalScaleFactor="2" Reserved1="0" Lat1="-11000" Lon1="91000" Lat2="-9500" Lon2="105375" Di="125" Dj="125"/>
    <GridDescription xmlns="" NumOfOctets="72" NV="0" PV="255" DataRepresentationType="0">
        <LatLonProjection Ni="116" Nj="13" Flags="128" ScanFlags="64" Reserved="0"/>
    </GridDescription>
    <BinaryData xmlns="" NumOfOctets="6032" FlagsAndUnused="12" BinaryScaleFactor="0" ReferenceValue="29754.859375" DatumPacked="1508" OptionalFlags="0">
        <TempDataArray>298.24 298.22 298.20 298.19 298.18 298.19 298.19 298.20 298.22 298.23 298.25 298.26 298.28 298.27 298.27 298.26 298.24 298.20 298.17 298.16 298.15 298.22 298.29 298.35 298.42 298.51 298.60 298.49 298.38 298.41 298.45 298.32 298.18 298.09 298.01 297.95 297.90 297.83 297.76 297.76 297.76 297.81 297.85 297.83 297.82 297.77 297.72 297.70 297.68 297.68 297.67 297.63 297.59 297.57 297.55 297.65 297.74 297.85 297.97 298.00 298.03 298.04 298.05 298.07 298.10 298.12 298.14 298.22 298.31 298.33 298.36 298.38 298.40 298.41 298.42 298.45 298.49 298.53 298.57 298.65 298.74 298.79 298.84 298.89 298.94 298.99 299.04 299.06 299.07 299.06 299.06 299.08 299.11 299.16 299.21 299.23 299.26 299.31 299.35 299.36 299.37 299.33 299.30 299.34 299.38 299.50 299.61 299.39 299.17 299.09 299.02 298.97 298.93 298.93 298.92 298.90 298.24 298.23 298.21 298.21 298.20 298.21 298.22 298.24 298.26 298.27 298.28 298.30 298.32 298.34 298.36 298.36 298.37 298.33 298.29 298.28 298.26 298.32 298.38 298.47 298.56 298.55 298.53 298.46 298.39 298.46 298.53 298.42 298.31 298.20 298.10 298.03 297.95 297.91 297.87 297.91 297.95 297.97 297.99 297.92 297.85 297.81 297.77 297.75 297.73 297.72 297.71 297.68 297.65 297.66 297.67 297.77 297.87 297.95 298.02 298.02 298.02 298.05 298.08 298.11 298.14 298.17 298.19 298.25 298.30 298.32 298.35 298.36 298.37 298.38 298.39 298.45 298.51 298.56 298.62 298.69 298.76 298.79 298.83 298.89 298.95 299.00 299.05 299.07 299.10 299.09 299.07 299.09 299.11 299.15 299.20 299.21 299.22 299.25 299.28 299.30 299.31 299.29 299.27 299.30 299.33 299.38 299.44 299.28 299.11 299.05 299.00 298.96 298.93 298.93 298.93 298.91 298.24 298.23 298.23 298.23 298.23 298.24 298.25 298.27 298.30 298.31 298.32 298.34 298.37 298.41 298.45 298.47 298.49 298.45 298.42 298.39 298.37 298.42 298.47 298.58 298.70 298.58 298.47 298.43 298.40 298.50 298.61 298.52 298.43 298.32 298.20 298.10 298.01 297.99 297.97 298.06 298.15 298.14 298.13 298.01 297.89 297.86 297.83 297.81 297.79 297.77 297.75 297.73 297.72 297.75 297.79 297.89 298.00 298.04 298.08 298.04 298.01 298.06 298.12 298.15 298.18 298.21 298.25 298.27 298.29 298.31 298.34 298.34 298.34 298.35 298.37 298.45 298.53 298.60 298.67 298.72 298.77 298.79 298.82 298.89 298.96 299.01 299.06 299.09 299.13 299.11 299.09 299.10 299.11 299.15 299.18 299.19 299.19 299.20 299.22 299.24 299.26 299.25 299.25 299.26 299.28 299.27 299.27 299.16 299.05 299.01 298.97 298.94 298.92 298.93 298.93 298.93 298.26 298.26 298.25 298.26 298.26 298.28 298.29 298.32 298.35 298.38 298.41 298.44 298.47 298.50 298.51 298.52 298.52 298.53 298.53 298.51 298.49 298.47 298.44 298.53 298.62 298.57 298.51 298.51 298.51 298.62 298.71 298.61 298.51 298.40 298.29 298.22 298.14 298.12 298.10 298.16 298.21 298.18 298.14 298.05 297.96 297.93 297.90 297.89 297.88 297.87 297.86 297.87 297.87 297.90 297.93 298.00 298.07 298.07 298.07 298.08 298.09 298.13 298.17 298.18 298.20 298.23 298.26 298.27 298.28 298.31 298.34 298.33 298.33 298.35 298.37 298.44 298.51 298.59 298.66 298.71 298.76 298.80 298.84 298.91 298.98 299.04 299.10 299.12 299.13 299.12 299.09 299.11 299.13 299.16 299.19 299.20 299.20 299.21 299.22 299.22 299.23 299.22 299.22 299.22 299.23 299.21 299.20 299.12 299.04 299.00 298.96 298.95 298.93 298.94 298.95 298.94 298.29 298.28 298.28 298.29 298.30 298.32 298.33 298.37 298.41 298.45 298.50 298.54 298.58 298.58 298.58 298.57 298.55 298.59 298.64 298.63 298.61 298.51 298.42 298.48 298.54 298.55 298.56 298.59 298.63 298.72 298.82 298.70 298.59 298.48 298.38 298.33 298.28 298.25 298.23 298.25 298.28 298.22 298.16 298.09 298.03 298.00 297.97 297.97 297.97 297.97 297.97 298.00 298.02 298.04 298.07 298.11 298.15 298.10 298.05 298.11 298.17 298.19 298.22 298.22 298.22 298.25 298.27 298.27 298.28 298.31 298.34 298.33 298.32 298.35 298.38 298.44 298.50 298.58 298.66 298.70 298.74 298.80 298.86 298.93 299.00 299.07 299.14 299.14 299.14 299.12 299.10 299.12 299.14 299.17 299.20 299.21 299.22 299.22 299.22 299.21 299.20 299.19 299.19 299.19 299.18 299.15 299.13 299.08 299.03 299.00 298.96 298.95 298.94 298.95 298.96 298.95 298.31 298.32 298.33 298.34 298.36 298.38 298.40 298.44 298.48 298.52 298.57 298.61 298.65 298.66 298.68 298.68 298.68 298.71 298.74 298.73 298.72 298.65 298.57 298.64 298.71 298.71 298.70 298.73 298.76 298.85 298.94 298.81 298.68 298.57 298.47 298.44 298.41 298.38 298.34 298.33 298.31 298.25 298.18 298.14 298.09 298.08 298.07 298.08 298.08 298.09 298.10 298.13 298.15 298.16 298.16 298.16 298.16 298.13 298.10 298.16 298.21 298.23 298.25 298.26 298.27 298.29 298.31 298.31 298.31 298.33 298.35 298.35 298.34 298.38 298.43 298.49 298.54 298.61 298.68 298.72 298.76 298.82 298.89 298.96 299.03 299.09 299.16 299.16 299.15 299.14 299.12 299.14 299.16 299.19 299.23 299.25 299.26 299.25 299.25 299.23 299.21 299.20 299.19 299.18 299.16 299.15 299.13 299.12 299.11 299.11 299.12 299.04 298.96 298.97 298.98 298.99 298.34 298.36 298.38 298.40 298.42 298.45 298.48 298.51 298.55 298.59 298.64 298.68 298.71 298.74 298.77 298.79 298.81 298.82 298.84 298.83 298.83 298.77 298.72 298.81 298.89 298.87 298.85 298.87 298.89 298.98 299.07 298.91 298.76 298.66 298.57 298.56 298.54 298.50 298.46 298.40 298.35 298.27 298.20 298.18 298.16 298.17 298.18 298.19 298.20 298.22 298.24 298.26 298.28 298.27 298.26 298.22 298.18 298.17 298.16 298.20 298.25 298.27 298.29 298.31 298.32 298.33 298.34 298.34 298.35 298.36 298.37 298.37 298.36 298.42 298.48 298.53 298.59 298.64 298.69 298.73 298.78 298.85 298.92 298.99 299.06 299.12 299.18 299.18 299.17 299.16 299.15 299.16 299.18 299.22 299.26 299.28 299.31 299.29 299.27 299.25 299.23 299.21 299.19 299.16 299.14 299.14 299.14 299.16 299.19 299.23 299.27 299.13 298.99 299.00 299.01 299.03 298.38 298.39 298.41 298.43 298.45 298.49 298.52 298.57 298.63 298.67 298.71 298.75 298.77 298.80 298.83 298.87 298.91 298.95 298.98 298.99 299.00 299.00 299.00 299.08 299.15 299.04 298.93 298.92 298.91 299.01 299.10 298.96 298.83 298.73 298.63 298.61 298.60 298.54 298.49 298.44 298.40 298.35 298.31 298.31 298.31 298.32 298.33 298.33 298.33 298.36 298.39 298.41 298.43 298.40 298.37 298.34 298.31 298.27 298.23 298.25 298.27 298.29 298.31 298.34 298.37 298.37 298.38 298.39 298.39 298.41 298.43 298.42 298.41 298.45 298.49 298.56 298.63 298.68 298.73 298.79 298.84 298.90 298.96 299.03 299.09 299.14 299.20 299.19 299.19 299.19 299.18 299.19 299.21 299.24 299.27 299.31 299.33 299.32 299.30 299.28 299.25 299.23 299.21 299.19 299.17 299.17 299.16 299.18 299.19 299.19 299.20 299.11 299.02 299.03 299.03 299.05 298.42 298.43 298.44 298.46 298.49 298.53 298.57 298.63 298.70 298.75 298.79 298.81 298.84 298.87 298.89 298.95 299.01 299.07 299.13 299.14 299.16 299.22 299.28 299.35 299.42 299.21 299.01 298.97 298.94 299.03 299.13 299.01 298.90 298.79 298.68 298.67 298.66 298.59 298.52 298.48 298.45 298.44 298.42 298.44 298.46 298.47 298.48 298.47 298.47 298.50 298.54 298.56 298.58 298.53 298.48 298.45 298.43 298.37 298.31 298.31 298.30 298.32 298.34 298.37 298.41 298.41 298.42 298.43 298.44 298.46 298.49 298.48 298.47 298.48 298.50 298.59 298.68 298.73 298.78 298.84 298.90 298.95 299.01 299.06 299.12 299.16 299.21 299.21 299.22 299.21 299.21 299.22 299.24 299.26 299.29 299.32 299.36 299.34 299.33 299.30 299.27 299.25 299.23 299.21 299.20 299.19 299.19 299.19 299.18 299.15 299.13 299.09 299.06 299.06 299.05 299.07 298.46 298.48 298.50 298.53 298.57 298.60 298.64 298.70 298.75 298.80 298.84 298.88 298.92 298.97 299.02 299.07 299.13 299.16 299.20 299.23 299.26 299.34 299.43 299.46 299.49 299.25 299.01 299.02 299.03 299.09 299.16 299.04 298.92 298.82 298.72 298.70 298.69 298.62 298.55 298.53 298.50 298.52 298.54 298.56 298.57 298.57 298.57 298.59 298.62 298.66 298.71 298.70 298.69 298.63 298.57 298.54 298.50 298.44 298.38 298.37 298.35 298.37 298.40 298.43 298.47 298.47 298.48 298.50 298.53 298.55 298.57 298.56 298.55 298.57 298.58 298.66 298.74 298.80 298.87 298.92 298.97 299.02 299.06 299.12 299.16 299.20 299.23 299.25 299.26 299.25 299.24 299.26 299.28 299.31 299.34 299.37 299.40 299.38 299.37 299.33 299.30 299.28 299.25 299.24 299.23 299.22 299.21 299.20 299.20 299.19 299.19 299.16 299.14 299.12 299.09 299.12 298.51 298.53 298.56 298.60 298.64 298.68 298.72 298.76 298.80 298.85 298.90 298.95 299.00 299.08 299.16 299.20 299.24 299.26 299.27 299.32 299.36 299.46 299.57 299.56 299.56 299.28 299.01 299.06 299.12 299.15 299.19 299.06 298.94 298.85 298.76 298.74 298.72 298.65 298.58 298.57 298.55 298.61 298.67 298.68 298.69 298.68 298.67 298.71 298.76 298.82 298.88 298.84 298.80 298.73 298.67 298.62 298.57 298.51 298.46 298.43 298.40 298.43 298.46 298.50 298.53 298.53 298.54 298.58 298.62 298.63 298.65 298.64 298.63 298.65 298.67 298.73 298.80 298.88 298.95 299.00 299.04 299.08 299.12 299.16 299.21 299.23 299.25 299.27 299.30 299.28 299.27 299.30 299.33 299.36 299.39 299.41 299.44 299.42 299.40 299.37 299.33 299.31 299.28 299.27 299.26 299.25 299.23 299.22 299.21 299.22 299.24 299.23 299.22 299.18 299.14 299.18 298.57 298.59 298.62 298.65 298.69 298.73 298.78 298.82 298.87 298.91 298.95 299.00 299.05 299.12 299.19 299.25 299.31 299.33 299.35 299.38 299.42 299.48 299.54 299.49 299.43 299.25 299.07 299.16 299.25 299.23 299.21 299.09 298.97 298.90 298.82 298.79 298.75 298.69 298.63 298.62 298.62 298.69 298.76 298.79 298.82 298.82 298.82 298.88 298.93 298.95 298.96 298.92 298.88 298.81 298.73 298.67 298.62 298.56 298.51 298.51 298.50 298.52 298.53 298.57 298.60 298.63 298.65 298.69 298.72 298.73 298.74 298.74 298.75 298.76 298.78 298.83 298.88 298.94 299.00 299.05 299.10 299.13 299.16 299.20 299.25 299.26 299.28 299.31 299.32 299.32 299.32 299.35 299.38 299.41 299.44 299.46 299.47 299.45 299.43 299.40 299.38 299.36 299.34 299.33 299.31 299.29 299.27 299.26 299.25 299.26 299.27 299.27 299.26 299.23 299.20 299.24 298.63 298.65 298.68 298.71 298.74 298.79 298.84 298.88 298.93 298.96 299.00 299.05 299.10 299.16 299.22 299.29 299.37 299.40 299.43 299.45 299.48 299.50 299.52 299.41 299.30 299.21 299.13 299.26 299.39 299.32 299.24 299.12 299.00 298.94 298.89 298.83 298.78 298.72 298.67 298.68 298.69 298.77 298.86 298.91 298.96 298.97 298.98 299.04 299.10 299.07 299.05 299.01 298.96 298.88 298.79 298.72 298.66 298.62 298.57 298.59 298.61 298.60 298.60 298.64 298.68 298.72 298.76 298.79 298.83 298.83 298.84 298.85 298.86 298.88 298.90 298.93 298.95 299.00 299.06 299.11 299.16 299.19 299.21 299.25 299.28 299.30 299.32 299.33 299.35 299.35 299.36 299.40 299.43 299.46 299.50 299.50 299.50 299.48 299.46 299.44 299.42 299.41 299.41 299.39 299.37 299.34 299.31 299.29 299.28 299.29 299.30 299.31 299.31 299.29 299.27 299.29 </TempDataArray>
    </BinaryData>
    <End xmlns="" EndString="7777"/>
</gribObject>
