<?xml version="1.0" encoding="UTF-8" standalone="yes"?>
<gribObject xmlns:xsi="http://www.w3.org/2001/XMLSchema-instance" xmlns:xsd="http://www.w3.org/2001/XMLSchema" xmlns="http://c4i.mlt/ICDU/schema" ForecastTime="2025-09-27T12:00:00.000Z" RunTime="2025-09-27T12:00:00.000Z" ParameterName="Temperature" FileName="newsingapore">
    <Indicator xmlns="" GribHeader="GRIB" NumOfOctets="21" GribType="2"/>
    <ProductDefinition xmlns="" NumOfOctets="4" ParamTableVersion="2" OrigCenter="7" ProcessID="81" GridID="36" GDS_BDS_Flag="128" ParamAndUnits="130" LevelType="0" Level="300" ReferenceTime="27" Month="9" Day="27" Hour="12" Minute="0" ForecastTimeUnits="1" PeriodOfTime1="12" PeriodOfTime2="0" TimeRangeIndicator="1" NumInAverage="244" NumMissingAverage="0" CenturyOfReference="21" SubcenterID="0" DecimalScaleFactor="2" Reserved1="0" Lat1="-11000" Lon1="91000" Lat2="-9500" Lon2="105375" Di="125" Dj="125"/>
    <GridDescription xmlns="" NumOfOctets="72" NV="0" PV="255" DataRepresentationType="0">
        <LatLonProjection Ni="116" Nj="13" Flags="128" ScanFlags="64" Reserved="0"/>
    </GridDescription>
    <BinaryData xmlns="" NumOfOctets="6032" FlagsAndUnused="12" BinaryScaleFactor="0" ReferenceValue="24322.384766" DatumPacked="1508" OptionalFlags="0">
        <TempDataArray>244.32 244.39 244.46 244.41 244.35 244.36 244.37 244.37 244.37 244.34 244.31 244.23 244.14 244.07 244.00 244.00 243.99 244.07 244.14 244.03 243.92 243.95 243.98 243.97 243.95 243.93 243.90 243.93 243.96 243.93 243.89 243.93 243.96 244.04 244.12 244.08 244.05 244.10 244.14 244.35 244.55 244.60 244.65 244.56 244.46 244.34 244.22 244.11 244.00 243.97 243.93 244.13 244.33 244.45 244.57 244.53 244.49 244.52 244.54 244.57 244.59 244.55 244.52 244.58 244.64 244.51 244.38 244.32 244.26 244.39 244.51 244.81 245.10 245.11 245.12 245.12 245.12 245.11 245.11 245.17 245.23 245.06 244.89 244.79 244.68 244.91 245.14 245.18 245.22 245.05 244.87 244.88 244.89 244.91 244.93 244.92 244.90 244.83 244.75 244.97 245.18 245.35 245.52 245.51 245.50 245.47 245.44 245.36 245.27 245.17 245.06 245.04 245.01 245.03 245.05 245.14 244.28 244.35 244.43 244.37 244.31 244.29 244.27 244.27 244.27 244.23 244.19 244.08 243.99 243.94 243.90 243.93 243.96 243.98 244.00 243.90 243.80 243.80 243.79 243.82 243.86 243.86 243.87 243.88 243.89 243.89 243.89 243.95 244.01 244.05 244.10 244.09 244.09 244.19 244.30 244.45 244.61 244.55 244.50 244.44 244.38 244.25 244.12 244.01 243.91 243.89 243.88 244.12 244.36 244.45 244.54 244.48 244.43 244.44 244.46 244.47 244.49 244.53 244.58 244.59 244.59 244.45 244.30 244.31 244.32 244.48 244.65 244.91 245.18 245.12 245.07 245.08 245.08 245.18 245.28 245.32 245.36 245.23 245.10 245.00 244.89 244.90 244.91 244.94 244.98 244.86 244.76 244.77 244.79 244.83 244.88 244.94 245.01 244.95 244.90 245.02 245.13 245.28 245.44 245.42 245.41 245.37 245.33 245.30 245.26 245.18 245.11 245.11 245.11 245.14 245.18 245.23 244.24 244.32 244.39 244.33 244.26 244.21 244.16 244.16 244.16 244.11 244.06 243.95 243.83 243.81 243.79 243.86 243.93 243.90 243.86 243.77 243.68 243.64 243.60 243.68 243.76 243.80 243.83 243.82 243.81 243.85 243.88 243.97 244.05 244.06 244.07 244.10 244.13 244.29 244.45 244.56 244.67 244.51 244.34 244.32 244.30 244.16 244.02 243.92 243.81 243.82 243.83 244.11 244.38 244.44 244.50 244.43 244.36 244.37 244.38 244.38 244.38 244.51 244.64 244.59 244.54 244.39 244.23 244.30 244.38 244.58 244.78 245.02 245.25 245.14 245.02 245.04 245.05 245.25 245.45 245.47 245.49 245.40 245.31 245.21 245.10 244.89 244.68 244.71 244.73 244.69 244.64 244.66 244.68 244.75 244.82 244.97 245.11 245.08 245.05 245.07 245.08 245.22 245.35 245.34 245.32 245.28 245.23 245.24 245.24 245.20 245.15 245.18 245.21 245.26 245.30 245.33 244.11 244.19 244.28 244.29 244.31 244.24 244.17 244.09 244.01 243.93 243.86 243.79 243.72 243.74 243.77 243.78 243.79 243.77 243.76 243.70 243.64 243.61 243.58 243.62 243.66 243.71 243.77 243.80 243.83 243.86 243.89 243.97 244.05 244.09 244.13 244.16 244.19 244.30 244.41 244.42 244.44 244.35 244.27 244.25 244.23 244.14 244.05 243.97 243.89 243.91 243.93 244.15 244.37 244.37 244.37 244.32 244.27 244.32 244.37 244.33 244.30 244.44 244.58 244.53 244.48 244.42 244.36 244.36 244.37 244.55 244.74 244.90 245.05 245.01 244.97 244.98 244.98 245.11 245.25 245.26 245.28 245.17 245.05 245.01 244.96 244.86 244.75 244.74 244.72 244.64 244.55 244.51 244.47 244.60 244.74 244.84 244.94 244.94 244.94 245.01 245.08 245.13 245.17 245.23 245.28 245.26 245.24 245.23 245.23 245.15 245.08 245.14 245.21 245.32 245.44 245.46 243.97 244.07 244.17 244.26 244.35 244.26 244.17 244.01 243.85 243.75 243.65 243.63 243.60 243.67 243.74 243.69 243.64 243.65 243.65 243.62 243.59 243.57 243.55 243.55 243.56 243.63 243.70 243.77 243.84 243.87 243.90 243.98 244.06 244.13 244.19 244.22 244.25 244.30 244.36 244.29 244.21 244.20 244.19 244.18 244.16 244.12 244.08 244.03 243.98 244.01 244.03 244.19 244.35 244.30 244.24 244.21 244.18 244.27 244.36 244.29 244.21 244.37 244.52 244.47 244.41 244.45 244.48 244.42 244.36 244.53 244.69 244.78 244.86 244.89 244.92 244.92 244.91 244.98 245.04 245.06 245.07 244.94 244.80 244.81 244.82 244.82 244.82 244.77 244.71 244.59 244.47 244.36 244.25 244.46 244.66 244.72 244.77 244.80 244.82 244.95 245.08 245.04 244.99 245.12 245.24 245.25 245.25 245.23 245.21 245.11 245.01 245.11 245.20 245.39 245.58 245.58 243.86 243.92 243.98 244.04 244.10 244.06 244.02 243.88 243.75 243.66 243.57 243.58 243.59 243.57 243.55 243.52 243.50 243.52 243.54 243.52 243.50 243.49 243.48 243.53 243.58 243.63 243.68 243.75 243.82 243.83 243.85 243.96 244.07 244.18 244.29 244.31 244.33 244.30 244.27 244.24 244.22 244.23 244.24 244.23 244.23 244.16 244.10 244.07 244.05 244.11 244.18 244.24 244.31 244.25 244.19 244.21 244.23 244.33 244.44 244.35 244.26 244.36 244.47 244.47 244.47 244.52 244.58 244.54 244.51 244.65 244.78 244.90 245.03 245.03 245.03 244.96 244.89 244.94 244.98 244.93 244.89 244.88 244.87 244.94 245.01 245.01 245.01 244.96 244.91 244.80 244.68 244.58 244.48 244.66 244.85 244.82 244.79 244.83 244.87 244.98 245.09 245.15 245.21 245.31 245.42 245.39 245.36 245.30 245.24 245.18 245.12 245.26 245.41 245.51 245.61 245.62 243.74 243.76 243.78 243.81 243.84 243.86 243.87 243.76 243.64 243.57 243.49 243.54 243.58 243.47 243.36 243.36 243.35 243.39 243.42 243.41 243.40 243.41 243.41 243.50 243.59 243.63 243.66 243.73 243.79 243.80 243.80 243.94 244.08 244.24 244.39 244.40 244.41 244.30 244.18 244.20 244.22 244.25 244.28 244.29 244.29 244.20 244.11 244.11 244.11 244.22 244.32 244.29 244.26 244.20 244.14 244.21 244.27 244.40 244.52 244.42 244.31 244.36 244.41 244.47 244.52 244.60 244.67 244.67 244.66 244.77 244.87 245.03 245.19 245.17 245.14 245.01 244.87 244.89 244.92 244.81 244.70 244.82 244.94 245.07 245.19 245.20 245.20 245.16 245.11 245.00 244.89 244.80 244.70 244.86 245.03 244.92 244.80 244.86 244.92 245.01 245.10 245.26 245.42 245.51 245.59 245.53 245.47 245.37 245.27 245.25 245.22 245.42 245.61 245.62 245.63 245.65 243.70 243.73 243.76 243.75 243.74 243.73 243.73 243.65 243.57 243.47 243.38 243.43 243.49 243.45 243.41 243.44 243.47 243.46 243.46 243.44 243.42 243.46 243.51 243.54 243.58 243.60 243.61 243.69 243.76 243.76 243.77 243.89 244.02 244.15 244.29 244.30 244.32 244.25 244.18 244.19 244.21 244.24 244.28 244.26 244.24 244.20 244.16 244.20 244.24 244.28 244.33 244.29 244.24 244.23 244.21 244.31 244.41 244.47 244.54 244.46 244.38 244.39 244.40 244.48 244.55 244.57 244.59 244.63 244.67 244.74 244.82 244.93 245.04 245.02 245.00 244.95 244.89 244.97 245.05 244.92 244.78 244.77 244.77 244.97 245.17 245.10 245.04 245.03 245.03 244.99 244.94 244.84 244.74 244.86 244.98 244.94 244.91 244.96 245.01 245.07 245.14 245.35 245.55 245.59 245.62 245.55 245.48 245.40 245.31 245.29 245.28 245.42 245.57 245.61 245.64 245.66 243.66 243.70 243.74 243.69 243.63 243.61 243.59 243.55 243.50 243.38 243.26 243.33 243.39 243.43 243.46 243.52 243.58 243.54 243.49 243.47 243.44 243.52 243.60 243.59 243.57 243.57 243.56 243.64 243.73 243.73 243.73 243.84 243.95 244.07 244.19 244.21 244.23 244.20 244.17 244.18 244.19 244.24 244.28 244.23 244.18 244.20 244.21 244.29 244.36 244.35 244.34 244.28 244.22 244.25 244.28 244.42 244.55 244.55 244.55 244.50 244.45 244.42 244.39 244.49 244.58 244.55 244.51 244.59 244.67 244.72 244.76 244.82 244.88 244.87 244.85 244.89 244.92 245.05 245.18 245.02 244.86 244.73 244.59 244.87 245.15 245.01 244.87 244.91 244.95 244.97 244.99 244.89 244.78 244.86 244.93 244.97 245.01 245.05 245.09 245.13 245.17 245.43 245.69 245.67 245.65 245.57 245.49 245.42 245.35 245.34 245.33 245.43 245.53 245.59 245.65 245.67 243.62 243.66 243.71 243.65 243.59 243.56 243.53 243.51 243.49 243.38 243.27 243.29 243.30 243.35 243.39 243.44 243.50 243.48 243.45 243.44 243.42 243.45 243.48 243.49 243.50 243.53 243.55 243.65 243.75 243.76 243.78 243.86 243.94 244.05 244.15 244.18 244.20 244.12 244.05 244.05 244.05 244.09 244.13 244.15 244.18 244.28 244.37 244.42 244.46 244.38 244.30 244.26 244.23 244.28 244.33 244.45 244.57 244.57 244.57 244.52 244.47 244.43 244.39 244.49 244.58 244.58 244.57 244.65 244.73 244.74 244.75 244.81 244.87 244.88 244.90 244.94 244.99 245.03 245.07 244.98 244.89 244.83 244.77 244.95 245.13 244.96 244.79 244.84 244.89 244.94 244.99 244.95 244.90 244.97 245.04 245.07 245.10 245.15 245.20 245.30 245.39 245.55 245.72 245.61 245.50 245.45 245.41 245.38 245.36 245.33 245.30 245.33 245.36 245.52 245.69 245.74 243.58 243.63 243.67 243.61 243.54 243.51 243.47 243.48 243.48 243.38 243.27 243.25 243.22 243.27 243.31 243.36 243.42 243.42 243.41 243.41 243.40 243.38 243.36 243.40 243.43 243.49 243.55 243.66 243.77 243.80 243.82 243.88 243.93 244.02 244.11 244.14 244.17 244.05 243.92 243.92 243.91 243.94 243.97 244.08 244.18 244.36 244.53 244.55 244.56 244.41 244.25 244.25 244.24 244.30 244.37 244.48 244.58 244.58 244.58 244.53 244.48 244.44 244.39 244.49 244.58 244.61 244.63 244.71 244.78 244.76 244.73 244.79 244.85 244.90 244.94 245.00 245.05 245.00 244.95 244.94 244.92 244.93 244.94 245.02 245.10 244.91 244.71 244.78 244.84 244.92 244.99 245.01 245.02 245.08 245.14 245.16 245.18 245.25 245.31 245.46 245.61 245.68 245.74 245.54 245.34 245.33 245.33 245.35 245.36 245.32 245.28 245.24 245.19 245.46 245.72 245.82 243.57 243.58 243.59 243.55 243.52 243.49 243.47 243.49 243.51 243.47 243.43 243.38 243.33 243.33 243.33 243.37 243.40 243.39 243.39 243.37 243.36 243.36 243.37 243.42 243.46 243.52 243.57 243.63 243.69 243.75 243.80 243.89 243.97 244.02 244.07 244.07 244.07 243.97 243.87 243.86 243.84 243.89 243.94 244.05 244.17 244.29 244.41 244.36 244.32 244.24 244.17 244.20 244.23 244.31 244.39 244.45 244.51 244.52 244.53 244.49 244.44 244.41 244.37 244.46 244.55 244.61 244.67 244.67 244.67 244.63 244.58 244.68 244.77 244.82 244.87 244.93 244.98 244.91 244.83 244.83 244.83 244.83 244.84 244.97 245.10 244.95 244.80 244.85 244.90 244.99 245.08 245.11 245.14 245.16 245.18 245.17 245.16 245.30 245.43 245.59 245.75 245.73 245.72 245.50 245.29 245.28 245.27 245.27 245.27 245.34 245.41 245.36 245.31 245.44 245.56 245.69 243.56 243.54 243.51 243.50 243.49 243.48 243.47 243.50 243.53 243.56 243.59 243.51 243.43 243.39 243.35 243.37 243.38 243.37 243.36 243.33 243.31 243.35 243.38 243.44 243.49 243.54 243.59 243.60 243.61 243.70 243.78 243.90 244.01 244.02 244.02 244.00 243.97 243.90 243.82 243.80 243.77 243.84 243.90 244.03 244.16 244.22 244.28 244.18 244.07 244.08 244.09 244.15 244.21 244.32 244.42 244.43 244.43 244.46 244.48 244.44 244.40 244.38 244.35 244.44 244.53 244.61 244.70 244.63 244.56 244.50 244.44 244.56 244.68 244.74 244.80 244.86 244.91 244.81 244.71 244.72 244.73 244.74 244.74 244.92 245.10 244.99 244.88 244.92 244.96 245.06 245.16 245.21 245.26 245.24 245.22 245.18 245.14 245.35 245.55 245.72 245.88 245.79 245.69 245.47 245.24 245.22 245.20 245.19 245.18 245.36 245.53 245.48 245.43 245.42 245.40 245.57 </TempDataArray>
    </BinaryData>
    <End xmlns="" EndString="7777"/>
</gribObject>
