<?xml version="1.0" encoding="UTF-8" standalone="yes"?>
<gribObject xmlns:xsi="http://www.w3.org/2001/XMLSchema-instance" xmlns:xsd="http://www.w3.org/2001/XMLSchema" xmlns="http://c4i.mlt/ICDU/schema" ForecastTime="2025-09-27T12:00:00.000Z" RunTime="2025-09-27T12:00:00.000Z" ParameterName="Temperature" FileName="newsingapore">
    <Indicator xmlns="" GribHeader="GRIB" NumOfOctets="21" GribType="2"/>
    <ProductDefinition xmlns="" NumOfOctets="4" ParamTableVersion="2" OrigCenter="7" ProcessID="81" GridID="36" GDS_BDS_Flag="128" ParamAndUnits="130" LevelType="0" Level="200" ReferenceTime="27" Month="9" Day="27" Hour="12" Minute="0" ForecastTimeUnits="1" PeriodOfTime1="12" PeriodOfTime2="0" TimeRangeIndicator="1" NumInAverage="220" NumMissingAverage="0" CenturyOfReference="21" SubcenterID="0" DecimalScaleFactor="2" Reserved1="0" Lat1="-11000" Lon1="91000" Lat2="-9500" Lon2="105375" Di="125" Dj="125"/>
    <GridDescription xmlns="" NumOfOctets="72" NV="0" PV="255" DataRepresentationType="0">
        <LatLonProjection Ni="116" Nj="13" Flags="128" ScanFlags="64" Reserved="0"/>
    </GridDescription>
    <BinaryData xmlns="" NumOfOctets="6032" FlagsAndUnused="12" BinaryScaleFactor="0" ReferenceValue="21999.728516" DatumPacked="1508" OptionalFlags="0">
        <TempDataArray>220.50 220.46 220.42 220.43 220.45 220.56 220.67 220.67 220.67 220.63 220.60 220.65 220.70 220.72 220.75 220.71 220.67 220.62 220.57 220.62 220.68 220.71 220.75 220.68 220.62 220.64 220.66 220.67 220.68 220.67 220.66 220.64 220.64 220.61 220.60 220.62 220.65 220.70 220.75 220.69 220.64 220.58 220.54 220.55 220.56 220.59 220.63 220.64 220.65 220.62 220.59 220.60 220.61 220.63 220.65 220.58 220.53 220.55 220.58 220.55 220.52 220.52 220.52 220.44 220.37 220.32 220.27 220.27 220.27 220.30 220.34 220.26 220.19 220.11 220.03 220.05 220.08 220.11 220.15 220.21 220.27 220.39 220.53 220.67 220.82 220.71 220.61 220.59 220.58 220.92 221.28 221.38 221.48 221.54 221.61 221.59 221.58 221.53 221.48 221.43 221.38 221.36 221.34 221.38 221.43 221.52 221.61 221.52 221.43 221.43 221.43 221.37 221.32 221.27 221.22 221.26 220.62 220.53 220.43 220.47 220.51 220.59 220.68 220.69 220.70 220.69 220.68 220.73 220.77 220.77 220.78 220.76 220.74 220.70 220.66 220.70 220.75 220.75 220.76 220.74 220.73 220.74 220.75 220.73 220.71 220.70 220.69 220.68 220.67 220.65 220.64 220.68 220.72 220.75 220.78 220.73 220.68 220.63 220.58 220.59 220.59 220.62 220.66 220.66 220.65 220.64 220.63 220.63 220.63 220.64 220.64 220.63 220.61 220.64 220.66 220.61 220.57 220.53 220.49 220.47 220.45 220.39 220.34 220.33 220.31 220.34 220.38 220.34 220.30 220.20 220.10 220.12 220.15 220.18 220.21 220.22 220.24 220.38 220.52 220.59 220.67 220.60 220.53 220.65 220.77 221.10 221.42 221.45 221.48 221.45 221.42 221.43 221.43 221.38 221.34 221.29 221.25 221.23 221.21 221.23 221.26 221.37 221.49 221.44 221.40 221.37 221.33 221.31 221.28 221.24 221.20 221.20 220.75 220.60 220.45 220.51 220.57 220.63 220.70 220.71 220.73 220.75 220.77 220.81 220.85 220.83 220.81 220.81 220.81 220.78 220.75 220.79 220.83 220.80 220.77 220.80 220.84 220.84 220.84 220.79 220.75 220.74 220.73 220.71 220.70 220.69 220.68 220.74 220.80 220.80 220.81 220.77 220.73 220.68 220.64 220.63 220.62 220.66 220.70 220.68 220.66 220.66 220.67 220.66 220.66 220.64 220.64 220.67 220.71 220.73 220.75 220.69 220.63 220.54 220.46 220.49 220.53 220.47 220.42 220.39 220.36 220.39 220.42 220.42 220.42 220.29 220.17 220.20 220.23 220.25 220.27 220.24 220.21 220.36 220.51 220.51 220.52 220.49 220.46 220.71 220.97 221.27 221.57 221.53 221.49 221.36 221.24 221.26 221.29 221.24 221.20 221.16 221.13 221.11 221.09 221.09 221.09 221.23 221.38 221.37 221.37 221.31 221.25 221.25 221.25 221.21 221.18 221.13 220.74 220.68 220.61 220.60 220.58 220.63 220.67 220.68 220.70 220.76 220.81 220.82 220.82 220.82 220.82 220.81 220.80 220.79 220.78 220.84 220.90 220.90 220.90 220.90 220.91 220.88 220.86 220.81 220.77 220.74 220.72 220.73 220.75 220.75 220.75 220.81 220.87 220.87 220.86 220.81 220.76 220.73 220.70 220.69 220.69 220.72 220.75 220.73 220.70 220.71 220.72 220.71 220.71 220.71 220.71 220.74 220.76 220.76 220.77 220.72 220.68 220.61 220.55 220.56 220.57 220.55 220.54 220.50 220.46 220.47 220.48 220.51 220.54 220.42 220.31 220.32 220.32 220.34 220.35 220.33 220.32 220.44 220.57 220.57 220.58 220.57 220.57 220.74 220.91 221.12 221.33 221.32 221.31 221.21 221.11 221.16 221.21 221.14 221.07 221.04 221.01 220.99 220.98 220.97 220.97 221.13 221.29 221.33 221.38 221.30 221.23 221.22 221.21 221.16 221.11 221.04 220.74 220.76 220.78 220.69 220.61 220.62 220.64 220.66 220.68 220.77 220.86 220.83 220.80 220.82 220.84 220.82 220.80 220.80 220.81 220.89 220.98 221.01 221.04 221.01 220.98 220.93 220.89 220.83 220.79 220.75 220.71 220.75 220.80 220.81 220.83 220.89 220.95 220.93 220.92 220.85 220.79 220.78 220.77 220.76 220.76 220.78 220.81 220.78 220.75 220.76 220.77 220.76 220.76 220.77 220.79 220.80 220.82 220.80 220.79 220.76 220.74 220.69 220.64 220.62 220.61 220.63 220.66 220.61 220.57 220.55 220.54 220.60 220.66 220.56 220.46 220.44 220.42 220.43 220.44 220.43 220.43 220.53 220.64 220.64 220.64 220.66 220.69 220.77 220.86 220.98 221.11 221.11 221.13 221.06 221.00 221.06 221.13 221.03 220.94 220.91 220.89 220.88 220.87 220.86 220.86 221.03 221.21 221.30 221.39 221.30 221.21 221.19 221.17 221.10 221.04 220.94 220.70 220.71 220.72 220.68 220.64 220.64 220.63 220.66 220.70 220.74 220.79 220.77 220.75 220.78 220.82 220.82 220.82 220.85 220.88 220.92 220.96 221.00 221.05 221.00 220.95 220.91 220.88 220.83 220.79 220.75 220.72 220.78 220.84 220.86 220.89 220.93 220.98 220.98 220.98 220.94 220.91 220.86 220.81 220.80 220.80 220.83 220.86 220.84 220.83 220.82 220.81 220.80 220.79 220.81 220.83 220.84 220.85 220.83 220.82 220.82 220.82 220.80 220.78 220.74 220.70 220.69 220.69 220.67 220.65 220.63 220.60 220.64 220.69 220.63 220.58 220.57 220.56 220.60 220.64 220.67 220.70 220.74 220.78 220.75 220.73 220.77 220.82 220.90 220.99 221.04 221.08 221.06 221.03 221.00 220.97 221.01 221.04 220.92 220.80 220.76 220.73 220.71 220.69 220.74 220.80 220.98 221.17 221.22 221.28 221.18 221.08 221.10 221.12 221.05 220.98 220.89 220.67 220.66 220.66 220.67 220.68 220.65 220.63 220.67 220.72 220.72 220.73 220.71 220.70 220.75 220.81 220.82 220.84 220.90 220.96 220.95 220.94 221.00 221.07 221.00 220.93 220.90 220.87 220.83 220.80 220.76 220.73 220.81 220.89 220.92 220.95 220.98 221.02 221.03 221.04 221.03 221.03 220.94 220.85 220.84 220.84 220.87 220.91 220.91 220.92 220.89 220.86 220.84 220.83 220.85 220.87 220.88 220.89 220.87 220.86 220.88 220.90 220.91 220.93 220.86 220.80 220.76 220.72 220.73 220.74 220.70 220.67 220.69 220.72 220.71 220.70 220.70 220.71 220.77 220.84 220.91 220.98 220.95 220.93 220.87 220.82 220.88 220.95 221.04 221.13 221.10 221.07 221.00 220.93 220.94 220.95 220.95 220.96 220.81 220.67 220.62 220.57 220.54 220.52 220.63 220.74 220.93 221.13 221.15 221.18 221.07 220.97 221.02 221.07 221.00 220.93 220.84 220.74 220.74 220.75 220.77 220.79 220.74 220.70 220.70 220.70 220.72 220.75 220.76 220.78 220.82 220.87 220.90 220.94 220.98 221.02 220.99 220.96 220.96 220.96 220.96 220.95 220.90 220.86 220.83 220.81 220.81 220.81 220.87 220.92 220.97 221.01 221.04 221.08 221.08 221.08 221.05 221.01 220.98 220.95 220.93 220.90 220.93 220.95 220.95 220.95 220.88 220.82 220.82 220.83 220.84 220.85 220.87 220.89 220.86 220.82 220.85 220.89 220.91 220.93 220.88 220.82 220.80 220.78 220.78 220.78 220.75 220.72 220.73 220.74 220.71 220.68 220.69 220.70 220.74 220.78 220.86 220.95 220.94 220.93 220.86 220.79 220.83 220.87 220.96 221.05 221.03 221.01 220.95 220.90 220.88 220.87 220.83 220.79 220.66 220.54 220.47 220.41 220.40 220.39 220.54 220.68 220.83 220.97 220.96 220.95 220.91 220.87 220.93 220.99 220.92 220.84 220.76 220.81 220.83 220.85 220.87 220.90 220.83 220.78 220.73 220.68 220.73 220.78 220.82 220.86 220.89 220.93 220.98 221.04 221.06 221.08 221.03 220.98 220.92 220.86 220.92 220.98 220.91 220.85 220.83 220.82 220.86 220.90 220.93 220.97 221.02 221.08 221.11 221.14 221.13 221.13 221.06 221.00 221.03 221.06 221.01 220.97 220.98 221.00 220.99 220.99 220.88 220.78 220.80 220.83 220.83 220.84 220.87 220.90 220.84 220.79 220.83 220.88 220.91 220.94 220.89 220.85 220.84 220.84 220.83 220.82 220.79 220.77 220.77 220.77 220.72 220.67 220.68 220.70 220.71 220.73 220.82 220.92 220.93 220.94 220.85 220.76 220.77 220.79 220.88 220.97 220.96 220.96 220.91 220.87 220.83 220.79 220.71 220.63 220.52 220.41 220.33 220.26 220.27 220.28 220.45 220.63 220.72 220.82 220.77 220.72 220.75 220.78 220.85 220.92 220.84 220.76 220.68 220.83 220.87 220.92 220.91 220.91 220.83 220.74 220.75 220.76 220.81 220.86 220.89 220.92 220.93 220.94 221.00 221.06 221.08 221.11 221.07 221.02 220.94 220.86 220.92 220.97 220.94 220.91 220.88 220.86 220.91 220.97 220.99 221.01 221.06 221.11 221.10 221.08 221.11 221.13 221.08 221.03 221.04 221.05 221.02 220.99 221.00 221.01 220.96 220.91 220.84 220.77 220.80 220.83 220.82 220.81 220.83 220.84 220.73 220.62 220.71 220.81 220.90 220.99 220.93 220.87 220.87 220.87 220.86 220.85 220.82 220.79 220.77 220.75 220.73 220.71 220.71 220.70 220.68 220.66 220.71 220.76 220.76 220.77 220.74 220.71 220.73 220.75 220.79 220.84 220.84 220.85 220.80 220.76 220.73 220.71 220.65 220.58 220.50 220.41 220.36 220.31 220.33 220.36 220.53 220.70 220.73 220.77 220.72 220.67 220.70 220.72 220.74 220.76 220.67 220.58 220.53 220.86 220.92 220.99 220.96 220.93 220.82 220.71 220.77 220.84 220.90 220.96 220.97 220.99 220.97 220.95 221.01 221.08 221.11 221.15 221.11 221.07 220.97 220.88 220.92 220.96 220.96 220.97 220.94 220.91 220.97 221.04 221.05 221.06 221.10 221.14 221.08 221.04 221.08 221.13 221.10 221.07 221.05 221.04 221.02 221.01 221.02 221.03 220.93 220.84 220.80 220.77 220.80 220.84 220.81 220.79 220.79 220.79 220.62 220.46 220.60 220.74 220.89 221.05 220.97 220.90 220.90 220.90 220.89 220.88 220.84 220.81 220.77 220.73 220.74 220.76 220.73 220.71 220.65 220.59 220.59 220.60 220.60 220.61 220.64 220.67 220.69 220.71 220.71 220.72 220.73 220.74 220.70 220.66 220.64 220.63 220.58 220.55 220.48 220.42 220.39 220.36 220.39 220.44 220.60 220.77 220.74 220.72 220.67 220.64 220.65 220.67 220.63 220.60 220.50 220.41 220.38 220.83 220.93 221.03 221.03 221.03 220.94 220.86 220.89 220.91 220.94 220.97 221.02 221.07 221.05 221.04 221.07 221.10 221.14 221.18 221.15 221.11 221.03 220.94 220.96 220.98 220.99 220.99 220.96 220.92 220.97 221.03 221.03 221.04 221.08 221.12 221.10 221.08 221.12 221.16 221.13 221.10 221.10 221.10 221.08 221.07 221.08 221.08 220.97 220.85 220.82 220.79 220.84 220.88 220.88 220.88 220.84 220.81 220.72 220.62 220.68 220.74 220.85 220.97 220.94 220.92 220.91 220.91 220.89 220.87 220.83 220.80 220.77 220.74 220.75 220.76 220.74 220.72 220.67 220.61 220.61 220.61 220.61 220.61 220.63 220.66 220.65 220.64 220.64 220.64 220.66 220.68 220.68 220.69 220.66 220.64 220.57 220.51 220.47 220.43 220.41 220.40 220.43 220.45 220.56 220.67 220.66 220.64 220.62 220.60 220.56 220.51 220.45 220.40 220.31 220.22 220.19 220.82 220.95 221.08 221.10 221.13 221.07 221.02 221.00 220.99 220.98 220.98 221.07 221.16 221.14 221.13 221.12 221.12 221.17 221.22 221.19 221.16 221.08 221.01 221.01 221.01 221.01 221.02 220.98 220.94 220.98 221.02 221.02 221.03 221.07 221.11 221.12 221.14 221.17 221.20 221.17 221.14 221.14 221.16 221.14 221.13 221.14 221.15 221.00 220.86 220.83 220.82 220.87 220.93 220.95 220.97 220.90 220.84 220.81 220.79 220.77 220.75 220.82 220.89 220.91 220.94 220.93 220.93 220.90 220.87 220.83 220.79 220.77 220.76 220.76 220.77 220.75 220.74 220.69 220.64 220.63 220.62 220.62 220.62 220.63 220.65 220.61 220.57 220.57 220.58 220.60 220.62 220.67 220.73 220.69 220.65 220.56 220.48 220.46 220.44 220.44 220.45 220.46 220.47 220.52 220.58 220.58 220.58 220.57 220.57 220.46 220.36 220.28 220.20 220.11 220.03 220.00 </TempDataArray>
    </BinaryData>
    <End xmlns="" EndString="7777"/>
</gribObject>
