<?xml version="1.0" encoding="UTF-8" standalone="yes"?>
<gribObject xmlns:xsi="http://www.w3.org/2001/XMLSchema-instance" xmlns:xsd="http://www.w3.org/2001/XMLSchema" xmlns="http://c4i.mlt/ICDU/schema" ForecastTime="2025-09-25T12:00:00.000Z" RunTime="2025-09-25T12:00:00.000Z" ParameterName="U component of wind" FileName="newsingapore">
    <Indicator xmlns="" GribHeader="GRIB" NumOfOctets="21" GribType="2"/>
    <ProductDefinition xmlns="" NumOfOctets="4" ParamTableVersion="2" OrigCenter="7" ProcessID="81" GridID="36" GDS_BDS_Flag="128" ParamAndUnits="131" LevelType="0" Level="300" ReferenceTime="25" Month="9" Day="25" Hour="12" Minute="0" ForecastTimeUnits="1" PeriodOfTime1="12" PeriodOfTime2="0" TimeRangeIndicator="1" NumInAverage="-0" NumMissingAverage="0" CenturyOfReference="21" SubcenterID="0" DecimalScaleFactor="1" Reserved1="0" Lat1="-11000" Lon1="91000" Lat2="-9500" Lon2="105375" Di="125" Dj="125"/>
    <GridDescription xmlns="" NumOfOctets="72" NV="0" PV="255" DataRepresentationType="0">
        <LatLonProjection Ni="116" Nj="13" Flags="128" ScanFlags="64" Reserved="0"/>
    </GridDescription>
    <BinaryData xmlns="" NumOfOctets="6032" FlagsAndUnused="12" BinaryScaleFactor="0" ReferenceValue="-62.554321" DatumPacked="1508" OptionalFlags="0">
        <TempDataArray>-0.56 -0.26 -0.06 0.74 1.44 -0.16 -1.76 -2.66 -3.46 -4.16 -4.86 -5.56 -6.26 -6.26 -6.26 -6.06 -5.76 -5.56 -5.26 -5.06 -4.96 -4.66 -4.46 -4.36 -4.26 -4.26 -4.26 -4.16 -3.96 -4.06 -4.16 -4.16 -4.06 -4.16 -4.16 -4.36 -4.46 -4.36 -4.36 -4.26 -4.16 -4.26 -4.26 -4.36 -4.56 -4.46 -4.46 -4.36 -4.26 -4.06 -3.86 -3.66 -3.46 -3.26 -3.06 -2.86 -2.66 -2.36 -2.06 -1.86 -1.56 -1.36 -1.16 -0.76 -0.36 -0.06 0.24 0.44 0.64 0.44 0.24 0.04 -0.16 -0.26 -0.36 -0.36 -0.36 -0.16 0.04 0.14 0.14 0.34 0.64 0.94 1.24 1.44 1.54 1.74 1.94 1.94 1.94 1.94 1.94 1.94 1.84 1.74 1.54 1.44 1.24 1.24 1.24 0.94 0.54 0.84 1.14 1.64 2.14 2.44 2.74 2.94 3.04 3.34 3.64 3.84 4.04 3.94 -1.56 -1.06 -0.66 0.14 0.94 -0.06 -0.96 -1.96 -2.86 -3.56 -4.26 -4.96 -5.66 -5.66 -5.56 -5.16 -4.76 -4.26 -3.86 -3.66 -3.46 -3.16 -2.86 -2.76 -2.66 -2.56 -2.36 -2.36 -2.36 -2.76 -3.16 -3.26 -3.46 -3.46 -3.46 -3.46 -3.46 -3.46 -3.36 -3.26 -3.16 -3.06 -2.96 -3.06 -3.16 -3.16 -3.26 -3.16 -3.16 -3.06 -2.86 -2.76 -2.46 -2.36 -2.06 -1.96 -1.76 -1.56 -1.26 -1.06 -0.76 -0.56 -0.16 0.24 0.74 0.94 1.14 1.24 1.44 1.14 0.94 0.54 0.04 -0.06 -0.26 -0.16 0.04 0.24 0.54 0.64 0.84 0.84 0.94 0.94 0.94 1.14 1.24 1.44 1.74 1.74 1.74 1.54 1.44 1.34 1.34 1.24 1.24 1.24 1.34 1.24 1.34 1.14 0.94 1.24 1.54 1.84 2.24 2.34 2.54 2.64 2.74 2.94 3.14 3.34 3.54 3.64 -2.56 -1.86 -1.26 -0.46 0.34 0.04 -0.16 -1.26 -2.36 -3.06 -3.66 -4.36 -5.06 -5.06 -4.96 -4.36 -3.76 -3.06 -2.46 -2.26 -2.06 -1.66 -1.26 -1.26 -1.16 -0.86 -0.56 -0.66 -0.76 -1.36 -2.06 -2.46 -2.86 -2.86 -2.76 -2.66 -2.56 -2.46 -2.36 -2.16 -2.06 -1.86 -1.76 -1.66 -1.66 -1.86 -2.06 -2.06 -2.06 -1.96 -1.96 -1.76 -1.56 -1.36 -1.16 -1.06 -0.86 -0.66 -0.46 -0.26 -0.06 0.34 0.74 1.24 1.84 1.94 2.04 2.14 2.14 1.94 1.64 0.94 0.24 0.04 -0.16 0.14 0.34 0.64 1.04 1.24 1.44 1.24 1.14 0.94 0.64 0.74 0.94 1.24 1.54 1.44 1.44 1.24 0.94 0.84 0.74 0.84 0.84 1.14 1.34 1.34 1.34 1.34 1.34 1.64 1.84 2.04 2.24 2.34 2.34 2.34 2.34 2.44 2.54 2.74 2.94 3.24 -2.76 -2.26 -1.86 -1.16 -0.46 -0.36 -0.26 -0.66 -1.06 -1.16 -1.26 -1.86 -2.46 -2.86 -3.16 -2.76 -2.36 -1.96 -1.66 -1.46 -1.36 -0.86 -0.36 -0.26 0.04 0.24 0.44 0.14 -0.16 -0.56 -0.96 -1.26 -1.46 -1.56 -1.66 -1.66 -1.46 -1.46 -1.36 -1.66 -1.96 -1.96 -2.06 -2.06 -1.96 -1.96 -1.96 -1.96 -1.96 -1.86 -1.76 -1.56 -1.36 -1.16 -0.96 -0.76 -0.56 -0.36 -0.16 0.04 0.34 0.84 1.34 1.74 2.24 2.24 2.34 2.24 2.04 1.84 1.54 1.14 0.64 0.54 0.44 0.54 0.74 0.84 1.04 1.04 1.14 0.94 0.84 0.74 0.74 0.84 1.04 1.04 1.14 1.24 1.24 1.14 1.14 1.04 1.04 1.04 1.14 1.24 1.34 1.44 1.64 1.64 1.84 1.84 1.94 1.94 1.94 1.84 1.84 1.84 1.94 2.14 2.44 2.64 2.84 3.04 -2.96 -2.66 -2.46 -1.86 -1.26 -0.86 -0.36 -0.16 0.14 0.64 1.14 0.54 0.04 -0.66 -1.36 -1.16 -0.96 -0.86 -0.86 -0.76 -0.66 -0.16 0.44 0.74 1.14 1.24 1.44 0.84 0.34 0.24 0.04 0.04 -0.06 -0.36 -0.66 -0.56 -0.46 -0.36 -0.36 -1.16 -1.86 -2.06 -2.36 -2.36 -2.36 -2.06 -1.86 -1.96 -1.96 -1.86 -1.66 -1.36 -1.16 -0.96 -0.76 -0.56 -0.26 -0.16 0.04 0.34 0.74 1.24 1.84 2.14 2.54 2.64 2.64 2.34 1.94 1.74 1.44 1.24 1.04 0.94 0.94 1.04 1.04 0.94 0.94 0.84 0.74 0.64 0.54 0.64 0.74 0.84 1.04 0.84 0.74 0.94 1.04 1.14 1.24 1.24 1.34 1.34 1.34 1.34 1.34 1.64 1.84 2.04 2.24 2.14 1.94 1.84 1.64 1.44 1.24 1.34 1.44 1.84 2.24 2.54 2.74 2.84 -3.16 -2.66 -2.26 -1.76 -1.26 -1.06 -0.76 -0.56 -0.26 0.44 1.14 0.84 0.64 0.14 -0.16 0.14 0.64 0.44 0.34 0.04 -0.26 0.34 0.84 1.14 1.54 1.44 1.44 0.84 0.24 0.04 -0.06 -0.16 -0.16 -0.16 -0.06 -0.16 -0.06 -0.06 -0.06 -0.46 -0.76 -0.96 -1.26 -1.36 -1.46 -1.56 -1.76 -1.96 -2.06 -2.16 -2.16 -1.96 -1.76 -1.46 -1.16 -0.96 -0.56 -0.26 0.04 0.34 0.74 0.74 0.84 0.94 1.14 1.24 1.34 1.14 0.94 0.84 0.84 0.94 1.04 1.14 1.24 1.14 1.04 0.84 0.74 0.64 0.54 0.54 0.64 0.54 0.64 0.54 0.54 0.34 0.14 0.34 0.54 0.84 1.24 1.24 1.34 1.24 1.24 1.24 1.34 1.44 1.54 1.64 1.74 1.64 1.54 1.34 1.14 1.04 0.94 1.04 1.14 1.44 1.74 2.04 2.34 2.54 -3.26 -2.66 -2.06 -1.66 -1.36 -1.26 -1.16 -0.96 -0.76 0.14 1.04 1.14 1.14 1.04 0.94 1.54 2.14 1.84 1.54 0.84 0.14 0.74 1.24 1.54 1.94 1.64 1.34 0.74 0.14 -0.06 -0.26 -0.26 -0.36 0.04 0.44 0.34 0.24 0.24 0.14 0.24 0.34 0.14 -0.16 -0.36 -0.56 -1.06 -1.66 -1.96 -2.26 -2.46 -2.66 -2.46 -2.36 -2.06 -1.66 -1.36 -0.96 -0.46 0.04 0.34 0.64 0.24 -0.16 -0.26 -0.36 -0.16 -0.06 -0.06 -0.06 0.04 0.24 0.64 1.04 1.24 1.44 1.24 1.04 0.74 0.44 0.44 0.34 0.44 0.64 0.54 0.44 0.14 -0.06 -0.26 -0.56 -0.26 0.04 0.64 1.24 1.24 1.24 1.14 1.14 1.24 1.24 1.24 1.14 1.24 1.24 1.14 1.04 0.84 0.64 0.64 0.54 0.64 0.74 0.94 1.24 1.54 1.84 2.24 -3.36 -2.66 -1.86 -1.46 -0.96 -0.86 -0.76 -0.86 -0.96 -0.56 -0.06 0.44 1.04 1.04 1.14 1.54 1.94 2.04 2.14 1.54 1.04 1.34 1.54 1.74 1.94 1.34 0.84 0.34 -0.16 -0.26 -0.36 -0.46 -0.46 -0.36 -0.16 0.04 0.24 0.44 0.74 0.84 0.94 0.64 0.34 0.24 0.14 -0.16 -0.46 -0.86 -1.16 -1.66 -2.06 -2.26 -2.46 -2.16 -1.76 -1.46 -1.16 -0.76 -0.36 -0.26 -0.16 -0.56 -0.96 -0.86 -0.76 -0.56 -0.36 -0.36 -0.26 -0.06 0.14 0.54 0.94 0.94 1.04 0.84 0.74 0.54 0.44 0.34 0.34 0.34 0.44 0.24 0.14 -0.06 -0.26 -0.46 -0.56 -0.36 -0.06 0.34 0.84 0.84 0.84 0.84 0.84 0.94 1.14 0.94 0.74 0.74 0.74 0.64 0.64 0.64 0.64 0.54 0.64 0.54 0.54 0.84 1.14 1.44 1.74 1.74 -3.46 -2.56 -1.76 -1.16 -0.66 -0.56 -0.36 -0.86 -1.26 -1.16 -1.16 -0.16 0.84 1.04 1.34 1.54 1.74 2.24 2.64 2.24 1.94 1.94 1.84 1.84 1.84 1.04 0.34 -0.06 -0.46 -0.56 -0.56 -0.56 -0.66 -0.66 -0.76 -0.26 0.14 0.74 1.34 1.44 1.44 1.14 0.74 0.74 0.74 0.74 0.64 0.34 -0.06 -0.86 -1.56 -2.06 -2.56 -2.26 -1.86 -1.66 -1.46 -1.16 -0.76 -0.86 -0.96 -1.36 -1.86 -1.56 -1.16 -0.96 -0.76 -0.66 -0.46 -0.26 0.04 0.44 0.74 0.74 0.64 0.54 0.34 0.34 0.34 0.34 0.34 0.24 0.14 -0.06 -0.26 -0.36 -0.46 -0.56 -0.66 -0.46 -0.16 0.14 0.44 0.44 0.44 0.54 0.54 0.74 0.94 0.64 0.24 0.24 0.14 0.24 0.24 0.34 0.54 0.54 0.64 0.44 0.34 0.64 0.94 1.24 1.54 1.24 -3.86 -3.06 -2.26 -1.66 -1.16 -0.56 0.04 -0.36 -0.66 -0.56 -0.46 0.04 0.64 0.74 0.94 1.14 1.44 2.24 3.04 2.84 2.74 2.44 2.24 1.94 1.64 0.74 -0.06 -0.36 -0.56 -0.56 -0.56 -0.56 -0.46 -0.36 -0.26 0.04 0.34 0.74 1.34 1.24 1.24 0.94 0.74 0.64 0.64 0.34 0.14 -0.36 -0.86 -1.56 -2.16 -2.26 -2.26 -1.96 -1.66 -1.46 -1.26 -1.16 -0.96 -1.06 -1.16 -1.26 -1.36 -1.16 -0.86 -0.66 -0.46 -0.56 -0.56 -0.56 -0.46 -0.36 -0.06 -0.16 -0.16 -0.26 -0.26 -0.16 0.04 0.14 0.24 0.14 0.14 -0.26 -0.46 -0.56 -0.46 -0.46 -0.36 -0.16 0.04 0.14 0.34 0.44 0.64 0.64 0.64 0.64 0.74 0.34 0.04 0.04 0.04 0.14 0.24 0.14 0.14 0.04 0.04 -0.16 -0.26 -0.16 -0.06 0.34 0.74 0.64 -4.36 -3.56 -2.76 -2.16 -1.66 -0.66 0.34 0.14 -0.06 0.04 0.14 0.34 0.44 0.54 0.54 0.84 1.14 2.24 3.34 3.44 3.54 3.04 2.54 1.94 1.44 0.44 -0.46 -0.66 -0.76 -0.66 -0.66 -0.56 -0.36 -0.06 0.24 0.34 0.44 0.84 1.24 1.14 1.04 0.84 0.64 0.64 0.54 0.04 -0.46 -1.06 -1.76 -2.26 -2.76 -2.46 -2.06 -1.76 -1.46 -1.36 -1.16 -1.16 -1.26 -1.26 -1.36 -1.16 -0.86 -0.76 -0.56 -0.36 -0.26 -0.46 -0.76 -0.96 -1.06 -1.06 -0.96 -1.06 -1.06 -0.96 -0.86 -0.56 -0.36 -0.16 0.14 0.04 0.04 -0.36 -0.76 -0.66 -0.56 -0.36 -0.06 0.04 0.14 0.24 0.24 0.54 0.74 0.74 0.64 0.64 0.54 0.14 -0.26 -0.16 -0.06 0.04 0.24 -0.06 -0.36 -0.46 -0.56 -0.76 -0.86 -0.96 -1.06 -0.56 -0.16 0.04 -5.26 -4.66 -4.26 -3.96 -3.66 -2.76 -1.96 -1.56 -1.16 -1.16 -1.16 -1.56 -1.96 -1.26 -0.56 0.14 0.94 2.04 3.34 3.44 3.64 3.04 2.44 1.74 1.14 0.24 -0.66 -0.76 -0.76 -0.66 -0.56 -0.56 -0.46 -0.26 -0.06 -0.06 -0.06 0.24 0.64 0.54 0.54 0.24 0.04 0.04 0.14 -0.26 -0.66 -1.26 -1.86 -2.06 -2.16 -1.96 -1.66 -1.46 -1.16 -1.26 -1.26 -1.26 -1.26 -1.16 -0.96 -0.76 -0.46 -0.56 -0.46 -0.46 -0.36 -0.66 -0.96 -1.26 -1.46 -1.56 -1.56 -1.66 -1.66 -1.46 -1.16 -0.96 -0.56 -0.46 -0.26 -0.56 -0.76 -0.96 -1.06 -0.96 -0.76 -0.56 -0.36 -0.16 0.04 0.14 0.24 0.54 0.84 0.64 0.54 0.34 0.24 0.14 0.04 0.04 0.14 -0.16 -0.36 -0.66 -0.86 -0.86 -0.76 -0.96 -1.06 -1.16 -1.26 -0.86 -0.36 -0.16 -6.06 -5.86 -5.66 -5.66 -5.66 -4.96 -4.26 -3.26 -2.26 -2.36 -2.46 -3.36 -4.36 -2.96 -1.66 -0.46 0.64 1.94 3.24 3.44 3.64 2.94 2.34 1.54 0.84 -0.06 -0.96 -0.96 -0.86 -0.66 -0.56 -0.66 -0.66 -0.56 -0.46 -0.46 -0.56 -0.36 -0.06 -0.06 -0.06 -0.26 -0.56 -0.46 -0.36 -0.66 -0.96 -1.46 -2.06 -1.86 -1.66 -1.56 -1.36 -1.06 -0.86 -1.16 -1.46 -1.36 -1.36 -0.96 -0.56 -0.36 -0.16 -0.36 -0.46 -0.46 -0.46 -0.76 -1.16 -1.56 -1.96 -2.06 -2.16 -2.26 -2.26 -1.96 -1.56 -1.26 -0.86 -0.86 -0.76 -1.16 -1.56 -1.46 -1.46 -1.26 -0.96 -0.86 -0.66 -0.36 -0.16 0.04 0.24 0.54 0.84 0.64 0.44 0.14 -0.16 0.14 0.34 0.24 0.24 -0.36 -1.06 -1.26 -1.46 -1.26 -0.96 -1.16 -1.36 -1.36 -1.46 -1.06 -0.66 -0.36 </TempDataArray>
    </BinaryData>
    <End xmlns="" EndString="7777"/>
</gribObject>
