<?xml version="1.0" encoding="UTF-8" standalone="yes"?>
<gribObject xmlns:xsi="http://www.w3.org/2001/XMLSchema-instance" xmlns:xsd="http://www.w3.org/2001/XMLSchema" xmlns="http://c4i.mlt/ICDU/schema" ForecastTime="2025-09-29T12:00:00.000Z" RunTime="2025-09-29T12:00:00.000Z" ParameterName="V component of wind" FileName="newsingapore">
    <Indicator xmlns="" GribHeader="GRIB" NumOfOctets="21" GribType="2"/>
    <ProductDefinition xmlns="" NumOfOctets="4" ParamTableVersion="2" OrigCenter="7" ProcessID="81" GridID="0" GDS_BDS_Flag="128" ParamAndUnits="132" LevelType="0" Level="300" ReferenceTime="29" Month="9" Day="29" Hour="12" Minute="0" ForecastTimeUnits="1" PeriodOfTime1="12" PeriodOfTime2="0" TimeRangeIndicator="1" NumInAverage="-2" NumMissingAverage="0" CenturyOfReference="21" SubcenterID="0" DecimalScaleFactor="1" Reserved1="0" Lat1="-11000" Lon1="91000" Lat2="-9500" Lon2="105375" Di="125" Dj="125"/>
    <GridDescription xmlns="" NumOfOctets="72" NV="0" PV="255" DataRepresentationType="0">
        <LatLonProjection Ni="116" Nj="13" Flags="128" ScanFlags="64" Reserved="0"/>
    </GridDescription>
    <BinaryData xmlns="" NumOfOctets="6032" FlagsAndUnused="12" BinaryScaleFactor="0" ReferenceValue="-92.852600" DatumPacked="1508" OptionalFlags="0">
        <TempDataArray>0.21 0.21 0.31 0.31 0.31 0.11 -0.09 -0.29 -0.49 -0.39 -0.29 -0.29 -0.19 -0.59 -0.99 -1.69 -2.49 -3.39 -4.29 -4.39 -4.39 -4.19 -4.09 -3.39 -2.59 -2.19 -1.79 -1.89 -1.89 -2.59 -3.39 -3.59 -3.79 -3.99 -4.19 -4.19 -4.09 -3.89 -3.69 -3.39 -3.09 -3.19 -3.29 -3.39 -3.59 -3.49 -3.39 -3.09 -2.79 -2.59 -2.39 -2.39 -2.39 -1.89 -1.39 -1.59 -1.79 -2.19 -2.69 -2.79 -2.89 -2.79 -2.79 -2.49 -2.19 -2.09 -1.89 -2.49 -3.19 -3.79 -4.49 -5.19 -5.89 -6.59 -7.29 -6.59 -5.99 -5.79 -5.49 -5.79 -5.99 -5.79 -5.59 -5.09 -4.49 -4.59 -4.69 -4.69 -4.59 -4.89 -5.19 -4.89 -4.59 -4.89 -5.29 -6.09 -6.99 -6.99 -6.89 -8.09 -9.29 -9.09 -8.79 -8.09 -7.29 -6.39 -5.49 -4.99 -4.39 -3.69 -2.99 -2.79 -2.59 -2.89 -3.09 -3.49 0.21 0.11 0.11 0.11 0.31 0.11 0.01 -0.19 -0.29 -0.19 0.01 0.11 0.21 -0.09 -0.39 -1.19 -1.89 -2.69 -3.39 -3.29 -3.09 -3.29 -3.39 -2.89 -2.39 -2.19 -1.89 -2.19 -2.39 -3.09 -3.69 -3.79 -3.79 -3.99 -3.99 -4.09 -3.99 -3.69 -3.39 -3.19 -2.89 -3.09 -3.29 -3.29 -3.29 -3.09 -2.89 -2.49 -2.09 -1.99 -1.89 -1.89 -1.79 -1.49 -1.19 -1.49 -1.79 -2.19 -2.59 -2.79 -2.99 -2.89 -2.69 -2.39 -1.99 -1.99 -1.99 -2.69 -3.39 -3.89 -4.49 -4.99 -5.49 -5.79 -6.09 -5.79 -5.49 -5.49 -5.49 -5.59 -5.69 -5.49 -5.29 -4.79 -4.19 -4.29 -4.29 -4.59 -4.99 -5.19 -5.49 -4.59 -3.69 -4.19 -4.59 -5.69 -6.89 -6.89 -6.89 -7.69 -8.39 -8.19 -7.79 -7.09 -6.39 -5.69 -4.99 -4.59 -4.09 -3.49 -2.79 -2.49 -2.19 -2.39 -2.59 -2.99 0.11 -0.09 -0.19 0.01 0.21 0.11 0.01 -0.09 -0.19 0.01 0.21 0.41 0.61 0.31 0.11 -0.59 -1.29 -1.99 -2.59 -2.29 -1.89 -2.29 -2.69 -2.49 -2.29 -2.19 -1.99 -2.49 -2.99 -3.49 -4.09 -3.99 -3.89 -3.89 -3.89 -3.99 -3.99 -3.59 -3.09 -2.99 -2.79 -3.09 -3.29 -3.19 -3.09 -2.79 -2.49 -1.99 -1.49 -1.39 -1.39 -1.29 -1.19 -1.09 -1.09 -1.39 -1.79 -2.09 -2.49 -2.89 -3.19 -2.89 -2.59 -2.29 -1.89 -1.99 -2.19 -2.89 -3.69 -3.99 -4.39 -4.69 -5.09 -4.99 -4.99 -4.99 -4.99 -5.19 -5.39 -5.49 -5.49 -5.29 -4.99 -4.49 -3.99 -3.99 -3.89 -4.59 -5.29 -5.59 -5.89 -4.39 -2.89 -3.39 -3.89 -5.29 -6.79 -6.89 -6.99 -7.29 -7.59 -7.29 -6.89 -6.19 -5.39 -4.99 -4.49 -4.19 -3.79 -3.19 -2.69 -2.29 -1.89 -1.99 -2.09 -2.59 0.31 0.11 0.01 0.21 0.41 0.31 0.31 0.11 0.01 0.01 0.21 0.11 0.11 0.01 0.01 -0.59 -1.19 -1.79 -2.29 -1.99 -1.59 -1.99 -2.29 -2.39 -2.39 -2.49 -2.59 -2.99 -3.39 -3.79 -4.09 -3.99 -3.89 -3.79 -3.59 -3.59 -3.59 -3.29 -2.99 -2.89 -2.79 -2.79 -2.79 -2.49 -2.19 -2.09 -1.89 -1.49 -0.99 -1.19 -1.39 -1.49 -1.49 -1.39 -1.29 -1.69 -2.19 -2.69 -3.19 -3.29 -3.39 -2.89 -2.29 -2.09 -1.79 -2.09 -2.39 -2.99 -3.69 -3.89 -4.09 -4.29 -4.39 -4.09 -3.79 -3.89 -3.99 -4.39 -4.79 -4.99 -5.19 -5.09 -4.99 -4.39 -3.59 -3.59 -3.49 -4.19 -4.89 -4.79 -4.79 -3.79 -2.89 -3.59 -4.19 -5.19 -6.19 -6.29 -6.29 -6.29 -6.19 -6.09 -5.99 -5.59 -5.29 -4.89 -4.49 -4.19 -3.79 -3.09 -2.39 -1.99 -1.59 -1.89 -2.09 -2.59 0.41 0.31 0.21 0.41 0.61 0.61 0.61 0.31 0.11 0.11 0.11 -0.19 -0.49 -0.29 -0.09 -0.59 -1.09 -1.59 -2.09 -1.69 -1.29 -1.59 -1.99 -2.19 -2.49 -2.79 -3.19 -3.49 -3.89 -3.99 -4.09 -4.09 -3.99 -3.69 -3.39 -3.29 -3.19 -3.09 -2.99 -2.89 -2.79 -2.59 -2.29 -1.89 -1.39 -1.39 -1.39 -0.89 -0.49 -0.89 -1.39 -1.59 -1.89 -1.69 -1.49 -1.99 -2.59 -3.29 -3.99 -3.79 -3.59 -2.79 -1.99 -1.89 -1.69 -2.09 -2.59 -3.09 -3.69 -3.79 -3.89 -3.79 -3.79 -3.19 -2.59 -2.79 -2.99 -3.59 -4.19 -4.59 -4.89 -4.99 -5.09 -4.19 -3.29 -3.29 -3.19 -3.79 -4.49 -4.09 -3.69 -3.29 -2.89 -3.69 -4.59 -5.09 -5.69 -5.69 -5.59 -5.19 -4.79 -4.89 -4.99 -5.09 -5.19 -4.89 -4.49 -4.19 -3.79 -2.99 -2.09 -1.69 -1.39 -1.79 -2.19 -2.69 0.61 0.41 0.21 0.21 0.31 0.21 0.11 -0.29 -0.59 -0.59 -0.49 -0.39 -0.29 -0.19 -0.09 -0.79 -1.39 -1.59 -1.79 -1.89 -1.89 -2.39 -2.79 -2.99 -3.19 -3.49 -3.89 -3.99 -4.09 -4.09 -4.09 -4.09 -3.99 -3.69 -3.29 -3.49 -3.69 -3.69 -3.79 -3.59 -3.39 -2.99 -2.59 -2.39 -2.09 -2.09 -1.99 -1.59 -1.09 -1.59 -1.99 -2.29 -2.59 -2.09 -1.59 -2.09 -2.49 -3.09 -3.69 -3.39 -3.09 -2.59 -1.99 -1.89 -1.69 -1.99 -2.29 -2.79 -3.19 -3.29 -3.29 -3.19 -2.99 -2.39 -1.79 -1.99 -2.29 -2.89 -3.59 -3.79 -3.99 -3.79 -3.59 -2.89 -2.09 -2.09 -1.99 -2.59 -3.19 -2.89 -2.59 -2.89 -3.09 -3.79 -4.49 -4.89 -5.09 -5.09 -4.99 -4.59 -4.09 -4.39 -4.59 -4.79 -4.99 -4.99 -4.99 -4.59 -4.09 -2.89 -1.69 -1.29 -0.89 -1.29 -1.69 -1.79 0.71 0.41 0.21 0.01 -0.09 -0.29 -0.39 -0.89 -1.29 -1.19 -1.09 -0.59 -0.09 -0.09 -0.09 -0.99 -1.79 -1.69 -1.49 -1.99 -2.59 -3.09 -3.59 -3.69 -3.89 -4.19 -4.59 -4.49 -4.29 -4.29 -4.19 -4.19 -4.09 -3.69 -3.29 -3.79 -4.19 -4.39 -4.59 -4.29 -3.99 -3.49 -2.99 -2.99 -2.89 -2.69 -2.59 -2.19 -1.79 -2.29 -2.69 -2.99 -3.29 -2.49 -1.79 -2.09 -2.49 -2.89 -3.39 -2.99 -2.59 -2.29 -1.99 -1.89 -1.79 -1.89 -2.09 -2.39 -2.69 -2.79 -2.79 -2.59 -2.29 -1.69 -0.99 -1.29 -1.59 -2.29 -2.99 -3.09 -3.09 -2.59 -2.09 -1.59 -0.99 -0.89 -0.89 -1.39 -1.89 -1.69 -1.59 -2.39 -3.29 -3.89 -4.49 -4.59 -4.59 -4.49 -4.39 -3.89 -3.39 -3.79 -4.19 -4.59 -4.89 -5.19 -5.49 -4.99 -4.39 -2.89 -1.29 -0.79 -0.39 -0.89 -1.29 -0.99 0.51 0.41 0.31 0.11 0.01 -0.19 -0.29 -0.59 -0.79 -0.59 -0.39 0.01 0.51 0.01 -0.29 -1.09 -1.79 -1.59 -1.39 -2.19 -2.99 -3.49 -4.09 -4.19 -4.19 -4.39 -4.69 -4.49 -4.29 -4.29 -4.29 -4.29 -4.19 -3.89 -3.49 -3.69 -3.79 -3.89 -3.89 -3.69 -3.29 -3.19 -3.09 -3.09 -3.09 -2.89 -2.59 -2.19 -1.69 -1.89 -2.09 -2.49 -2.79 -2.19 -1.69 -1.89 -2.09 -2.39 -2.59 -2.39 -1.99 -1.89 -1.79 -1.69 -1.59 -1.69 -1.79 -1.99 -2.09 -2.09 -1.99 -1.69 -1.39 -0.89 -0.39 -0.89 -1.39 -2.09 -2.69 -2.09 -1.39 -0.89 -0.29 -0.29 -0.19 -0.29 -0.49 -0.89 -1.19 -1.49 -1.79 -2.39 -2.99 -3.19 -3.49 -3.49 -3.39 -3.49 -3.49 -3.59 -3.59 -3.99 -4.29 -4.39 -4.49 -4.49 -4.49 -3.89 -3.29 -1.69 -0.09 0.31 0.81 0.41 0.01 -0.09 0.31 0.31 0.31 0.21 0.11 -0.09 -0.19 -0.29 -0.29 0.01 0.21 0.61 1.01 0.21 -0.59 -1.29 -1.89 -1.59 -1.29 -2.29 -3.39 -3.99 -4.59 -4.59 -4.49 -4.59 -4.79 -4.59 -4.29 -4.39 -4.49 -4.39 -4.29 -4.09 -3.79 -3.59 -3.49 -3.39 -3.29 -2.99 -2.69 -2.89 -3.19 -3.29 -3.39 -2.99 -2.59 -2.19 -1.69 -1.59 -1.59 -1.89 -2.29 -1.89 -1.59 -1.69 -1.79 -1.79 -1.89 -1.69 -1.49 -1.59 -1.59 -1.49 -1.49 -1.59 -1.59 -1.59 -1.49 -1.39 -1.19 -0.89 -0.59 -0.19 0.21 -0.49 -1.19 -1.89 -2.49 -1.19 0.21 0.81 1.41 1.01 0.61 0.31 -0.09 -0.29 -0.59 -1.29 -1.99 -2.39 -2.69 -2.59 -2.49 -2.29 -2.19 -2.39 -2.59 -3.29 -3.89 -4.19 -4.49 -4.29 -4.09 -3.79 -3.49 -2.89 -2.29 -0.59 1.11 1.51 1.91 1.61 1.31 0.81 0.11 0.21 0.31 0.11 0.01 -0.09 0.01 -0.09 -0.09 0.11 0.41 0.61 0.91 0.11 -0.59 -1.39 -1.99 -1.89 -1.79 -2.59 -3.39 -3.99 -4.69 -4.49 -4.29 -4.39 -4.59 -4.39 -4.09 -4.29 -4.49 -4.39 -4.19 -3.89 -3.49 -3.39 -3.19 -2.99 -2.79 -2.69 -2.59 -2.99 -3.29 -3.29 -3.19 -2.89 -2.59 -2.39 -2.19 -1.89 -1.69 -1.99 -2.19 -2.29 -2.39 -2.19 -2.09 -1.99 -1.89 -1.69 -1.39 -1.59 -1.59 -1.59 -1.59 -1.49 -1.29 -1.19 -0.99 -0.79 -0.59 -0.29 0.01 0.31 0.61 -0.29 -1.09 -1.99 -2.69 -1.69 -0.69 -0.19 0.31 0.41 0.51 0.01 -0.39 -0.49 -0.49 -1.39 -2.29 -2.39 -2.39 -1.99 -1.69 -1.29 -0.89 -1.29 -1.59 -1.49 -1.39 -1.59 -1.69 -1.89 -1.99 -2.29 -2.39 -2.39 -2.19 -0.59 1.11 1.61 2.31 1.81 1.41 1.11 -0.09 0.11 0.21 0.01 -0.19 -0.09 0.11 0.11 0.11 0.31 0.51 0.61 0.71 0.01 -0.69 -1.39 -2.19 -2.29 -2.39 -2.89 -3.39 -4.09 -4.79 -4.49 -4.09 -4.19 -4.39 -4.19 -3.89 -4.19 -4.49 -4.29 -4.09 -3.69 -3.29 -3.09 -2.89 -2.59 -2.29 -2.39 -2.49 -2.99 -3.49 -3.29 -2.99 -2.89 -2.69 -2.69 -2.69 -2.29 -1.79 -1.99 -2.19 -2.69 -3.19 -2.79 -2.39 -2.09 -1.89 -1.69 -1.39 -1.59 -1.69 -1.69 -1.69 -1.39 -1.09 -0.79 -0.49 -0.29 -0.09 0.21 0.61 0.81 0.91 -0.09 -1.09 -2.09 -2.99 -2.29 -1.59 -1.19 -0.79 -0.19 0.41 -0.19 -0.79 -0.59 -0.39 -1.59 -2.69 -2.39 -2.09 -1.49 -0.89 -0.29 0.31 -0.09 -0.59 0.21 1.11 1.11 1.11 0.61 0.01 -0.69 -1.39 -1.79 -2.19 -0.59 1.01 1.81 2.61 2.11 1.51 1.41 -0.19 -0.29 -0.29 -0.69 -0.89 -0.39 0.11 0.21 0.21 0.61 1.11 0.71 0.41 -0.29 -0.99 -1.69 -2.39 -2.49 -2.59 -2.89 -3.19 -3.79 -4.39 -4.19 -3.89 -4.09 -4.29 -4.09 -3.99 -4.09 -4.19 -3.99 -3.69 -3.39 -3.09 -2.99 -2.89 -2.69 -2.49 -2.59 -2.69 -3.19 -3.59 -3.29 -2.99 -2.99 -2.79 -2.89 -2.89 -2.59 -2.19 -2.39 -2.49 -2.89 -3.29 -2.89 -2.39 -2.29 -1.99 -1.79 -1.49 -1.69 -1.79 -1.69 -1.49 -1.19 -0.79 -0.49 -0.19 -0.19 0.01 0.21 0.41 0.31 0.31 -0.19 -0.59 -1.59 -2.39 -2.19 -1.79 -2.09 -2.19 -1.39 -0.49 -1.09 -1.59 -1.39 -1.19 -1.99 -2.79 -2.19 -1.59 -0.99 -0.49 0.11 0.81 0.01 -0.69 0.51 1.81 2.21 2.71 2.01 1.41 0.21 -0.89 -1.29 -1.69 -0.39 0.91 1.61 2.41 1.91 1.51 1.51 -0.29 -0.59 -0.89 -1.29 -1.69 -0.79 0.11 0.21 0.31 1.01 1.61 0.81 0.11 -0.59 -1.29 -1.89 -2.59 -2.69 -2.89 -2.99 -2.99 -3.49 -3.99 -3.89 -3.79 -3.99 -4.19 -4.09 -4.09 -3.99 -3.89 -3.59 -3.29 -3.19 -2.99 -2.99 -2.89 -2.89 -2.79 -2.89 -2.99 -3.29 -3.69 -3.39 -3.09 -2.99 -2.99 -3.09 -3.19 -2.99 -2.69 -2.79 -2.79 -3.09 -3.49 -2.99 -2.49 -2.39 -2.19 -1.99 -1.69 -1.79 -1.89 -1.69 -1.39 -0.99 -0.49 -0.19 0.01 0.01 0.01 0.11 0.21 -0.09 -0.29 -0.19 -0.19 -0.99 -1.89 -1.99 -2.09 -2.89 -3.69 -2.59 -1.49 -1.89 -2.39 -2.19 -1.99 -2.49 -2.89 -1.99 -1.09 -0.59 -0.09 0.61 1.21 0.11 -0.89 0.81 2.51 3.41 4.31 3.51 2.71 1.11 -0.39 -0.79 -1.19 -0.29 0.71 1.41 2.21 1.81 1.41 1.71 </TempDataArray>
    </BinaryData>
    <End xmlns="" EndString="7777"/>
</gribObject>
