<?xml version="1.0" encoding="UTF-8" standalone="yes"?>
<gribObject xmlns:xsi="http://www.w3.org/2001/XMLSchema-instance" xmlns:xsd="http://www.w3.org/2001/XMLSchema" xmlns="http://c4i.mlt/ICDU/schema" ForecastTime="2025-09-25T12:00:00.000Z" RunTime="2025-09-25T12:00:00.000Z" ParameterName="V component of wind" FileName="newsingapore">
    <Indicator xmlns="" GribHeader="GRIB" NumOfOctets="21" GribType="2"/>
    <ProductDefinition xmlns="" NumOfOctets="4" ParamTableVersion="2" OrigCenter="7" ProcessID="81" GridID="36" GDS_BDS_Flag="128" ParamAndUnits="132" LevelType="0" Level="200" ReferenceTime="25" Month="9" Day="25" Hour="12" Minute="0" ForecastTimeUnits="1" PeriodOfTime1="12" PeriodOfTime2="0" TimeRangeIndicator="1" NumInAverage="-1" NumMissingAverage="0" CenturyOfReference="21" SubcenterID="0" DecimalScaleFactor="2" Reserved1="0" Lat1="-11000" Lon1="91000" Lat2="-9500" Lon2="105375" Di="125" Dj="125"/>
    <GridDescription xmlns="" NumOfOctets="72" NV="0" PV="255" DataRepresentationType="0">
        <LatLonProjection Ni="116" Nj="13" Flags="128" ScanFlags="64" Reserved="0"/>
    </GridDescription>
    <BinaryData xmlns="" NumOfOctets="6032" FlagsAndUnused="12" BinaryScaleFactor="0" ReferenceValue="-516.386719" DatumPacked="1508" OptionalFlags="0">
        <TempDataArray>-1.18 -0.94 -0.70 -0.76 -0.81 -0.72 -0.64 -0.62 -0.60 -0.61 -0.62 -0.91 -1.20 -1.60 -1.99 -2.33 -2.67 -3.06 -3.45 -3.37 -3.29 -2.92 -2.56 -2.68 -2.81 -2.89 -2.97 -2.80 -2.64 -2.09 -1.54 -0.94 -0.35 -0.20 -0.04 -0.08 -0.12 -0.17 -0.22 -0.42 -0.61 -0.63 -0.65 -0.64 -0.63 -0.55 -0.48 -0.66 -0.83 -0.95 -1.08 -1.28 -1.48 -1.48 -1.48 -1.64 -1.79 -1.95 -2.10 -2.17 -2.24 -2.19 -2.15 -2.01 -1.88 -1.66 -1.45 -1.19 -0.93 -0.77 -0.60 -0.45 -0.29 -0.22 -0.15 -0.55 -0.95 -1.29 -1.62 -1.68 -1.73 -1.74 -1.75 -1.88 -2.00 -2.02 -2.03 -1.83 -1.62 -1.29 -0.95 -0.91 -0.86 -0.93 -0.99 -1.22 -1.46 -1.55 -1.64 -1.74 -1.83 -1.73 -1.62 -1.22 -0.81 -0.59 -0.36 -0.28 -0.20 -0.27 -0.34 -0.64 -0.95 -1.18 -1.40 -1.49 -1.41 -1.14 -0.86 -0.71 -0.56 -0.46 -0.36 -0.45 -0.55 -0.43 -0.31 -0.53 -0.74 -1.11 -1.48 -1.89 -2.30 -2.71 -3.11 -3.26 -3.39 -3.23 -3.07 -3.05 -3.03 -3.01 -2.99 -2.80 -2.60 -2.10 -1.60 -0.96 -0.32 0.02 0.37 0.33 0.30 0.27 0.25 0.07 -0.11 -0.19 -0.26 -0.33 -0.40 -0.31 -0.21 -0.35 -0.48 -0.58 -0.68 -0.85 -1.01 -1.11 -1.21 -1.27 -1.31 -1.46 -1.60 -1.68 -1.76 -1.74 -1.72 -1.68 -1.63 -1.52 -1.41 -1.15 -0.88 -0.74 -0.58 -0.56 -0.53 -0.47 -0.41 -0.65 -0.88 -1.14 -1.40 -1.48 -1.56 -1.55 -1.53 -1.67 -1.79 -1.92 -2.05 -1.85 -1.64 -1.26 -0.87 -0.88 -0.89 -1.04 -1.19 -1.38 -1.57 -1.67 -1.76 -1.87 -1.97 -1.92 -1.86 -1.58 -1.30 -1.09 -0.87 -0.78 -0.68 -0.66 -0.64 -0.73 -0.81 -0.86 -0.91 -0.93 -1.65 -1.33 -1.02 -0.67 -0.31 -0.19 -0.08 -0.29 -0.50 -0.25 -0.00 -0.15 -0.29 -0.63 -0.97 -1.45 -1.93 -2.36 -2.78 -3.14 -3.50 -3.54 -3.58 -3.42 -3.26 -3.13 -3.01 -2.79 -2.57 -2.11 -1.66 -0.97 -0.29 0.24 0.78 0.74 0.71 0.71 0.72 0.55 0.38 0.25 0.13 -0.02 -0.18 -0.06 0.06 -0.04 -0.14 -0.21 -0.29 -0.41 -0.54 -0.74 -0.95 -0.90 -0.84 -0.97 -1.11 -1.19 -1.28 -1.29 -1.30 -1.35 -1.39 -1.38 -1.37 -1.11 -0.84 -0.71 -0.57 -0.67 -0.77 -0.73 -0.68 -0.75 -0.81 -1.00 -1.18 -1.29 -1.39 -1.36 -1.32 -1.46 -1.59 -1.83 -2.07 -1.87 -1.66 -1.23 -0.79 -0.86 -0.92 -1.16 -1.39 -1.54 -1.69 -1.79 -1.89 -2.01 -2.12 -2.11 -2.10 -1.95 -1.79 -1.59 -1.38 -1.28 -1.17 -1.06 -0.94 -0.81 -0.67 -0.54 -0.42 -0.36 -1.87 -1.52 -1.17 -0.80 -0.43 -0.49 -0.54 -0.66 -0.77 -0.63 -0.49 -0.47 -0.44 -0.62 -0.80 -1.23 -1.66 -2.12 -2.56 -3.03 -3.49 -3.48 -3.47 -3.38 -3.29 -3.08 -2.86 -2.54 -2.21 -1.89 -1.57 -0.92 -0.28 0.33 0.95 0.92 0.89 0.88 0.88 0.75 0.62 0.50 0.39 0.28 0.18 0.30 0.44 0.37 0.30 0.23 0.16 0.12 0.08 -0.09 -0.26 -0.20 -0.13 -0.27 -0.42 -0.56 -0.71 -0.77 -0.83 -0.96 -1.09 -1.13 -1.15 -0.94 -0.72 -0.57 -0.41 -0.48 -0.55 -0.51 -0.47 -0.52 -0.56 -0.71 -0.84 -0.92 -1.00 -0.95 -0.89 -1.10 -1.30 -1.57 -1.83 -1.68 -1.52 -1.21 -0.90 -1.08 -1.26 -1.37 -1.47 -1.48 -1.48 -1.50 -1.52 -1.59 -1.64 -1.67 -1.69 -1.53 -1.35 -1.17 -0.98 -0.92 -0.84 -0.71 -0.57 -0.41 -0.25 -0.32 -0.38 -0.28 -2.09 -1.71 -1.32 -0.94 -0.56 -0.78 -1.00 -1.03 -1.05 -1.02 -0.99 -0.79 -0.59 -0.61 -0.63 -1.02 -1.40 -1.88 -2.35 -2.92 -3.49 -3.43 -3.36 -3.34 -3.33 -3.02 -2.72 -2.28 -1.85 -1.66 -1.48 -0.87 -0.27 0.42 1.11 1.09 1.07 1.05 1.04 0.94 0.85 0.74 0.64 0.58 0.53 0.67 0.81 0.78 0.74 0.67 0.60 0.65 0.70 0.56 0.42 0.50 0.58 0.43 0.27 0.06 -0.14 -0.25 -0.36 -0.58 -0.80 -0.87 -0.94 -0.77 -0.60 -0.43 -0.26 -0.30 -0.33 -0.29 -0.26 -0.29 -0.32 -0.42 -0.51 -0.56 -0.61 -0.54 -0.46 -0.74 -1.02 -1.31 -1.60 -1.49 -1.39 -1.20 -1.01 -1.31 -1.60 -1.58 -1.55 -1.41 -1.27 -1.21 -1.16 -1.16 -1.17 -1.23 -1.29 -1.11 -0.92 -0.76 -0.59 -0.56 -0.52 -0.36 -0.20 -0.02 0.16 -0.10 -0.35 -0.21 -2.11 -1.93 -1.75 -1.48 -1.21 -1.24 -1.26 -1.12 -0.97 -1.24 -1.51 -1.51 -1.50 -1.52 -1.53 -1.60 -1.66 -1.94 -2.21 -2.60 -2.99 -3.02 -3.05 -3.04 -3.04 -2.78 -2.52 -2.20 -1.88 -1.71 -1.53 -1.05 -0.56 0.14 0.84 0.92 1.00 0.92 0.84 0.85 0.88 0.79 0.70 0.72 0.74 0.91 1.08 1.10 1.13 1.00 0.87 0.91 0.96 0.89 0.82 0.68 0.54 0.28 0.02 -0.24 -0.49 -0.42 -0.35 -0.33 -0.31 -0.43 -0.54 -0.35 -0.15 -0.04 0.08 -0.05 -0.17 -0.29 -0.41 -0.63 -0.85 -0.89 -0.93 -0.85 -0.76 -0.60 -0.43 -0.75 -1.07 -1.23 -1.39 -1.31 -1.23 -1.22 -1.21 -1.46 -1.70 -1.67 -1.62 -1.37 -1.11 -1.04 -0.98 -0.99 -1.00 -1.05 -1.08 -0.98 -0.87 -0.70 -0.52 -0.56 -0.60 -0.52 -0.43 -0.23 -0.03 -0.09 -0.14 0.13 -2.13 -2.16 -2.19 -2.03 -1.87 -1.70 -1.53 -1.21 -0.89 -1.46 -2.03 -2.22 -2.42 -2.43 -2.44 -2.19 -1.93 -2.00 -2.07 -2.28 -2.49 -2.62 -2.74 -2.74 -2.75 -2.53 -2.32 -2.11 -1.91 -1.75 -1.59 -1.23 -0.86 -0.15 0.56 0.75 0.93 0.78 0.63 0.77 0.90 0.83 0.76 0.85 0.94 1.14 1.35 1.43 1.51 1.32 1.14 1.18 1.21 1.21 1.21 0.86 0.50 0.13 -0.23 -0.54 -0.84 -0.59 -0.34 -0.08 0.17 0.01 -0.14 0.07 0.29 0.35 0.41 0.19 -0.02 -0.29 -0.56 -0.97 -1.38 -1.37 -1.35 -1.14 -0.92 -0.66 -0.40 -0.77 -1.13 -1.16 -1.19 -1.13 -1.08 -1.25 -1.42 -1.62 -1.81 -1.76 -1.70 -1.33 -0.95 -0.87 -0.80 -0.82 -0.84 -0.86 -0.88 -0.86 -0.83 -0.65 -0.46 -0.57 -0.68 -0.67 -0.66 -0.44 -0.22 -0.08 0.07 0.47 -2.12 -2.30 -2.47 -2.43 -2.39 -2.14 -1.88 -1.89 -1.89 -2.53 -3.16 -3.01 -2.87 -2.74 -2.61 -2.42 -2.22 -2.20 -2.17 -2.47 -2.76 -2.82 -2.86 -2.50 -2.13 -1.86 -1.59 -1.59 -1.57 -1.40 -1.23 -0.86 -0.49 -0.00 0.50 0.77 1.05 0.97 0.89 0.92 0.96 0.98 1.00 1.20 1.41 1.52 1.65 1.69 1.73 1.55 1.37 1.53 1.70 1.62 1.55 1.07 0.60 0.06 -0.46 -0.68 -0.88 -0.60 -0.32 -0.10 0.12 -0.01 -0.13 -0.05 0.03 -0.05 -0.12 -0.25 -0.37 -0.63 -0.89 -1.25 -1.61 -1.56 -1.50 -1.40 -1.30 -1.19 -1.07 -1.33 -1.58 -1.70 -1.82 -1.80 -1.78 -1.67 -1.56 -1.60 -1.64 -1.65 -1.65 -1.47 -1.28 -1.26 -1.24 -1.33 -1.42 -1.46 -1.50 -1.42 -1.32 -1.09 -0.84 -0.77 -0.70 -0.67 -0.64 -0.54 -0.43 -0.18 0.09 0.31 -2.12 -2.44 -2.75 -2.83 -2.92 -2.57 -2.23 -2.57 -2.90 -3.60 -4.29 -3.80 -3.32 -3.05 -2.78 -2.64 -2.51 -2.39 -2.27 -2.66 -3.04 -3.02 -2.99 -2.25 -1.51 -1.19 -0.87 -1.06 -1.24 -1.06 -0.88 -0.50 -0.12 0.16 0.43 0.80 1.16 1.15 1.14 1.08 1.02 1.13 1.24 1.55 1.87 1.90 1.94 1.94 1.95 1.77 1.59 1.89 2.19 2.04 1.88 1.29 0.69 -0.01 -0.70 -0.82 -0.93 -0.62 -0.31 -0.12 0.07 -0.03 -0.13 -0.18 -0.23 -0.45 -0.66 -0.70 -0.73 -0.98 -1.22 -1.53 -1.84 -1.75 -1.65 -1.67 -1.68 -1.72 -1.75 -1.90 -2.04 -2.25 -2.46 -2.48 -2.49 -2.10 -1.70 -1.59 -1.48 -1.54 -1.60 -1.61 -1.61 -1.65 -1.68 -1.84 -2.00 -2.07 -2.13 -1.98 -1.82 -1.53 -1.23 -0.98 -0.72 -0.67 -0.62 -0.63 -0.65 -0.27 0.10 0.15 -2.34 -2.55 -2.75 -2.80 -2.84 -2.80 -2.77 -3.20 -3.62 -4.09 -4.54 -4.16 -3.78 -3.50 -3.22 -3.17 -3.13 -2.96 -2.78 -3.05 -3.32 -3.27 -3.21 -2.63 -2.05 -1.58 -1.10 -1.15 -1.20 -1.15 -1.09 -0.68 -0.26 -0.18 -0.09 0.17 0.43 0.66 0.89 1.10 1.31 1.45 1.59 1.74 1.90 1.77 1.65 1.70 1.76 1.72 1.69 2.14 2.60 2.27 1.95 1.22 0.50 -0.17 -0.84 -0.87 -0.90 -0.59 -0.28 -0.13 0.03 -0.05 -0.12 -0.23 -0.33 -0.51 -0.68 -0.68 -0.67 -0.96 -1.23 -1.59 -1.94 -1.95 -1.95 -2.03 -2.10 -2.16 -2.22 -2.25 -2.28 -2.44 -2.60 -2.66 -2.71 -2.46 -2.21 -2.15 -2.08 -1.99 -1.90 -1.89 -1.86 -1.68 -1.49 -1.70 -1.91 -2.18 -2.44 -2.38 -2.31 -2.15 -1.98 -1.68 -1.39 -1.11 -0.82 -0.83 -0.84 -0.58 -0.32 -0.46 -2.57 -2.66 -2.75 -2.76 -2.76 -3.03 -3.31 -3.83 -4.35 -4.57 -4.80 -4.52 -4.25 -3.95 -3.66 -3.70 -3.75 -3.52 -3.29 -3.45 -3.60 -3.52 -3.43 -3.01 -2.59 -1.96 -1.34 -1.25 -1.16 -1.23 -1.30 -0.86 -0.41 -0.51 -0.62 -0.46 -0.30 0.17 0.64 1.12 1.59 1.77 1.94 1.93 1.92 1.63 1.35 1.45 1.56 1.67 1.79 2.40 3.00 2.51 2.01 1.16 0.31 -0.34 -0.99 -0.93 -0.87 -0.56 -0.26 -0.14 -0.02 -0.07 -0.12 -0.28 -0.43 -0.57 -0.71 -0.67 -0.62 -0.94 -1.25 -1.65 -2.05 -2.15 -2.25 -2.39 -2.52 -2.61 -2.70 -2.61 -2.52 -2.63 -2.74 -2.84 -2.94 -2.83 -2.73 -2.70 -2.68 -2.45 -2.21 -2.17 -2.12 -1.71 -1.30 -1.57 -1.83 -2.29 -2.75 -2.78 -2.81 -2.77 -2.73 -2.39 -2.06 -1.54 -1.02 -1.03 -1.03 -0.89 -0.74 -1.07 -3.17 -3.25 -3.33 -3.42 -3.51 -3.87 -4.23 -4.49 -4.74 -4.75 -4.75 -4.53 -4.32 -4.17 -4.02 -3.81 -3.59 -3.52 -3.46 -3.67 -3.88 -3.78 -3.67 -3.43 -3.19 -2.72 -2.24 -1.76 -1.27 -1.39 -1.50 -1.21 -0.92 -1.02 -1.11 -1.01 -0.90 -0.13 0.65 1.13 1.61 1.65 1.69 1.54 1.41 1.06 0.72 0.98 1.25 1.46 1.68 2.27 2.86 2.23 1.60 0.84 0.08 -0.35 -0.78 -0.82 -0.85 -0.61 -0.35 -0.16 0.04 -0.04 -0.12 -0.25 -0.38 -0.60 -0.81 -0.80 -0.79 -1.10 -1.40 -1.72 -2.04 -2.17 -2.29 -2.58 -2.86 -2.98 -3.10 -2.78 -2.45 -2.31 -2.16 -2.22 -2.28 -2.20 -2.11 -2.21 -2.30 -2.45 -2.59 -2.83 -3.08 -2.58 -2.07 -2.13 -2.17 -2.52 -2.86 -3.15 -3.43 -3.51 -3.58 -3.24 -2.90 -2.45 -2.00 -2.18 -2.35 -2.38 -2.39 -2.53 -3.77 -3.84 -3.91 -4.09 -4.27 -4.71 -5.16 -5.15 -5.14 -4.92 -4.69 -4.54 -4.39 -4.39 -4.39 -3.91 -3.43 -3.53 -3.63 -3.89 -4.15 -4.04 -3.92 -3.86 -3.80 -3.47 -3.15 -2.27 -1.39 -1.55 -1.71 -1.57 -1.43 -1.52 -1.61 -1.55 -1.50 -0.42 0.66 1.14 1.62 1.53 1.43 1.16 0.89 0.48 0.08 0.51 0.94 1.25 1.56 2.14 2.72 1.95 1.18 0.51 -0.16 -0.36 -0.57 -0.71 -0.84 -0.65 -0.45 -0.18 0.09 -0.01 -0.12 -0.23 -0.33 -0.63 -0.92 -0.94 -0.96 -1.26 -1.56 -1.79 -2.03 -2.18 -2.33 -2.77 -3.20 -3.35 -3.50 -2.94 -2.38 -1.98 -1.58 -1.61 -1.63 -1.57 -1.50 -1.71 -1.92 -2.45 -2.97 -3.50 -4.03 -3.44 -2.85 -2.69 -2.52 -2.75 -2.98 -3.52 -4.05 -4.24 -4.43 -4.09 -3.75 -3.37 -2.99 -3.34 -3.68 -3.87 -4.05 -4.00 </TempDataArray>
    </BinaryData>
    <End xmlns="" EndString="7777"/>
</gribObject>
