<?xml version="1.0" encoding="UTF-8" standalone="yes"?>
<gribObject xmlns:xsi="http://www.w3.org/2001/XMLSchema-instance" xmlns:xsd="http://www.w3.org/2001/XMLSchema" xmlns="http://c4i.mlt/ICDU/schema" ForecastTime="2025-09-25T12:00:00.000Z" RunTime="2025-09-25T12:00:00.000Z" ParameterName="V component of wind" FileName="newsingapore">
    <Indicator xmlns="" GribHeader="GRIB" NumOfOctets="21" GribType="2"/>
    <ProductDefinition xmlns="" NumOfOctets="4" ParamTableVersion="2" OrigCenter="7" ProcessID="81" GridID="36" GDS_BDS_Flag="128" ParamAndUnits="132" LevelType="0" Level="100" ReferenceTime="25" Month="9" Day="25" Hour="12" Minute="0" ForecastTimeUnits="1" PeriodOfTime1="12" PeriodOfTime2="0" TimeRangeIndicator="1" NumInAverage="2" NumMissingAverage="0" CenturyOfReference="21" SubcenterID="0" DecimalScaleFactor="2" Reserved1="0" Lat1="-11000" Lon1="91000" Lat2="-9500" Lon2="105375" Di="125" Dj="125"/>
    <GridDescription xmlns="" NumOfOctets="72" NV="0" PV="255" DataRepresentationType="0">
        <LatLonProjection Ni="116" Nj="13" Flags="128" ScanFlags="64" Reserved="0"/>
    </GridDescription>
    <BinaryData xmlns="" NumOfOctets="6032" FlagsAndUnused="12" BinaryScaleFactor="0" ReferenceValue="-300.693848" DatumPacked="1508" OptionalFlags="0">
        <TempDataArray>0.85 0.56 0.27 0.16 0.05 0.06 0.07 -0.32 -0.71 -0.95 -1.19 -1.28 -1.37 -1.37 -1.38 -1.38 -1.37 -1.37 -1.36 -1.43 -1.50 -1.45 -1.40 -1.20 -1.01 -0.61 -0.21 -0.36 -0.50 -0.79 -1.07 -1.22 -1.36 -1.21 -1.06 -1.38 -1.70 -1.68 -1.66 -0.98 -0.30 -0.80 -1.30 -1.76 -2.21 -1.68 -1.16 -0.45 0.27 0.27 0.28 0.53 0.78 0.99 1.20 1.35 1.49 2.17 2.84 3.23 3.62 3.90 4.18 4.10 4.01 4.17 4.33 4.50 4.68 4.58 4.49 4.53 4.57 4.87 5.16 5.87 6.59 7.10 7.61 7.76 7.91 7.92 7.93 7.87 7.81 7.56 7.32 7.05 6.78 6.65 6.53 6.27 6.01 6.00 5.99 6.11 6.24 6.26 6.29 6.32 6.35 6.31 6.27 5.82 5.37 5.21 5.05 5.08 5.11 4.94 4.78 4.56 4.34 4.42 4.50 4.41 0.99 0.82 0.66 0.49 0.32 0.00 -0.31 -0.86 -1.41 -1.58 -1.75 -1.68 -1.60 -1.53 -1.46 -1.58 -1.69 -1.69 -1.67 -1.66 -1.64 -1.53 -1.41 -1.29 -1.16 -0.97 -0.77 -0.78 -0.78 -0.96 -1.14 -1.42 -1.69 -1.55 -1.41 -1.38 -1.35 -1.11 -0.87 -0.43 0.02 -0.59 -1.18 -1.67 -2.15 -1.55 -0.95 -0.50 -0.05 -0.05 -0.03 0.23 0.51 0.64 0.77 0.94 1.12 1.75 2.39 2.70 3.00 3.48 3.96 4.03 4.11 4.02 3.93 4.02 4.10 3.94 3.78 3.76 3.75 3.97 4.21 4.71 5.22 5.68 6.14 6.55 6.97 7.36 7.75 7.84 7.94 7.56 7.19 6.80 6.42 6.16 5.92 5.66 5.41 5.45 5.51 5.66 5.82 5.90 6.00 6.07 6.15 6.10 6.06 5.62 5.19 4.94 4.70 4.74 4.79 4.76 4.73 4.70 4.67 4.79 4.91 4.80 1.12 1.08 1.05 0.81 0.58 -0.06 -0.70 -1.40 -2.11 -2.21 -2.32 -2.08 -1.83 -1.68 -1.54 -1.78 -2.02 -2.01 -1.99 -1.89 -1.78 -1.60 -1.43 -1.37 -1.31 -1.32 -1.33 -1.20 -1.06 -1.14 -1.22 -1.63 -2.03 -1.90 -1.76 -1.38 -1.00 -0.54 -0.08 0.13 0.33 -0.37 -1.07 -1.58 -2.10 -1.42 -0.74 -0.56 -0.38 -0.37 -0.35 -0.06 0.23 0.28 0.34 0.54 0.74 1.34 1.94 2.16 2.38 3.06 3.74 3.97 4.20 3.87 3.53 3.53 3.52 3.29 3.06 2.99 2.92 3.08 3.25 3.55 3.85 4.26 4.67 5.35 6.02 6.79 7.57 7.81 8.06 7.56 7.06 6.55 6.05 5.67 5.30 5.05 4.80 4.91 5.02 5.20 5.39 5.54 5.70 5.82 5.95 5.90 5.85 5.43 5.01 4.68 4.35 4.40 4.46 4.57 4.68 4.84 5.00 5.15 5.31 5.19 1.26 1.08 0.91 0.55 0.20 -0.35 -0.89 -1.56 -2.22 -2.30 -2.38 -2.00 -1.62 -1.66 -1.69 -1.91 -2.12 -1.98 -1.83 -1.74 -1.64 -1.83 -2.02 -1.91 -1.80 -1.68 -1.56 -1.48 -1.39 -1.47 -1.55 -1.94 -2.31 -2.28 -2.25 -1.80 -1.35 -0.73 -0.10 0.27 0.64 0.16 -0.31 -0.83 -1.35 -1.00 -0.65 -0.49 -0.33 -0.32 -0.30 -0.15 0.00 0.03 0.06 0.32 0.58 1.15 1.72 2.10 2.48 2.99 3.50 3.79 4.08 3.86 3.65 3.49 3.33 3.31 3.29 3.32 3.36 3.56 3.76 3.91 4.06 4.26 4.47 5.03 5.60 6.31 7.03 7.15 7.27 6.89 6.51 6.15 5.79 5.50 5.21 5.08 4.95 5.03 5.12 5.17 5.23 5.42 5.61 5.76 5.91 5.91 5.91 5.66 5.43 5.17 4.93 5.02 5.11 5.15 5.19 5.18 5.17 5.06 4.95 4.82 1.40 1.08 0.76 0.29 -0.19 -0.63 -1.08 -1.71 -2.34 -2.39 -2.45 -1.93 -1.41 -1.63 -1.85 -2.04 -2.23 -1.95 -1.68 -1.59 -1.50 -2.05 -2.60 -2.45 -2.30 -2.05 -1.80 -1.76 -1.71 -1.80 -1.89 -2.25 -2.60 -2.67 -2.73 -2.22 -1.71 -0.92 -0.12 0.41 0.95 0.70 0.44 -0.08 -0.61 -0.59 -0.57 -0.43 -0.28 -0.27 -0.25 -0.24 -0.23 -0.22 -0.22 0.10 0.41 0.95 1.50 2.04 2.58 2.92 3.26 3.61 3.95 3.86 3.76 3.45 3.14 3.33 3.52 3.66 3.80 4.03 4.26 4.26 4.27 4.27 4.26 4.72 5.18 5.83 6.48 6.48 6.48 6.22 5.96 5.74 5.53 5.32 5.12 5.10 5.09 5.15 5.21 5.14 5.07 5.29 5.51 5.69 5.87 5.91 5.96 5.90 5.84 5.67 5.50 5.63 5.76 5.72 5.69 5.51 5.34 4.96 4.59 4.45 1.22 0.89 0.56 0.19 -0.17 -0.72 -1.27 -1.72 -2.16 -2.26 -2.35 -1.95 -1.54 -1.58 -1.61 -1.83 -2.05 -1.88 -1.71 -1.67 -1.63 -2.22 -2.80 -2.64 -2.48 -2.19 -1.91 -1.85 -1.79 -1.74 -1.67 -1.82 -1.96 -2.14 -2.31 -2.14 -1.95 -1.29 -0.61 -0.03 0.55 0.46 0.37 -0.08 -0.53 -0.70 -0.86 -0.84 -0.81 -0.78 -0.74 -0.69 -0.63 -0.65 -0.67 -0.26 0.14 0.64 1.13 1.71 2.30 2.69 3.09 3.41 3.74 3.77 3.80 3.67 3.55 3.68 3.82 3.91 4.00 4.21 4.42 4.56 4.71 4.86 5.02 5.56 6.10 6.59 7.10 7.08 7.06 6.86 6.67 6.40 6.13 5.93 5.73 5.66 5.59 5.55 5.51 5.37 5.23 5.30 5.38 5.55 5.72 5.79 5.87 5.92 5.98 5.92 5.88 5.85 5.83 5.66 5.50 5.37 5.25 4.92 4.59 4.38 1.03 0.70 0.36 0.10 -0.16 -0.81 -1.47 -1.73 -1.99 -2.12 -2.26 -1.97 -1.68 -1.53 -1.38 -1.62 -1.87 -1.81 -1.75 -1.76 -1.77 -2.39 -3.01 -2.83 -2.65 -2.34 -2.02 -1.95 -1.88 -1.67 -1.46 -1.39 -1.33 -1.62 -1.90 -2.05 -2.20 -1.66 -1.11 -0.48 0.15 0.23 0.30 -0.08 -0.46 -0.81 -1.15 -1.24 -1.34 -1.29 -1.24 -1.14 -1.03 -1.08 -1.12 -0.62 -0.13 0.32 0.76 1.39 2.01 2.47 2.92 3.22 3.52 3.68 3.83 3.89 3.95 4.03 4.11 4.15 4.20 4.39 4.58 4.86 5.14 5.46 5.78 6.40 7.01 7.36 7.71 7.67 7.64 7.50 7.37 7.05 6.73 6.53 6.33 6.21 6.09 5.95 5.81 5.59 5.38 5.31 5.25 5.41 5.57 5.67 5.77 5.94 6.11 6.18 6.25 6.07 5.89 5.59 5.30 5.23 5.16 4.87 4.59 4.31 0.83 0.66 0.50 -0.19 -0.89 -1.51 -2.13 -2.28 -2.43 -2.40 -2.36 -1.91 -1.46 -1.26 -1.06 -1.01 -0.96 -1.15 -1.33 -1.25 -1.17 -1.58 -1.98 -2.05 -2.11 -2.00 -1.88 -1.78 -1.66 -1.40 -1.13 -0.96 -0.78 -0.95 -1.12 -1.38 -1.63 -1.16 -0.68 -0.32 0.04 0.04 0.05 -0.26 -0.57 -0.72 -0.86 -0.88 -0.89 -0.99 -1.07 -1.08 -1.09 -1.15 -1.21 -0.71 -0.21 0.18 0.57 0.96 1.36 1.87 2.39 2.78 3.18 3.21 3.25 3.42 3.60 3.88 4.17 4.34 4.51 4.76 5.01 5.31 5.62 5.92 6.24 6.80 7.36 7.64 7.94 7.90 7.87 7.93 8.00 7.99 7.98 7.87 7.77 7.56 7.35 7.08 6.82 6.62 6.42 6.44 6.46 6.48 6.51 6.43 6.36 6.35 6.35 6.42 6.50 6.41 6.33 6.01 5.69 5.48 5.28 4.99 4.71 4.46 0.62 0.63 0.64 -0.49 -1.62 -2.20 -2.79 -2.83 -2.87 -2.67 -2.47 -1.86 -1.24 -0.99 -0.74 -0.39 -0.05 -0.49 -0.92 -0.75 -0.58 -0.76 -0.95 -1.26 -1.57 -1.66 -1.75 -1.60 -1.45 -1.13 -0.80 -0.52 -0.24 -0.29 -0.34 -0.70 -1.06 -0.66 -0.26 -0.17 -0.07 -0.14 -0.20 -0.45 -0.69 -0.63 -0.57 -0.51 -0.45 -0.68 -0.91 -1.03 -1.15 -1.23 -1.30 -0.79 -0.29 0.04 0.38 0.54 0.70 1.28 1.85 2.34 2.84 2.75 2.67 2.96 3.24 3.74 4.23 4.52 4.81 5.12 5.44 5.76 6.09 6.39 6.69 7.19 7.70 7.93 8.16 8.13 8.10 8.36 8.63 8.93 9.23 9.21 9.20 8.90 8.61 8.22 7.83 7.64 7.45 7.56 7.67 7.56 7.45 7.19 6.94 6.76 6.58 6.67 6.75 6.76 6.77 6.42 6.08 5.74 5.40 5.12 4.83 4.61 0.65 0.46 0.27 -0.61 -1.49 -1.87 -2.25 -2.30 -2.34 -2.07 -1.80 -1.51 -1.20 -1.24 -1.27 -0.85 -0.44 -0.66 -0.88 -0.79 -0.70 -0.78 -0.85 -1.14 -1.42 -1.51 -1.58 -1.38 -1.16 -0.84 -0.52 -0.27 -0.02 0.01 0.04 -0.24 -0.52 -0.28 -0.03 -0.10 -0.16 -0.24 -0.31 -0.51 -0.71 -0.62 -0.53 -0.36 -0.19 -0.19 -0.19 -0.30 -0.40 -0.56 -0.72 -0.60 -0.47 -0.19 0.10 0.25 0.41 0.90 1.39 1.87 2.37 2.40 2.43 2.69 2.95 3.51 4.07 4.56 5.05 5.45 5.85 6.16 6.47 6.72 6.97 7.17 7.38 7.27 7.16 7.08 7.00 7.40 7.80 8.23 8.67 8.77 8.88 8.79 8.71 8.43 8.15 7.96 7.78 8.00 8.22 8.24 8.27 8.03 7.80 7.50 7.22 7.22 7.22 7.34 7.47 7.24 7.01 6.54 6.07 5.62 5.18 4.68 0.68 0.29 -0.10 -0.73 -1.37 -1.54 -1.71 -1.76 -1.81 -1.48 -1.14 -1.16 -1.17 -1.48 -1.80 -1.31 -0.83 -0.83 -0.84 -0.83 -0.83 -0.79 -0.76 -1.02 -1.28 -1.35 -1.42 -1.15 -0.88 -0.56 -0.24 -0.02 0.20 0.30 0.41 0.22 0.02 0.10 0.19 -0.03 -0.25 -0.33 -0.42 -0.58 -0.73 -0.61 -0.50 -0.22 0.06 0.29 0.53 0.44 0.35 0.10 -0.14 -0.40 -0.66 -0.42 -0.19 -0.04 0.12 0.52 0.92 1.40 1.89 2.04 2.19 2.42 2.65 3.28 3.91 4.60 5.29 5.77 6.26 6.55 6.85 7.05 7.25 7.15 7.06 6.61 6.16 6.03 5.90 6.43 6.97 7.53 8.10 8.33 8.55 8.68 8.81 8.64 8.47 8.29 8.11 8.44 8.77 8.92 9.08 8.86 8.65 8.25 7.85 7.77 7.68 7.93 8.17 8.05 7.94 7.33 6.73 6.13 5.52 4.74 0.60 0.35 0.11 -0.56 -1.22 -1.22 -1.21 -1.02 -0.83 -0.80 -0.76 -0.87 -0.99 -1.49 -1.99 -1.61 -1.22 -1.15 -1.07 -1.14 -1.20 -1.15 -1.10 -0.96 -0.81 -0.65 -0.48 -0.60 -0.72 -0.56 -0.39 -0.24 -0.09 -0.02 0.06 -0.11 -0.27 -0.14 0.01 0.09 0.18 0.19 0.20 -0.07 -0.33 -0.37 -0.41 -0.13 0.15 0.38 0.62 0.62 0.64 0.39 0.15 -0.13 -0.42 -0.29 -0.15 -0.10 -0.04 0.21 0.47 0.93 1.39 1.69 2.00 2.24 2.49 2.88 3.27 3.84 4.42 4.93 5.44 5.84 6.24 6.43 6.63 6.60 6.57 6.18 5.80 5.66 5.53 6.02 6.52 7.13 7.76 7.94 8.12 8.19 8.27 8.19 8.12 7.99 7.87 8.14 8.42 8.62 8.83 8.67 8.52 8.26 8.00 7.93 7.85 7.97 8.08 7.89 7.71 7.05 6.39 5.68 4.97 4.28 0.51 0.41 0.31 -0.38 -1.08 -0.90 -0.72 -0.29 0.15 -0.12 -0.38 -0.59 -0.81 -1.49 -2.18 -1.90 -1.62 -1.46 -1.31 -1.44 -1.57 -1.50 -1.44 -0.89 -0.35 0.05 0.46 -0.05 -0.56 -0.55 -0.55 -0.47 -0.38 -0.34 -0.30 -0.43 -0.57 -0.38 -0.18 0.21 0.61 0.71 0.81 0.44 0.06 -0.13 -0.33 -0.05 0.23 0.46 0.70 0.81 0.92 0.68 0.44 0.13 -0.18 -0.15 -0.12 -0.17 -0.21 -0.10 0.01 0.45 0.89 1.34 1.80 2.06 2.32 2.47 2.62 3.08 3.55 4.08 4.61 5.12 5.63 5.82 6.01 6.04 6.08 5.75 5.43 5.29 5.15 5.61 6.06 6.74 7.41 7.55 7.69 7.71 7.73 7.75 7.77 7.70 7.63 7.84 8.06 8.31 8.57 8.48 8.39 8.27 8.15 8.08 8.02 8.00 7.99 7.73 7.48 6.76 6.04 5.23 4.42 3.82 </TempDataArray>
    </BinaryData>
    <End xmlns="" EndString="7777"/>
</gribObject>
