<?xml version="1.0" encoding="UTF-8" standalone="yes"?>
<gribObject xmlns:xsi="http://www.w3.org/2001/XMLSchema-instance" xmlns:xsd="http://www.w3.org/2001/XMLSchema" xmlns="http://c4i.mlt/ICDU/schema" ForecastTime="2025-09-25T12:00:00.000Z" RunTime="2025-09-25T12:00:00.000Z" ParameterName="U component of wind" FileName="newsingapore">
    <Indicator xmlns="" GribHeader="GRIB" NumOfOctets="21" GribType="2"/>
    <ProductDefinition xmlns="" NumOfOctets="4" ParamTableVersion="2" OrigCenter="7" ProcessID="81" GridID="36" GDS_BDS_Flag="128" ParamAndUnits="131" LevelType="0" Level="100" ReferenceTime="25" Month="9" Day="25" Hour="12" Minute="0" ForecastTimeUnits="1" PeriodOfTime1="12" PeriodOfTime2="0" TimeRangeIndicator="1" NumInAverage="-15" NumMissingAverage="0" CenturyOfReference="21" SubcenterID="0" DecimalScaleFactor="2" Reserved1="0" Lat1="-11000" Lon1="91000" Lat2="-9500" Lon2="105375" Di="125" Dj="125"/>
    <GridDescription xmlns="" NumOfOctets="72" NV="0" PV="255" DataRepresentationType="0">
        <LatLonProjection Ni="116" Nj="13" Flags="128" ScanFlags="64" Reserved="0"/>
    </GridDescription>
    <BinaryData xmlns="" NumOfOctets="6032" FlagsAndUnused="12" BinaryScaleFactor="0" ReferenceValue="-1967.354004" DatumPacked="1508" OptionalFlags="0">
        <TempDataArray>-16.95 -16.87 -16.79 -17.18 -17.56 -17.75 -17.95 -17.83 -17.70 -18.00 -18.29 -18.45 -18.60 -18.78 -18.97 -18.28 -17.59 -17.35 -17.11 -17.06 -17.01 -17.11 -17.21 -17.27 -17.33 -17.14 -16.96 -16.53 -16.09 -16.01 -15.93 -15.86 -15.78 -15.71 -15.65 -15.53 -15.41 -15.70 -15.99 -16.47 -16.96 -16.90 -16.83 -16.26 -15.69 -15.92 -16.15 -16.13 -16.11 -15.86 -15.62 -15.47 -15.32 -15.47 -15.62 -15.81 -16.01 -16.59 -17.18 -17.30 -17.43 -17.44 -17.46 -17.67 -17.87 -18.23 -18.60 -18.49 -18.39 -18.03 -17.67 -17.43 -17.19 -17.22 -17.26 -17.08 -16.90 -16.56 -16.22 -16.07 -15.93 -15.79 -15.66 -15.53 -15.39 -15.39 -15.38 -15.45 -15.52 -15.37 -15.22 -15.24 -15.26 -15.33 -15.40 -15.11 -14.82 -14.48 -14.14 -13.92 -13.70 -13.40 -13.09 -12.71 -12.33 -12.23 -12.13 -12.07 -12.02 -11.96 -11.90 -11.75 -11.60 -11.28 -10.96 -10.72 -16.81 -16.75 -16.69 -16.57 -16.45 -16.43 -16.40 -16.76 -17.12 -17.60 -18.07 -18.12 -18.18 -18.28 -18.38 -17.90 -17.42 -17.15 -16.88 -16.82 -16.75 -16.93 -17.11 -17.26 -17.41 -17.40 -17.41 -17.03 -16.66 -16.45 -16.23 -16.08 -15.93 -15.75 -15.57 -15.47 -15.37 -15.71 -16.05 -16.43 -16.81 -16.60 -16.39 -16.14 -15.89 -16.19 -16.48 -16.44 -16.41 -16.13 -15.87 -15.63 -15.39 -15.47 -15.54 -15.86 -16.19 -16.69 -17.19 -17.43 -17.67 -17.64 -17.61 -17.69 -17.77 -18.04 -18.30 -18.35 -18.39 -18.14 -17.88 -17.68 -17.47 -17.38 -17.28 -17.13 -16.99 -16.85 -16.71 -16.71 -16.70 -16.61 -16.51 -16.25 -16.00 -15.83 -15.66 -15.58 -15.50 -15.31 -15.12 -15.09 -15.05 -15.05 -15.04 -14.82 -14.60 -14.38 -14.16 -14.00 -13.83 -13.54 -13.25 -12.99 -12.73 -12.73 -12.72 -12.62 -12.53 -12.38 -12.23 -12.01 -11.77 -11.36 -10.95 -10.66 -16.68 -16.63 -16.58 -15.97 -15.35 -15.10 -14.85 -15.70 -16.55 -17.20 -17.85 -17.80 -17.76 -17.77 -17.79 -17.52 -17.25 -16.95 -16.66 -16.57 -16.49 -16.75 -17.01 -17.24 -17.48 -17.67 -17.85 -17.54 -17.23 -16.88 -16.53 -16.31 -16.09 -15.79 -15.50 -15.42 -15.34 -15.72 -16.11 -16.39 -16.67 -16.31 -15.95 -16.03 -16.10 -16.46 -16.82 -16.76 -16.70 -16.40 -16.11 -15.79 -15.47 -15.46 -15.46 -15.91 -16.37 -16.78 -17.20 -17.55 -17.90 -17.83 -17.76 -17.71 -17.66 -17.84 -18.01 -18.20 -18.39 -18.25 -18.10 -17.93 -17.76 -17.53 -17.30 -17.19 -17.08 -17.14 -17.21 -17.34 -17.48 -17.42 -17.36 -16.98 -16.60 -16.27 -15.94 -15.71 -15.47 -15.25 -15.02 -14.94 -14.85 -14.77 -14.69 -14.53 -14.38 -14.28 -14.19 -14.07 -13.96 -13.69 -13.42 -13.28 -13.13 -13.22 -13.31 -13.17 -13.04 -12.80 -12.57 -12.26 -11.95 -11.44 -10.94 -10.60 -15.45 -15.47 -15.48 -15.22 -14.95 -15.28 -15.61 -16.19 -16.77 -17.39 -18.01 -17.95 -17.88 -17.78 -17.67 -17.41 -17.16 -17.08 -17.00 -17.08 -17.16 -17.31 -17.46 -17.47 -17.48 -17.50 -17.52 -17.30 -17.09 -16.81 -16.53 -16.42 -16.30 -16.14 -15.98 -15.92 -15.86 -15.93 -16.00 -15.94 -15.88 -15.80 -15.72 -16.05 -16.38 -16.70 -17.02 -16.86 -16.69 -16.49 -16.30 -16.18 -16.06 -16.08 -16.10 -16.34 -16.58 -16.76 -16.95 -17.21 -17.47 -17.59 -17.71 -17.72 -17.73 -17.84 -17.95 -18.16 -18.35 -18.32 -18.28 -18.10 -17.92 -17.66 -17.40 -17.31 -17.22 -17.35 -17.47 -17.67 -17.87 -17.71 -17.54 -17.04 -16.54 -16.20 -15.86 -15.69 -15.52 -15.34 -15.16 -15.04 -14.91 -14.79 -14.66 -14.54 -14.42 -14.40 -14.37 -14.16 -13.94 -13.66 -13.39 -13.27 -13.14 -13.12 -13.10 -12.95 -12.81 -12.60 -12.39 -12.18 -11.96 -11.55 -11.13 -10.80 -14.22 -14.31 -14.39 -14.47 -14.54 -15.46 -16.38 -16.69 -16.99 -17.58 -18.17 -18.09 -18.01 -17.78 -17.54 -17.30 -17.06 -17.20 -17.34 -17.58 -17.83 -17.88 -17.92 -17.70 -17.48 -17.33 -17.18 -17.07 -16.96 -16.75 -16.53 -16.53 -16.52 -16.49 -16.46 -16.42 -16.38 -16.13 -15.88 -15.48 -15.09 -15.30 -15.50 -16.08 -16.66 -16.94 -17.23 -16.95 -16.68 -16.58 -16.49 -16.57 -16.66 -16.70 -16.75 -16.77 -16.79 -16.74 -16.69 -16.86 -17.04 -17.35 -17.67 -17.73 -17.80 -17.85 -17.90 -18.11 -18.32 -18.39 -18.46 -18.27 -18.08 -17.79 -17.50 -17.43 -17.36 -17.55 -17.74 -18.00 -18.27 -17.99 -17.72 -17.10 -16.49 -16.14 -15.78 -15.68 -15.57 -15.44 -15.30 -15.14 -14.97 -14.80 -14.64 -14.56 -14.47 -14.51 -14.56 -14.24 -13.92 -13.64 -13.36 -13.26 -13.16 -13.03 -12.89 -12.73 -12.58 -12.40 -12.21 -12.09 -11.97 -11.65 -11.32 -11.01 -13.45 -13.58 -13.70 -14.44 -15.18 -15.96 -16.73 -17.05 -17.36 -17.85 -18.34 -17.92 -17.50 -17.38 -17.26 -17.29 -17.32 -17.38 -17.44 -17.64 -17.84 -18.03 -18.21 -17.97 -17.72 -17.58 -17.44 -17.35 -17.26 -17.20 -17.14 -17.15 -17.16 -16.96 -16.76 -16.60 -16.44 -16.21 -15.98 -15.68 -15.38 -15.62 -15.85 -16.40 -16.95 -17.02 -17.09 -17.00 -16.91 -16.85 -16.80 -16.71 -16.63 -16.48 -16.33 -16.34 -16.36 -16.36 -16.36 -16.64 -16.93 -17.19 -17.46 -17.57 -17.68 -17.79 -17.89 -18.10 -18.31 -18.34 -18.37 -18.18 -17.99 -17.71 -17.43 -17.28 -17.13 -17.30 -17.47 -17.68 -17.88 -17.59 -17.30 -16.82 -16.33 -16.02 -15.71 -15.55 -15.39 -15.22 -15.04 -14.89 -14.73 -14.63 -14.53 -14.39 -14.24 -14.18 -14.12 -13.80 -13.48 -13.28 -13.07 -13.00 -12.93 -12.77 -12.62 -12.53 -12.44 -12.35 -12.25 -12.17 -12.08 -11.76 -11.43 -11.13 -12.69 -12.85 -13.00 -14.41 -15.82 -16.45 -17.08 -17.41 -17.74 -18.13 -18.51 -17.75 -16.99 -16.98 -16.98 -17.28 -17.58 -17.56 -17.55 -17.70 -17.85 -18.18 -18.50 -18.23 -17.97 -17.83 -17.70 -17.63 -17.56 -17.66 -17.76 -17.78 -17.80 -17.43 -17.06 -16.79 -16.51 -16.30 -16.09 -15.88 -15.68 -15.94 -16.20 -16.73 -17.25 -17.10 -16.94 -17.04 -17.14 -17.12 -17.11 -16.85 -16.60 -16.25 -15.90 -15.91 -15.92 -15.97 -16.03 -16.42 -16.81 -17.03 -17.26 -17.41 -17.56 -17.72 -17.89 -18.09 -18.30 -18.29 -18.28 -18.09 -17.90 -17.63 -17.36 -17.13 -16.90 -17.05 -17.21 -17.35 -17.49 -17.19 -16.89 -16.53 -16.16 -15.90 -15.64 -15.43 -15.22 -15.01 -14.79 -14.65 -14.50 -14.46 -14.42 -14.22 -14.01 -13.85 -13.68 -13.36 -13.05 -12.92 -12.79 -12.74 -12.70 -12.52 -12.34 -12.32 -12.30 -12.30 -12.29 -12.25 -12.20 -11.87 -11.54 -11.26 -12.33 -12.90 -13.46 -14.61 -15.76 -16.56 -17.35 -17.48 -17.61 -17.59 -17.56 -17.01 -16.46 -16.45 -16.43 -16.88 -17.32 -17.31 -17.30 -17.43 -17.56 -17.88 -18.19 -18.12 -18.04 -17.91 -17.79 -17.64 -17.49 -17.54 -17.59 -17.63 -17.68 -17.45 -17.21 -17.10 -16.98 -16.93 -16.88 -16.67 -16.46 -16.41 -16.36 -16.59 -16.81 -16.77 -16.72 -16.89 -17.06 -17.04 -17.03 -16.87 -16.70 -16.37 -16.03 -16.05 -16.08 -16.06 -16.04 -16.32 -16.60 -16.98 -17.37 -17.44 -17.51 -17.51 -17.51 -17.81 -18.11 -18.21 -18.31 -18.10 -17.88 -17.53 -17.18 -16.92 -16.68 -16.66 -16.66 -16.71 -16.77 -16.65 -16.53 -16.37 -16.20 -15.94 -15.68 -15.49 -15.30 -15.15 -15.00 -14.84 -14.67 -14.54 -14.40 -14.15 -13.89 -13.72 -13.54 -13.11 -12.67 -12.42 -12.16 -12.19 -12.21 -12.21 -12.20 -12.12 -12.03 -11.90 -11.76 -11.71 -11.65 -11.54 -11.42 -11.30 -11.98 -12.95 -13.92 -14.82 -15.71 -16.67 -17.62 -17.56 -17.49 -17.05 -16.62 -16.27 -15.93 -15.91 -15.89 -16.47 -17.06 -17.06 -17.05 -17.16 -17.27 -17.58 -17.88 -18.00 -18.11 -18.00 -17.88 -17.65 -17.42 -17.41 -17.41 -17.49 -17.57 -17.47 -17.36 -17.41 -17.45 -17.56 -17.68 -17.46 -17.24 -16.88 -16.52 -16.45 -16.38 -16.44 -16.51 -16.74 -16.98 -16.96 -16.94 -16.88 -16.81 -16.49 -16.17 -16.20 -16.23 -16.14 -16.06 -16.22 -16.39 -16.93 -17.48 -17.47 -17.46 -17.29 -17.12 -17.52 -17.93 -18.14 -18.35 -18.10 -17.86 -17.42 -16.99 -16.72 -16.45 -16.27 -16.10 -16.07 -16.05 -16.11 -16.17 -16.21 -16.24 -15.98 -15.72 -15.55 -15.38 -15.30 -15.21 -15.03 -14.84 -14.61 -14.38 -14.08 -13.77 -13.59 -13.41 -12.85 -12.29 -11.91 -11.53 -11.63 -11.73 -11.89 -12.06 -11.91 -11.76 -11.50 -11.24 -11.18 -11.11 -11.21 -11.30 -11.35 -12.94 -13.63 -14.31 -15.01 -15.70 -16.30 -16.90 -16.77 -16.64 -16.29 -15.93 -15.72 -15.51 -15.82 -16.11 -16.56 -17.01 -17.07 -17.12 -17.34 -17.55 -17.80 -18.03 -18.27 -18.51 -18.47 -18.43 -18.06 -17.69 -17.55 -17.42 -17.29 -17.16 -17.09 -17.03 -17.09 -17.16 -17.13 -17.11 -16.97 -16.83 -16.65 -16.48 -16.41 -16.33 -16.44 -16.55 -16.89 -17.24 -17.18 -17.12 -17.02 -16.91 -16.70 -16.49 -16.61 -16.72 -16.79 -16.85 -16.86 -16.87 -17.21 -17.55 -17.53 -17.51 -17.19 -16.87 -17.07 -17.28 -17.59 -17.90 -17.74 -17.59 -17.20 -16.81 -16.60 -16.40 -16.25 -16.10 -16.09 -16.08 -16.11 -16.14 -16.17 -16.19 -15.98 -15.77 -15.66 -15.54 -15.54 -15.54 -15.44 -15.33 -15.09 -14.83 -14.58 -14.32 -14.08 -13.85 -13.19 -12.54 -12.05 -11.55 -11.52 -11.48 -11.68 -11.87 -11.81 -11.74 -11.38 -11.02 -10.93 -10.83 -11.01 -11.19 -11.22 -13.91 -14.31 -14.71 -15.20 -15.69 -15.94 -16.18 -15.99 -15.79 -15.52 -15.25 -15.18 -15.10 -15.72 -16.34 -16.65 -16.97 -17.08 -17.19 -17.51 -17.84 -18.01 -18.19 -18.55 -18.91 -18.95 -18.99 -18.47 -17.96 -17.69 -17.43 -17.09 -16.75 -16.72 -16.69 -16.78 -16.87 -16.70 -16.53 -16.47 -16.41 -16.43 -16.44 -16.36 -16.28 -16.43 -16.59 -17.04 -17.50 -17.40 -17.31 -17.16 -17.00 -16.91 -16.81 -17.02 -17.22 -17.43 -17.65 -17.50 -17.36 -17.49 -17.62 -17.59 -17.57 -17.10 -16.63 -16.62 -16.62 -17.03 -17.45 -17.38 -17.31 -16.97 -16.63 -16.49 -16.35 -16.22 -16.10 -16.10 -16.10 -16.11 -16.11 -16.13 -16.14 -15.98 -15.82 -15.76 -15.71 -15.79 -15.88 -15.85 -15.83 -15.56 -15.29 -15.08 -14.87 -14.58 -14.29 -13.54 -12.79 -12.19 -11.58 -11.41 -11.24 -11.47 -11.69 -11.70 -11.72 -11.26 -10.80 -10.68 -10.55 -10.82 -11.08 -11.10 -14.42 -14.66 -14.90 -15.27 -15.64 -15.60 -15.56 -15.41 -15.27 -15.12 -14.98 -15.28 -15.58 -16.31 -17.03 -17.19 -17.35 -17.44 -17.52 -18.03 -18.53 -18.68 -18.84 -19.06 -19.29 -19.22 -19.15 -18.49 -17.83 -17.70 -17.58 -17.21 -16.84 -16.71 -16.58 -16.70 -16.82 -16.52 -16.21 -15.95 -15.69 -15.74 -15.79 -15.89 -15.99 -16.31 -16.62 -17.00 -17.38 -17.28 -17.18 -17.07 -16.97 -16.78 -16.59 -16.72 -16.85 -17.19 -17.52 -17.38 -17.24 -17.28 -17.33 -17.29 -17.25 -16.88 -16.51 -16.50 -16.48 -16.81 -17.13 -17.01 -16.89 -16.63 -16.37 -16.37 -16.37 -16.35 -16.33 -16.31 -16.29 -16.24 -16.19 -16.10 -16.01 -16.01 -16.01 -15.98 -15.96 -15.99 -16.02 -16.01 -16.01 -15.85 -15.70 -15.47 -15.23 -14.87 -14.50 -13.83 -13.15 -12.62 -12.09 -11.93 -11.76 -11.85 -11.93 -11.93 -11.93 -11.59 -11.24 -11.10 -10.95 -11.04 -11.12 -11.15 -14.94 -15.02 -15.09 -15.34 -15.59 -15.26 -14.94 -14.84 -14.75 -14.73 -14.71 -15.39 -16.06 -16.90 -17.73 -17.73 -17.74 -17.79 -17.85 -18.54 -19.22 -19.35 -19.48 -19.57 -19.67 -19.49 -19.31 -18.51 -17.70 -17.71 -17.72 -17.32 -16.93 -16.69 -16.46 -16.62 -16.77 -16.33 -15.90 -15.43 -14.97 -15.06 -15.15 -15.43 -15.70 -16.18 -16.65 -16.96 -17.27 -17.16 -17.05 -16.99 -16.94 -16.65 -16.36 -16.42 -16.48 -16.94 -17.40 -17.26 -17.12 -17.07 -17.03 -16.98 -16.93 -16.66 -16.39 -16.37 -16.35 -16.58 -16.82 -16.65 -16.48 -16.29 -16.11 -16.25 -16.40 -16.47 -16.55 -16.52 -16.49 -16.38 -16.27 -16.08 -15.89 -16.04 -16.19 -16.19 -16.20 -16.18 -16.16 -16.17 -16.18 -16.14 -16.10 -15.85 -15.60 -15.16 -14.72 -14.11 -13.51 -13.06 -12.61 -12.45 -12.29 -12.24 -12.18 -12.17 -12.15 -11.92 -11.68 -11.52 -11.36 -11.26 -11.16 -11.20 </TempDataArray>
    </BinaryData>
    <End xmlns="" EndString="7777"/>
</gribObject>
