<?xml version="1.0" encoding="UTF-8" standalone="yes"?>
<gribObject xmlns:xsi="http://www.w3.org/2001/XMLSchema-instance" xmlns:xsd="http://www.w3.org/2001/XMLSchema" xmlns="http://c4i.mlt/ICDU/schema" ForecastTime="2025-09-29T12:00:00.000Z" RunTime="2025-09-29T12:00:00.000Z" ParameterName="U component of wind" FileName="newsingapore">
    <Indicator xmlns="" GribHeader="GRIB" NumOfOctets="21" GribType="2"/>
    <ProductDefinition xmlns="" NumOfOctets="4" ParamTableVersion="2" OrigCenter="7" ProcessID="81" GridID="0" GDS_BDS_Flag="128" ParamAndUnits="131" LevelType="0" Level="300" ReferenceTime="29" Month="9" Day="29" Hour="12" Minute="0" ForecastTimeUnits="1" PeriodOfTime1="12" PeriodOfTime2="0" TimeRangeIndicator="1" NumInAverage="-2" NumMissingAverage="0" CenturyOfReference="21" SubcenterID="0" DecimalScaleFactor="1" Reserved1="0" Lat1="-11000" Lon1="91000" Lat2="-9500" Lon2="105375" Di="125" Dj="125"/>
    <GridDescription xmlns="" NumOfOctets="72" NV="0" PV="255" DataRepresentationType="0">
        <LatLonProjection Ni="116" Nj="13" Flags="128" ScanFlags="64" Reserved="0"/>
    </GridDescription>
    <BinaryData xmlns="" NumOfOctets="6032" FlagsAndUnused="12" BinaryScaleFactor="0" ReferenceValue="-91.584808" DatumPacked="1508" OptionalFlags="0">
        <TempDataArray>-5.76 -5.66 -5.66 -5.56 -5.56 -5.46 -5.26 -5.06 -4.76 -4.46 -4.26 -3.96 -3.66 -3.76 -3.86 -4.36 -4.76 -4.36 -3.96 -3.66 -3.36 -3.36 -3.36 -2.86 -2.46 -1.96 -1.56 -1.46 -1.36 -1.76 -2.16 -2.16 -2.16 -2.16 -2.06 -1.76 -1.46 -1.36 -1.36 -0.86 -0.36 0.04 0.54 0.34 0.24 -0.06 -0.36 -0.46 -0.66 -0.76 -0.86 -0.86 -0.86 -0.66 -0.56 -0.46 -0.26 -0.46 -0.56 -1.16 -1.66 -1.76 -1.96 -1.36 -0.76 -0.56 -0.46 -1.06 -1.66 -1.96 -2.16 -1.96 -1.76 -1.96 -2.06 -2.06 -2.06 -1.26 -0.46 -0.36 -0.26 0.24 0.64 1.34 1.94 2.34 2.84 3.24 3.54 3.74 4.04 3.14 2.24 2.04 1.84 1.84 1.84 2.04 2.24 2.14 2.14 2.34 2.44 2.84 3.24 3.74 4.14 4.64 5.04 4.74 4.44 4.14 3.84 4.34 4.84 5.14 -5.96 -5.96 -5.86 -5.76 -5.76 -5.66 -5.56 -5.46 -5.36 -5.06 -4.76 -4.46 -4.06 -4.06 -4.06 -4.36 -4.66 -4.26 -3.86 -3.66 -3.46 -3.36 -3.16 -2.86 -2.56 -2.26 -1.86 -2.16 -2.36 -2.66 -2.86 -2.76 -2.66 -2.56 -2.46 -2.16 -1.86 -1.76 -1.56 -1.26 -0.96 -0.56 -0.06 -0.06 -0.06 -0.26 -0.56 -0.76 -1.06 -1.16 -1.26 -1.16 -1.16 -1.06 -1.06 -1.26 -1.36 -1.56 -1.66 -1.96 -2.16 -2.06 -1.86 -1.36 -0.76 -0.86 -0.86 -1.46 -1.96 -2.16 -2.26 -2.26 -2.16 -2.36 -2.46 -2.36 -2.26 -1.76 -1.26 -1.16 -0.96 -0.56 -0.06 0.84 1.74 2.14 2.64 2.84 3.14 3.04 2.94 2.44 1.94 1.84 1.74 1.44 1.24 1.34 1.44 1.44 1.44 1.64 1.94 2.44 2.94 3.34 3.74 4.14 4.44 4.34 4.14 4.04 3.84 4.14 4.44 4.84 -6.26 -6.16 -6.06 -5.96 -5.96 -5.96 -5.86 -5.86 -5.86 -5.56 -5.26 -4.86 -4.56 -4.46 -4.26 -4.46 -4.56 -4.16 -3.76 -3.66 -3.56 -3.36 -3.06 -2.86 -2.66 -2.46 -2.26 -2.86 -3.36 -3.46 -3.56 -3.36 -3.16 -2.96 -2.86 -2.56 -2.26 -2.06 -1.86 -1.66 -1.56 -1.16 -0.66 -0.46 -0.36 -0.56 -0.76 -1.06 -1.46 -1.56 -1.66 -1.56 -1.46 -1.46 -1.56 -2.06 -2.46 -2.66 -2.76 -2.76 -2.66 -2.26 -1.86 -1.36 -0.86 -1.06 -1.26 -1.86 -2.36 -2.36 -2.36 -2.46 -2.56 -2.66 -2.86 -2.66 -2.56 -2.36 -2.16 -1.96 -1.76 -1.26 -0.86 0.34 1.54 2.04 2.44 2.54 2.64 2.24 1.84 1.74 1.64 1.64 1.64 1.14 0.64 0.54 0.54 0.64 0.74 1.04 1.34 2.04 2.64 3.04 3.34 3.64 3.84 3.84 3.84 3.84 3.84 3.84 3.94 4.54 -6.66 -6.56 -6.36 -6.36 -6.36 -6.36 -6.26 -6.26 -6.16 -5.96 -5.76 -5.56 -5.26 -4.86 -4.46 -4.36 -4.16 -3.76 -3.26 -3.26 -3.26 -3.26 -3.26 -3.36 -3.46 -3.46 -3.46 -3.86 -4.36 -4.06 -3.86 -3.56 -3.36 -3.16 -2.96 -2.66 -2.26 -2.06 -1.76 -1.56 -1.36 -1.06 -0.66 -0.46 -0.36 -0.66 -0.86 -1.46 -1.96 -2.06 -2.06 -2.16 -2.06 -2.26 -2.46 -3.06 -3.46 -3.46 -3.46 -3.06 -2.66 -2.36 -2.06 -1.76 -1.46 -1.86 -2.16 -2.46 -2.66 -2.66 -2.46 -2.56 -2.56 -2.56 -2.56 -2.66 -2.66 -2.86 -2.86 -2.66 -2.36 -1.66 -0.96 0.24 1.54 1.84 2.14 2.04 2.04 1.64 1.34 1.04 0.84 0.64 0.44 0.04 -0.26 -0.16 0.14 0.24 0.34 0.64 1.04 1.64 2.24 2.54 2.84 3.04 3.24 3.44 3.64 3.44 3.34 3.54 3.74 4.54 -7.16 -6.96 -6.76 -6.76 -6.86 -6.76 -6.66 -6.66 -6.56 -6.36 -6.26 -6.16 -5.96 -5.26 -4.56 -4.26 -3.86 -3.36 -2.86 -2.96 -3.06 -3.26 -3.46 -3.86 -4.26 -4.46 -4.66 -4.96 -5.26 -4.76 -4.16 -3.86 -3.56 -3.36 -3.16 -2.66 -2.26 -1.96 -1.76 -1.46 -1.26 -0.96 -0.66 -0.46 -0.36 -0.66 -1.06 -1.76 -2.46 -2.56 -2.56 -2.66 -2.76 -3.06 -3.46 -4.06 -4.56 -4.36 -4.16 -3.36 -2.66 -2.46 -2.26 -2.16 -2.06 -2.56 -3.06 -3.06 -3.06 -2.86 -2.66 -2.66 -2.66 -2.46 -2.36 -2.66 -2.86 -3.26 -3.66 -3.36 -2.96 -2.06 -1.06 0.24 1.44 1.64 1.84 1.64 1.44 1.14 0.74 0.44 0.04 -0.36 -0.76 -1.06 -1.26 -0.76 -0.36 -0.16 -0.06 0.24 0.64 1.14 1.74 2.04 2.34 2.44 2.54 2.94 3.34 3.04 2.74 3.14 3.54 4.44 -7.56 -7.36 -7.06 -7.06 -6.96 -6.86 -6.76 -6.56 -6.36 -6.26 -6.16 -6.06 -5.96 -5.46 -5.06 -4.66 -4.16 -3.86 -3.36 -3.66 -3.86 -4.06 -4.16 -4.46 -4.66 -4.96 -5.26 -5.36 -5.46 -4.96 -4.36 -4.06 -3.76 -3.46 -3.16 -2.86 -2.56 -2.76 -2.86 -2.56 -2.26 -1.76 -1.36 -1.16 -0.96 -1.26 -1.56 -1.96 -2.46 -2.46 -2.46 -2.76 -2.96 -3.46 -4.06 -4.36 -4.56 -4.56 -4.46 -3.96 -3.36 -3.26 -3.06 -3.06 -2.96 -3.36 -3.66 -3.46 -3.26 -3.06 -2.76 -2.66 -2.56 -2.26 -1.96 -2.46 -2.96 -3.46 -3.96 -3.76 -3.46 -2.36 -1.26 0.14 1.54 1.44 1.44 1.14 0.94 0.44 -0.16 -0.56 -0.96 -1.36 -1.76 -1.66 -1.56 -1.26 -0.86 -0.66 -0.56 -0.26 0.14 0.64 1.14 1.64 2.24 2.54 2.84 3.14 3.34 3.14 2.94 3.94 5.04 5.74 -8.06 -7.76 -7.46 -7.36 -7.16 -7.06 -6.86 -6.56 -6.26 -6.16 -6.06 -5.96 -5.96 -5.76 -5.56 -5.06 -4.56 -4.26 -3.96 -4.36 -4.66 -4.76 -4.86 -5.06 -5.16 -5.56 -5.86 -5.76 -5.66 -5.16 -4.66 -4.26 -3.96 -3.56 -3.26 -3.06 -2.86 -3.46 -3.96 -3.56 -3.26 -2.66 -2.06 -1.76 -1.56 -1.76 -2.06 -2.26 -2.46 -2.46 -2.36 -2.76 -3.16 -3.86 -4.66 -4.66 -4.66 -4.76 -4.86 -4.46 -4.16 -3.96 -3.86 -3.86 -3.96 -4.16 -4.26 -3.86 -3.46 -3.26 -2.96 -2.66 -2.46 -1.96 -1.56 -2.36 -3.06 -3.66 -4.26 -4.16 -4.06 -2.76 -1.46 0.04 1.54 1.24 0.94 0.64 0.44 -0.26 -1.06 -1.56 -1.96 -2.36 -2.76 -2.36 -1.96 -1.66 -1.36 -1.16 -1.06 -0.76 -0.36 0.04 0.44 1.24 2.04 2.64 3.14 3.24 3.34 3.24 3.14 4.84 6.54 7.04 -7.86 -7.66 -7.36 -7.26 -7.16 -6.96 -6.76 -6.56 -6.36 -6.46 -6.56 -6.56 -6.56 -6.16 -5.76 -5.46 -5.06 -4.86 -4.76 -5.06 -5.36 -5.56 -5.66 -5.66 -5.56 -5.86 -5.96 -5.76 -5.56 -5.26 -4.76 -4.46 -4.16 -3.86 -3.46 -3.56 -3.46 -3.86 -4.16 -3.86 -3.66 -3.46 -3.16 -2.86 -2.46 -2.36 -2.26 -2.26 -2.36 -2.36 -2.36 -2.96 -3.56 -4.06 -4.46 -4.36 -4.16 -4.56 -4.86 -4.36 -3.76 -3.66 -3.56 -3.76 -3.86 -3.96 -3.96 -3.76 -3.36 -3.16 -2.96 -2.66 -2.36 -2.16 -1.86 -2.76 -3.66 -3.76 -3.86 -3.36 -2.76 -1.66 -0.56 0.44 1.44 1.04 0.74 0.04 -0.56 -1.46 -2.16 -2.26 -2.26 -2.66 -2.96 -2.96 -2.96 -2.76 -2.56 -2.46 -2.26 -1.66 -0.96 -0.96 -0.86 0.04 0.94 2.04 3.24 3.74 4.24 4.24 4.14 5.44 6.74 7.24 -7.66 -7.46 -7.36 -7.26 -7.16 -6.96 -6.66 -6.56 -6.36 -6.76 -7.16 -7.16 -7.16 -6.66 -6.06 -5.86 -5.56 -5.56 -5.56 -5.86 -6.16 -6.36 -6.56 -6.26 -6.06 -6.16 -6.16 -5.86 -5.56 -5.26 -4.96 -4.66 -4.36 -4.06 -3.76 -3.96 -4.16 -4.26 -4.36 -4.16 -4.06 -4.26 -4.36 -3.86 -3.36 -2.86 -2.46 -2.36 -2.26 -2.36 -2.46 -3.26 -3.96 -4.16 -4.36 -4.06 -3.76 -4.36 -4.86 -4.16 -3.46 -3.36 -3.26 -3.56 -3.86 -3.86 -3.76 -3.56 -3.36 -3.16 -3.06 -2.66 -2.36 -2.26 -2.16 -3.26 -4.26 -3.86 -3.46 -2.46 -1.56 -0.56 0.34 0.84 1.34 0.84 0.44 -0.66 -1.66 -2.56 -3.36 -2.96 -2.56 -2.86 -3.16 -3.56 -3.96 -3.96 -3.86 -3.76 -3.56 -2.56 -1.56 -1.86 -2.16 -1.16 -0.26 1.54 3.24 4.24 5.14 5.14 5.14 5.94 6.84 7.44 -7.76 -7.66 -7.66 -7.36 -6.96 -6.76 -6.56 -6.56 -6.56 -7.16 -7.66 -7.66 -7.66 -6.86 -6.06 -6.06 -5.96 -6.16 -6.36 -6.56 -6.66 -6.66 -6.66 -6.36 -5.96 -6.06 -6.06 -5.86 -5.66 -5.56 -5.46 -5.16 -4.96 -4.56 -4.16 -4.06 -3.96 -3.86 -3.76 -3.86 -3.86 -4.26 -4.46 -4.16 -3.76 -3.46 -3.06 -2.96 -2.86 -2.86 -2.86 -3.46 -3.96 -4.16 -4.16 -4.26 -4.36 -4.66 -4.96 -4.26 -3.56 -3.56 -3.46 -3.76 -4.06 -3.96 -3.96 -3.76 -3.56 -3.26 -2.96 -2.66 -2.26 -2.26 -2.36 -3.56 -4.66 -4.26 -3.76 -3.16 -2.66 -1.36 -0.06 0.44 0.84 0.44 0.04 -1.26 -2.36 -2.76 -3.06 -2.96 -2.76 -3.16 -3.56 -4.06 -4.46 -4.56 -4.46 -4.26 -4.06 -3.26 -2.26 -2.46 -2.66 -1.86 -1.06 0.84 2.84 3.94 5.14 5.14 5.24 5.54 5.84 5.74 -7.86 -7.86 -7.96 -7.36 -6.76 -6.56 -6.46 -6.56 -6.76 -7.46 -8.26 -8.26 -8.26 -7.16 -6.06 -6.26 -6.46 -6.86 -7.26 -7.26 -7.16 -7.06 -6.86 -6.36 -5.86 -5.96 -5.96 -5.86 -5.86 -5.86 -5.86 -5.66 -5.56 -5.06 -4.56 -4.16 -3.76 -3.46 -3.26 -3.56 -3.76 -4.26 -4.66 -4.36 -4.16 -3.96 -3.76 -3.66 -3.56 -3.46 -3.36 -3.76 -4.06 -4.06 -4.06 -4.46 -4.96 -4.96 -5.06 -4.36 -3.76 -3.76 -3.66 -3.96 -4.26 -4.16 -4.16 -3.96 -3.76 -3.36 -2.96 -2.56 -2.16 -2.36 -2.56 -3.86 -5.06 -4.56 -4.06 -3.86 -3.76 -2.06 -0.46 -0.06 0.34 -0.06 -0.46 -1.76 -3.16 -3.06 -2.86 -2.86 -2.96 -3.46 -4.06 -4.56 -5.06 -5.16 -5.16 -4.86 -4.66 -3.86 -3.06 -3.16 -3.16 -2.56 -1.96 0.14 2.34 3.74 5.04 5.24 5.34 5.04 4.84 4.04 -8.46 -8.36 -8.16 -7.46 -6.76 -6.56 -6.26 -6.66 -6.96 -7.56 -8.26 -8.06 -7.76 -7.06 -6.36 -6.56 -6.66 -7.06 -7.36 -7.16 -6.86 -6.76 -6.56 -6.26 -5.96 -6.06 -6.06 -6.06 -6.06 -6.16 -6.16 -6.16 -6.16 -5.76 -5.46 -5.06 -4.66 -4.46 -4.26 -4.26 -4.26 -4.56 -4.76 -4.56 -4.26 -4.26 -4.16 -4.16 -4.16 -3.96 -3.76 -3.86 -3.86 -3.96 -4.06 -4.66 -5.26 -5.26 -5.26 -4.76 -4.26 -4.26 -4.16 -4.26 -4.36 -4.26 -4.16 -4.16 -4.06 -3.66 -3.26 -2.66 -2.16 -2.06 -1.96 -2.86 -3.76 -3.66 -3.56 -3.46 -3.36 -2.66 -1.86 -1.16 -0.56 -0.86 -1.16 -1.86 -2.46 -2.26 -2.06 -2.36 -2.66 -3.06 -3.56 -4.06 -4.46 -4.26 -3.86 -3.66 -3.46 -3.26 -3.06 -3.46 -3.76 -3.16 -2.36 -0.46 1.54 2.54 3.54 3.64 3.74 3.14 2.54 1.94 -9.16 -8.76 -8.26 -7.56 -6.86 -6.46 -6.16 -6.66 -7.16 -7.66 -8.26 -7.86 -7.36 -7.06 -6.66 -6.86 -6.96 -7.26 -7.46 -7.06 -6.66 -6.56 -6.36 -6.16 -6.06 -6.16 -6.16 -6.16 -6.26 -6.36 -6.56 -6.66 -6.76 -6.46 -6.26 -5.86 -5.56 -5.36 -5.26 -5.06 -4.86 -4.96 -4.96 -4.66 -4.36 -4.46 -4.66 -4.76 -4.76 -4.46 -4.26 -4.06 -3.76 -3.96 -4.06 -4.86 -5.66 -5.56 -5.46 -5.16 -4.86 -4.86 -4.76 -4.56 -4.36 -4.26 -4.26 -4.26 -4.36 -3.96 -3.56 -2.86 -2.16 -1.86 -1.46 -1.96 -2.46 -2.86 -3.16 -3.16 -3.06 -3.16 -3.26 -2.36 -1.46 -1.66 -1.86 -1.86 -1.86 -1.56 -1.26 -1.76 -2.36 -2.66 -3.06 -3.46 -3.96 -3.36 -2.66 -2.46 -2.36 -2.66 -3.06 -3.76 -4.46 -3.66 -2.86 -1.06 0.74 1.34 1.94 2.04 2.14 1.14 0.24 -0.26 </TempDataArray>
    </BinaryData>
    <End xmlns="" EndString="7777"/>
</gribObject>
