<?xml version="1.0" encoding="UTF-8" standalone="yes"?>
<gribObject xmlns:xsi="http://www.w3.org/2001/XMLSchema-instance" xmlns:xsd="http://www.w3.org/2001/XMLSchema" xmlns="http://c4i.mlt/ICDU/schema" ForecastTime="2025-09-25T12:00:00.000Z" RunTime="2025-09-25T12:00:00.000Z" ParameterName="U component of wind" FileName="newsingapore">
    <Indicator xmlns="" GribHeader="GRIB" NumOfOctets="21" GribType="2"/>
    <ProductDefinition xmlns="" NumOfOctets="4" ParamTableVersion="2" OrigCenter="7" ProcessID="81" GridID="36" GDS_BDS_Flag="128" ParamAndUnits="131" LevelType="0" Level="200" ReferenceTime="25" Month="9" Day="25" Hour="12" Minute="0" ForecastTimeUnits="1" PeriodOfTime1="12" PeriodOfTime2="0" TimeRangeIndicator="1" NumInAverage="-7" NumMissingAverage="0" CenturyOfReference="21" SubcenterID="0" DecimalScaleFactor="2" Reserved1="0" Lat1="-11000" Lon1="91000" Lat2="-9500" Lon2="105375" Di="125" Dj="125"/>
    <GridDescription xmlns="" NumOfOctets="72" NV="0" PV="255" DataRepresentationType="0">
        <LatLonProjection Ni="116" Nj="13" Flags="128" ScanFlags="64" Reserved="0"/>
    </GridDescription>
    <BinaryData xmlns="" NumOfOctets="6032" FlagsAndUnused="12" BinaryScaleFactor="0" ReferenceValue="-1240.844727" DatumPacked="1508" OptionalFlags="0">
        <TempDataArray>-11.69 -11.79 -11.89 -11.61 -11.32 -11.35 -11.38 -11.68 -11.98 -12.07 -12.16 -11.82 -11.48 -10.84 -10.20 -9.54 -8.87 -8.88 -8.89 -8.58 -8.28 -8.53 -8.78 -9.48 -10.18 -10.23 -10.27 -10.45 -10.63 -10.92 -11.21 -11.27 -11.34 -10.96 -10.58 -10.11 -9.63 -9.21 -8.78 -8.69 -8.60 -8.45 -8.29 -8.67 -9.05 -9.22 -9.40 -9.39 -9.38 -9.44 -9.49 -9.68 -9.86 -9.71 -9.57 -9.11 -8.65 -8.33 -8.00 -8.32 -8.64 -8.92 -9.21 -9.37 -9.54 -9.67 -9.81 -9.91 -10.02 -9.79 -9.56 -9.35 -9.15 -9.07 -8.99 -8.74 -8.49 -8.03 -7.57 -7.25 -6.93 -6.86 -6.78 -6.70 -6.61 -6.44 -6.27 -6.16 -6.06 -5.82 -5.59 -5.32 -5.06 -4.84 -4.62 -4.65 -4.68 -4.63 -4.57 -4.38 -4.18 -4.01 -3.84 -3.51 -3.19 -2.99 -2.80 -2.62 -2.45 -2.43 -2.41 -2.42 -2.42 -2.26 -2.10 -2.25 -11.64 -11.75 -11.86 -11.71 -11.56 -11.73 -11.89 -11.96 -12.01 -12.08 -12.14 -11.97 -11.79 -11.32 -10.85 -10.08 -9.30 -9.10 -8.89 -8.54 -8.18 -8.34 -8.50 -9.02 -9.53 -9.66 -9.79 -9.89 -9.99 -10.37 -10.75 -10.84 -10.92 -10.72 -10.53 -10.29 -10.04 -9.67 -9.29 -9.11 -8.93 -8.63 -8.33 -8.59 -8.83 -8.93 -9.02 -9.04 -9.04 -9.16 -9.27 -9.44 -9.62 -9.71 -9.80 -9.46 -9.11 -9.07 -9.02 -9.30 -9.58 -9.75 -9.91 -9.97 -10.02 -10.00 -9.98 -9.98 -9.98 -9.68 -9.39 -9.15 -8.91 -8.86 -8.81 -8.61 -8.40 -8.06 -7.71 -7.44 -7.16 -7.00 -6.83 -6.70 -6.56 -6.38 -6.20 -6.11 -6.03 -5.88 -5.73 -5.50 -5.27 -5.01 -4.75 -4.71 -4.67 -4.56 -4.45 -4.25 -4.04 -3.81 -3.58 -3.26 -2.95 -2.73 -2.52 -2.33 -2.14 -2.06 -1.98 -1.94 -1.90 -1.87 -1.84 -1.90 -11.60 -11.71 -11.83 -11.81 -11.80 -12.10 -12.41 -12.23 -12.05 -12.08 -12.12 -12.11 -12.10 -11.80 -11.50 -10.62 -9.73 -9.32 -8.90 -8.49 -8.07 -8.15 -8.23 -8.55 -8.88 -9.09 -9.31 -9.32 -9.34 -9.82 -10.30 -10.40 -10.50 -10.48 -10.47 -10.47 -10.46 -10.13 -9.80 -9.53 -9.26 -8.82 -8.38 -8.50 -8.62 -8.63 -8.65 -8.68 -8.71 -8.88 -9.04 -9.21 -9.38 -9.71 -10.03 -9.80 -9.58 -9.81 -10.04 -10.29 -10.53 -10.58 -10.62 -10.56 -10.50 -10.33 -10.16 -10.04 -9.93 -9.57 -9.21 -8.95 -8.68 -8.65 -8.63 -8.48 -8.32 -8.09 -7.86 -7.63 -7.40 -7.14 -6.88 -6.70 -6.51 -6.32 -6.12 -6.06 -6.01 -5.94 -5.88 -5.68 -5.48 -5.19 -4.89 -4.78 -4.66 -4.50 -4.34 -4.12 -3.90 -3.61 -3.32 -3.01 -2.71 -2.47 -2.24 -2.03 -1.83 -1.69 -1.55 -1.46 -1.38 -1.48 -1.58 -1.55 -11.67 -11.64 -11.61 -11.60 -11.59 -12.00 -12.40 -12.12 -11.83 -11.95 -12.07 -12.16 -12.25 -11.93 -11.60 -10.61 -9.61 -9.06 -8.50 -8.03 -7.54 -7.47 -7.40 -7.79 -8.18 -8.57 -8.95 -9.04 -9.12 -9.47 -9.82 -9.90 -9.99 -10.04 -10.10 -10.11 -10.11 -9.89 -9.66 -9.50 -9.33 -9.03 -8.71 -8.73 -8.74 -8.69 -8.64 -8.70 -8.77 -8.87 -8.97 -9.08 -9.20 -9.67 -10.15 -10.14 -10.15 -10.28 -10.40 -10.49 -10.57 -10.47 -10.36 -10.28 -10.19 -10.06 -9.93 -9.78 -9.64 -9.32 -8.99 -8.69 -8.39 -8.40 -8.41 -8.29 -8.17 -7.90 -7.62 -7.39 -7.16 -6.89 -6.61 -6.35 -6.07 -6.01 -5.95 -6.17 -6.39 -6.35 -6.31 -6.07 -5.83 -5.54 -5.25 -5.09 -4.93 -4.89 -4.84 -4.74 -4.63 -4.27 -3.90 -3.55 -3.19 -3.04 -2.89 -2.66 -2.42 -2.22 -2.02 -1.82 -1.61 -1.55 -1.48 -1.40 -11.75 -11.57 -11.39 -11.38 -11.38 -11.89 -12.39 -12.01 -11.62 -11.82 -12.02 -12.21 -12.41 -12.06 -11.70 -10.60 -9.49 -8.80 -8.11 -7.57 -7.02 -6.79 -6.57 -7.02 -7.48 -8.04 -8.60 -8.75 -8.91 -9.13 -9.35 -9.41 -9.47 -9.59 -9.72 -9.75 -9.77 -9.64 -9.51 -9.46 -9.41 -9.23 -9.05 -8.96 -8.87 -8.75 -8.63 -8.73 -8.82 -8.86 -8.90 -8.95 -9.01 -9.64 -10.26 -10.48 -10.71 -10.74 -10.77 -10.70 -10.62 -10.36 -10.10 -10.00 -9.89 -9.79 -9.69 -9.52 -9.35 -9.06 -8.78 -8.44 -8.10 -8.15 -8.20 -8.11 -8.02 -7.70 -7.38 -7.15 -6.92 -6.63 -6.35 -6.00 -5.64 -5.71 -5.78 -6.28 -6.78 -6.76 -6.75 -6.47 -6.18 -5.89 -5.61 -5.40 -5.20 -5.27 -5.35 -5.36 -5.36 -4.92 -4.48 -4.08 -3.68 -3.61 -3.55 -3.28 -3.01 -2.75 -2.49 -2.17 -1.85 -1.62 -1.39 -1.25 -10.49 -10.27 -10.04 -10.15 -10.26 -10.94 -11.62 -11.18 -10.74 -10.90 -11.04 -11.18 -11.32 -11.06 -10.80 -10.07 -9.35 -8.81 -8.27 -7.81 -7.35 -6.97 -6.58 -6.91 -7.24 -7.83 -8.41 -8.50 -8.60 -8.87 -9.15 -9.16 -9.17 -9.28 -9.39 -9.53 -9.68 -9.67 -9.66 -9.63 -9.61 -9.56 -9.51 -9.41 -9.31 -9.12 -8.93 -8.87 -8.82 -8.79 -8.75 -8.83 -8.91 -9.51 -10.11 -10.37 -10.64 -10.53 -10.42 -10.29 -10.15 -9.91 -9.67 -9.70 -9.72 -9.64 -9.56 -9.29 -9.02 -8.82 -8.63 -8.37 -8.10 -7.99 -7.88 -7.65 -7.42 -7.10 -6.77 -6.57 -6.37 -6.07 -5.77 -5.45 -5.12 -5.21 -5.29 -5.83 -6.37 -6.38 -6.39 -6.17 -5.94 -5.78 -5.61 -5.43 -5.25 -5.34 -5.43 -5.39 -5.36 -4.95 -4.54 -4.28 -4.01 -3.85 -3.68 -3.30 -2.92 -2.59 -2.26 -1.99 -1.72 -1.51 -1.29 -1.19 -9.24 -8.97 -8.70 -8.92 -9.14 -10.00 -10.86 -10.36 -9.87 -9.97 -10.07 -10.15 -10.23 -10.07 -9.90 -9.55 -9.20 -8.82 -8.43 -8.05 -7.67 -7.14 -6.60 -6.80 -7.00 -7.61 -8.23 -8.25 -8.28 -8.62 -8.96 -8.91 -8.87 -8.96 -9.06 -9.32 -9.58 -9.69 -9.80 -9.81 -9.82 -9.90 -9.97 -9.86 -9.75 -9.48 -9.22 -9.02 -8.83 -8.72 -8.61 -8.70 -8.80 -9.37 -9.95 -10.26 -10.57 -10.33 -10.08 -9.89 -9.69 -9.46 -9.24 -9.40 -9.56 -9.49 -9.42 -9.05 -8.69 -8.58 -8.48 -8.29 -8.10 -7.83 -7.56 -7.19 -6.82 -6.49 -6.16 -5.99 -5.83 -5.51 -5.20 -4.90 -4.60 -4.71 -4.81 -5.38 -5.96 -6.00 -6.04 -5.87 -5.70 -5.66 -5.62 -5.46 -5.31 -5.40 -5.50 -5.43 -5.36 -4.98 -4.60 -4.47 -4.35 -4.08 -3.82 -3.33 -2.83 -2.43 -2.03 -1.81 -1.60 -1.39 -1.19 -1.13 -8.37 -8.21 -8.03 -8.15 -8.27 -8.83 -9.39 -8.76 -8.14 -8.17 -8.20 -8.69 -9.18 -9.13 -9.08 -8.94 -8.80 -8.53 -8.27 -7.87 -7.47 -7.14 -6.81 -7.21 -7.61 -8.13 -8.64 -8.54 -8.44 -8.64 -8.84 -8.92 -9.01 -9.22 -9.44 -9.71 -9.98 -10.08 -10.18 -10.05 -9.93 -9.84 -9.75 -9.63 -9.52 -9.33 -9.15 -8.92 -8.69 -8.61 -8.54 -8.62 -8.70 -9.06 -9.43 -9.63 -9.84 -9.65 -9.46 -9.34 -9.22 -9.29 -9.37 -9.60 -9.82 -9.78 -9.73 -9.42 -9.11 -9.03 -8.94 -8.65 -8.35 -7.99 -7.63 -7.30 -6.96 -6.74 -6.52 -6.39 -6.26 -5.87 -5.48 -5.30 -5.12 -5.44 -5.76 -6.00 -6.24 -6.25 -6.26 -6.09 -5.91 -5.80 -5.69 -5.45 -5.21 -5.18 -5.14 -5.10 -5.05 -4.62 -4.18 -3.92 -3.66 -3.43 -3.20 -2.86 -2.53 -2.16 -1.80 -1.70 -1.59 -1.53 -1.46 -1.35 -7.51 -7.44 -7.37 -7.39 -7.41 -7.66 -7.91 -7.16 -6.41 -6.38 -6.34 -7.24 -8.14 -8.20 -8.27 -8.33 -8.40 -8.25 -8.11 -7.69 -7.27 -7.15 -7.03 -7.62 -8.22 -8.64 -9.06 -8.83 -8.60 -8.66 -8.72 -8.93 -9.15 -9.48 -9.82 -10.10 -10.38 -10.47 -10.55 -10.29 -10.03 -9.78 -9.53 -9.41 -9.29 -9.18 -9.08 -8.81 -8.54 -8.51 -8.47 -8.53 -8.60 -8.75 -8.90 -9.01 -9.11 -8.98 -8.85 -8.80 -8.75 -9.12 -9.50 -9.79 -10.09 -10.07 -10.04 -9.79 -9.54 -9.48 -9.41 -9.00 -8.59 -8.15 -7.70 -7.40 -7.10 -6.99 -6.88 -6.79 -6.69 -6.23 -5.76 -5.70 -5.64 -6.18 -6.72 -6.63 -6.53 -6.50 -6.48 -6.30 -6.13 -5.95 -5.76 -5.44 -5.12 -4.95 -4.78 -4.77 -4.75 -4.26 -3.77 -3.37 -2.98 -2.78 -2.58 -2.40 -2.23 -1.90 -1.57 -1.58 -1.59 -1.66 -1.73 -1.56 -7.00 -6.93 -6.85 -6.79 -6.72 -6.94 -7.16 -6.41 -5.65 -5.65 -5.65 -6.42 -7.19 -7.53 -7.87 -8.11 -8.35 -8.29 -8.23 -7.75 -7.26 -7.20 -7.13 -7.67 -8.21 -8.89 -9.57 -9.53 -9.49 -9.44 -9.40 -9.48 -9.56 -9.72 -9.89 -9.85 -9.82 -9.88 -9.94 -9.86 -9.78 -9.69 -9.60 -9.53 -9.46 -9.32 -9.18 -8.79 -8.41 -8.38 -8.34 -8.50 -8.66 -8.88 -9.10 -9.17 -9.23 -9.22 -9.20 -9.19 -9.18 -9.43 -9.69 -9.98 -10.28 -10.26 -10.24 -9.96 -9.67 -9.44 -9.20 -8.79 -8.38 -8.02 -7.65 -7.44 -7.23 -7.04 -6.85 -6.64 -6.42 -6.13 -5.84 -5.68 -5.52 -5.73 -5.95 -5.94 -5.93 -6.06 -6.19 -6.17 -6.15 -5.93 -5.72 -5.32 -4.93 -4.75 -4.58 -4.43 -4.28 -3.74 -3.19 -2.71 -2.22 -1.90 -1.57 -1.59 -1.60 -1.53 -1.46 -1.37 -1.26 -1.04 -0.81 -0.53 -6.50 -6.42 -6.33 -6.18 -6.03 -6.23 -6.42 -5.66 -4.90 -4.93 -4.96 -5.60 -6.25 -6.86 -7.48 -7.89 -8.29 -8.32 -8.36 -7.81 -7.26 -7.24 -7.23 -7.72 -8.21 -9.15 -10.09 -10.23 -10.38 -10.23 -10.08 -10.02 -9.96 -9.96 -9.96 -9.61 -9.26 -9.29 -9.32 -9.43 -9.54 -9.60 -9.67 -9.65 -9.63 -9.45 -9.27 -8.77 -8.28 -8.24 -8.21 -8.47 -8.73 -9.02 -9.30 -9.33 -9.36 -9.46 -9.56 -9.58 -9.60 -9.74 -9.89 -10.17 -10.46 -10.45 -10.44 -10.12 -9.80 -9.40 -9.00 -8.58 -8.17 -7.89 -7.61 -7.49 -7.36 -7.09 -6.82 -6.49 -6.15 -6.04 -5.92 -5.66 -5.40 -5.29 -5.17 -5.26 -5.34 -5.62 -5.90 -6.03 -6.17 -5.92 -5.68 -5.21 -4.74 -4.56 -4.38 -4.10 -3.82 -3.22 -2.62 -2.05 -1.47 -1.02 -0.57 -0.77 -0.98 -1.17 -1.36 -1.15 -0.94 -0.41 0.11 0.50 -6.21 -6.12 -6.02 -5.94 -5.85 -6.04 -6.23 -5.58 -4.91 -4.71 -4.50 -5.04 -5.57 -6.44 -7.30 -7.67 -8.05 -8.19 -8.34 -8.00 -7.65 -7.61 -7.57 -7.89 -8.20 -9.15 -10.10 -10.25 -10.41 -10.27 -10.14 -10.04 -9.95 -9.64 -9.32 -9.15 -8.99 -8.93 -8.88 -9.06 -9.25 -9.46 -9.68 -9.60 -9.52 -9.38 -9.25 -8.80 -8.35 -8.43 -8.52 -8.80 -9.08 -9.35 -9.62 -9.67 -9.71 -9.77 -9.82 -9.71 -9.59 -9.58 -9.57 -9.86 -10.15 -10.22 -10.28 -9.98 -9.68 -9.29 -8.90 -8.39 -7.87 -7.64 -7.40 -7.45 -7.50 -7.24 -6.97 -6.64 -6.30 -6.03 -5.76 -5.47 -5.18 -5.10 -5.02 -4.87 -4.72 -4.85 -4.97 -5.18 -5.39 -5.05 -4.71 -4.25 -3.78 -3.58 -3.38 -3.04 -2.69 -2.25 -1.80 -1.28 -0.75 -0.41 -0.07 -0.23 -0.39 -0.62 -0.84 -0.72 -0.59 -0.10 0.40 0.72 -5.92 -5.82 -5.72 -5.70 -5.67 -5.86 -6.05 -5.49 -4.93 -4.48 -4.04 -4.47 -4.90 -6.01 -7.12 -7.46 -7.81 -8.07 -8.32 -8.18 -8.04 -7.97 -7.91 -8.05 -8.20 -9.15 -10.11 -10.27 -10.44 -10.32 -10.19 -10.06 -9.94 -9.32 -8.69 -8.70 -8.71 -8.57 -8.44 -8.70 -8.96 -9.33 -9.69 -9.55 -9.40 -9.32 -9.23 -8.82 -8.42 -8.62 -8.82 -9.12 -9.43 -9.69 -9.94 -10.01 -10.07 -10.08 -10.09 -9.84 -9.58 -9.42 -9.26 -9.55 -9.84 -9.98 -10.12 -9.84 -9.56 -9.18 -8.80 -8.19 -7.58 -7.39 -7.19 -7.42 -7.65 -7.39 -7.12 -6.79 -6.46 -6.03 -5.60 -5.28 -4.96 -4.91 -4.87 -4.49 -4.11 -4.08 -4.05 -4.33 -4.60 -4.18 -3.75 -3.29 -2.83 -2.61 -2.39 -1.97 -1.56 -1.27 -0.98 -0.51 -0.03 0.20 0.43 0.31 0.19 -0.07 -0.33 -0.29 -0.24 0.22 0.69 0.94 </TempDataArray>
    </BinaryData>
    <End xmlns="" EndString="7777"/>
</gribObject>
