<?xml version="1.0" encoding="UTF-8" standalone="yes"?>
<gribObject xmlns:xsi="http://www.w3.org/2001/XMLSchema-instance" xmlns:xsd="http://www.w3.org/2001/XMLSchema" xmlns="http://c4i.mlt/ICDU/schema" ForecastTime="2025-09-28T12:00:00.000Z" RunTime="2025-09-28T12:00:00.000Z" ParameterName="Temperature" FileName="newsingapore">
    <Indicator xmlns="" GribHeader="GRIB" NumOfOctets="21" GribType="2"/>
    <ProductDefinition xmlns="" NumOfOctets="4" ParamTableVersion="2" OrigCenter="7" ProcessID="81" GridID="36" GDS_BDS_Flag="128" ParamAndUnits="130" LevelType="0" Level="100" ReferenceTime="28" Month="9" Day="28" Hour="12" Minute="0" ForecastTimeUnits="1" PeriodOfTime1="12" PeriodOfTime2="0" TimeRangeIndicator="1" NumInAverage="298" NumMissingAverage="0" CenturyOfReference="21" SubcenterID="0" DecimalScaleFactor="2" Reserved1="0" Lat1="-11000" Lon1="91000" Lat2="-9500" Lon2="105375" Di="125" Dj="125"/>
    <GridDescription xmlns="" NumOfOctets="72" NV="0" PV="255" DataRepresentationType="0">
        <LatLonProjection Ni="116" Nj="13" Flags="128" ScanFlags="64" Reserved="0"/>
    </GridDescription>
    <BinaryData xmlns="" NumOfOctets="6032" FlagsAndUnused="12" BinaryScaleFactor="0" ReferenceValue="29804.906250" DatumPacked="1508" OptionalFlags="0">
        <TempDataArray>298.20 298.21 298.22 298.14 298.05 298.07 298.08 298.17 298.26 298.26 298.25 298.24 298.22 298.31 298.40 298.45 298.49 298.49 298.48 298.47 298.45 298.49 298.53 298.60 298.66 298.75 298.83 298.81 298.78 298.77 298.76 298.87 298.98 298.94 298.90 298.97 299.04 299.16 299.28 299.35 299.41 299.32 299.23 299.16 299.09 299.05 299.00 298.94 298.88 298.84 298.80 298.77 298.74 298.70 298.65 298.63 298.60 298.55 298.50 298.47 298.44 298.40 298.35 298.31 298.26 298.23 298.20 298.20 298.19 298.23 298.26 298.28 298.29 298.29 298.28 298.32 298.35 298.37 298.39 298.41 298.42 298.43 298.44 298.46 298.48 298.52 298.55 298.58 298.60 298.64 298.67 298.70 298.73 298.77 298.80 298.83 298.85 298.85 298.85 298.82 298.79 298.75 298.71 298.67 298.63 298.60 298.57 298.54 298.50 298.47 298.43 298.40 298.37 298.38 298.38 298.40 298.22 298.23 298.24 298.18 298.12 298.12 298.13 298.17 298.22 298.22 298.23 298.23 298.24 298.31 298.38 298.43 298.49 298.49 298.49 298.48 298.47 298.53 298.58 298.66 298.73 298.77 298.80 298.84 298.87 298.86 298.85 298.93 299.00 299.04 299.08 299.12 299.16 299.23 299.30 299.40 299.50 299.41 299.32 299.23 299.14 299.08 299.02 298.97 298.92 298.88 298.83 298.80 298.77 298.73 298.69 298.66 298.63 298.58 298.54 298.50 298.46 298.41 298.36 298.31 298.26 298.23 298.20 298.19 298.18 298.21 298.25 298.26 298.27 298.27 298.28 298.30 298.33 298.36 298.38 298.40 298.42 298.44 298.45 298.47 298.49 298.52 298.55 298.57 298.60 298.63 298.66 298.70 298.74 298.77 298.80 298.82 298.84 298.83 298.83 298.79 298.76 298.72 298.68 298.63 298.59 298.55 298.52 298.49 298.46 298.44 298.41 298.39 298.38 298.39 298.40 298.42 298.23 298.25 298.26 298.22 298.18 298.18 298.17 298.17 298.17 298.19 298.20 298.23 298.25 298.30 298.35 298.42 298.49 298.50 298.50 298.50 298.49 298.56 298.63 298.72 298.80 298.79 298.77 298.87 298.96 298.95 298.94 298.98 299.02 299.14 299.25 299.27 299.28 299.30 299.31 299.45 299.59 299.50 299.40 299.29 299.18 299.11 299.04 299.00 298.96 298.91 298.86 298.83 298.79 298.76 298.72 298.69 298.66 298.62 298.57 298.52 298.47 298.42 298.37 298.32 298.26 298.23 298.19 298.18 298.17 298.20 298.23 298.24 298.25 298.26 298.27 298.29 298.31 298.34 298.37 298.40 298.42 298.44 298.46 298.48 298.49 298.52 298.55 298.57 298.59 298.62 298.65 298.70 298.74 298.77 298.79 298.81 298.83 298.82 298.80 298.76 298.72 298.68 298.64 298.59 298.54 298.51 298.47 298.45 298.42 298.41 298.39 298.39 298.38 298.40 298.41 298.44 298.25 298.23 298.21 298.18 298.16 298.14 298.13 298.18 298.24 298.22 298.21 298.25 298.29 298.36 298.44 298.50 298.56 298.59 298.61 298.60 298.59 298.66 298.73 298.76 298.78 298.85 298.92 299.00 299.07 299.03 298.98 298.99 299.01 299.16 299.32 299.33 299.35 299.32 299.30 299.47 299.65 299.55 299.45 299.34 299.23 299.16 299.08 299.04 299.00 298.96 298.91 298.87 298.84 298.80 298.77 298.74 298.70 298.66 298.62 298.57 298.52 298.46 298.41 298.36 298.30 298.26 298.23 298.21 298.20 298.21 298.22 298.22 298.22 298.23 298.24 298.26 298.29 298.32 298.35 298.37 298.39 298.43 298.46 298.48 298.51 298.53 298.56 298.58 298.60 298.63 298.66 298.70 298.74 298.76 298.79 298.80 298.81 298.79 298.78 298.74 298.70 298.66 298.62 298.57 298.53 298.49 298.45 298.43 298.41 298.40 298.40 298.40 298.40 298.41 298.43 298.45 298.26 298.21 298.15 298.15 298.14 298.11 298.08 298.19 298.30 298.26 298.22 298.28 298.33 298.43 298.52 298.58 298.63 298.68 298.72 298.71 298.69 298.76 298.83 298.80 298.76 298.92 299.07 299.13 299.18 299.10 299.02 299.01 298.99 299.19 299.38 299.40 299.41 299.35 299.28 299.50 299.71 299.61 299.50 299.39 299.28 299.20 299.12 299.08 299.04 299.00 298.96 298.92 298.88 298.85 298.82 298.78 298.74 298.70 298.66 298.61 298.56 298.51 298.45 298.40 298.34 298.30 298.26 298.24 298.22 298.22 298.21 298.20 298.18 298.20 298.21 298.24 298.26 298.29 298.32 298.34 298.36 298.41 298.46 298.49 298.52 298.55 298.57 298.59 298.61 298.64 298.66 298.70 298.73 298.76 298.79 298.79 298.79 298.77 298.75 298.71 298.67 298.63 298.59 298.55 298.51 298.47 298.42 298.41 298.40 298.40 298.40 298.41 298.41 298.43 298.44 298.46 298.19 298.19 298.18 298.20 298.22 298.21 298.20 298.25 298.31 298.29 298.27 298.32 298.37 298.47 298.56 298.59 298.63 298.69 298.76 298.81 298.86 298.88 298.91 298.92 298.93 299.03 299.13 299.14 299.16 299.10 299.04 299.10 299.15 299.34 299.54 299.54 299.54 299.47 299.41 299.52 299.63 299.58 299.53 299.44 299.36 299.27 299.19 299.14 299.10 299.06 299.02 298.98 298.94 298.91 298.87 298.83 298.79 298.74 298.70 298.65 298.61 298.55 298.50 298.44 298.39 298.35 298.31 298.29 298.26 298.25 298.23 298.21 298.19 298.19 298.19 298.20 298.22 298.24 298.27 298.30 298.34 298.39 298.44 298.48 298.52 298.55 298.59 298.61 298.63 298.65 298.67 298.70 298.74 298.76 298.79 298.79 298.79 298.76 298.74 298.70 298.66 298.62 298.59 298.55 298.52 298.47 298.43 298.43 298.44 298.44 298.44 298.43 298.42 298.45 298.47 298.50 298.12 298.17 298.21 298.26 298.30 298.31 298.31 298.31 298.31 298.31 298.31 298.36 298.41 298.51 298.60 298.61 298.62 298.71 298.79 298.91 299.03 299.01 298.98 299.04 299.09 299.14 299.18 299.16 299.13 299.10 299.06 299.19 299.31 299.50 299.69 299.68 299.66 299.60 299.53 299.54 299.55 299.55 299.55 299.49 299.43 299.34 299.25 299.20 299.15 299.12 299.08 299.04 299.00 298.96 298.92 298.88 298.83 298.79 298.74 298.70 298.65 298.60 298.54 298.49 298.44 298.40 298.36 298.33 298.30 298.28 298.25 298.22 298.19 298.18 298.17 298.17 298.17 298.19 298.21 298.27 298.32 298.37 298.42 298.47 298.51 298.56 298.61 298.63 298.65 298.66 298.67 298.71 298.74 298.77 298.79 298.79 298.78 298.76 298.73 298.69 298.65 298.62 298.58 298.55 298.52 298.48 298.43 298.45 298.47 298.48 298.48 298.46 298.43 298.47 298.50 298.55 298.10 298.17 298.25 298.27 298.29 298.27 298.26 298.28 298.30 298.33 298.36 298.43 298.49 298.60 298.70 298.71 298.73 298.81 298.89 298.97 299.05 299.05 299.06 299.06 299.06 299.09 299.12 299.17 299.22 299.20 299.18 299.32 299.46 299.61 299.76 299.73 299.70 299.65 299.60 299.62 299.64 299.60 299.56 299.50 299.44 299.37 299.30 299.26 299.22 299.18 299.14 299.10 299.06 299.01 298.97 298.92 298.87 298.82 298.78 298.73 298.69 298.64 298.58 298.53 298.49 298.44 298.40 298.37 298.34 298.31 298.29 298.26 298.23 298.21 298.18 298.18 298.18 298.19 298.21 298.26 298.31 298.35 298.40 298.44 298.49 298.55 298.62 298.64 298.66 298.67 298.69 298.72 298.75 298.78 298.80 298.80 298.79 298.76 298.74 298.69 298.65 298.62 298.60 298.57 298.55 298.51 298.47 298.49 298.52 298.52 298.52 298.50 298.48 298.51 298.54 298.57 298.07 298.18 298.29 298.29 298.28 298.24 298.20 298.24 298.28 298.35 298.41 298.49 298.57 298.69 298.80 298.82 298.83 298.91 298.99 299.03 299.06 299.10 299.13 299.08 299.03 299.05 299.06 299.18 299.30 299.30 299.30 299.46 299.61 299.72 299.82 299.78 299.74 299.71 299.67 299.70 299.73 299.65 299.57 299.51 299.45 299.40 299.34 299.31 299.28 299.24 299.20 299.16 299.11 299.07 299.02 298.97 298.91 298.86 298.81 298.77 298.73 298.68 298.62 298.58 298.53 298.48 298.43 298.40 298.37 298.35 298.32 298.30 298.27 298.23 298.19 298.19 298.18 298.20 298.21 298.25 298.29 298.33 298.37 298.42 298.46 298.54 298.62 298.65 298.67 298.69 298.70 298.73 298.76 298.79 298.81 298.81 298.80 298.77 298.74 298.70 298.65 298.63 298.61 298.59 298.57 298.54 298.51 298.54 298.56 298.56 298.56 298.54 298.52 298.55 298.58 298.59 298.15 298.25 298.34 298.34 298.34 298.30 298.27 298.32 298.37 298.41 298.46 298.53 298.60 298.69 298.77 298.79 298.81 298.92 299.04 299.06 299.08 299.07 299.06 299.03 299.01 299.06 299.11 299.21 299.32 299.31 299.30 299.41 299.52 299.63 299.74 299.76 299.78 299.78 299.79 299.77 299.75 299.68 299.61 299.54 299.46 299.41 299.35 299.33 299.31 299.27 299.24 299.19 299.15 299.10 299.05 298.99 298.93 298.88 298.83 298.80 298.77 298.72 298.68 298.63 298.59 298.55 298.50 298.46 298.42 298.39 298.37 298.34 298.31 298.27 298.23 298.23 298.22 298.24 298.25 298.28 298.31 298.35 298.39 298.44 298.48 298.55 298.62 298.65 298.68 298.70 298.72 298.75 298.78 298.80 298.83 298.82 298.82 298.79 298.76 298.72 298.68 298.66 298.63 298.62 298.60 298.59 298.57 298.59 298.61 298.59 298.58 298.56 298.54 298.57 298.59 298.61 298.23 298.31 298.39 298.39 298.39 298.37 298.34 298.40 298.45 298.48 298.50 298.57 298.63 298.69 298.74 298.77 298.79 298.94 299.08 299.09 299.09 299.04 298.98 298.98 298.98 299.07 299.15 299.25 299.34 299.32 299.30 299.37 299.43 299.55 299.66 299.74 299.82 299.86 299.90 299.83 299.76 299.71 299.65 299.56 299.47 299.42 299.36 299.35 299.33 299.30 299.27 299.23 299.18 299.13 299.07 299.01 298.94 298.90 298.85 298.83 298.80 298.77 298.73 298.69 298.65 298.61 298.57 298.52 298.47 298.44 298.41 298.38 298.35 298.31 298.27 298.27 298.26 298.28 298.29 298.31 298.33 298.37 298.41 298.46 298.50 298.56 298.61 298.65 298.68 298.71 298.73 298.76 298.79 298.82 298.85 298.84 298.83 298.80 298.77 298.74 298.71 298.68 298.65 298.64 298.63 298.63 298.63 298.64 298.65 298.63 298.60 298.58 298.56 298.58 298.60 298.63 298.31 298.34 298.38 298.39 298.41 298.40 298.39 298.44 298.50 298.52 298.54 298.58 298.62 298.65 298.68 298.74 298.80 298.91 299.02 299.04 299.05 299.03 299.02 299.07 299.13 299.18 299.24 299.28 299.33 299.32 299.30 299.43 299.56 299.72 299.88 299.83 299.78 299.86 299.95 299.89 299.83 299.76 299.70 299.61 299.52 299.45 299.39 299.36 299.33 299.30 299.28 299.24 299.19 299.14 299.09 299.03 298.97 298.92 298.88 298.86 298.84 298.81 298.79 298.75 298.72 298.68 298.65 298.60 298.55 298.52 298.48 298.46 298.44 298.40 298.35 298.33 298.32 298.33 298.35 298.38 298.40 298.44 298.47 298.52 298.56 298.61 298.66 298.69 298.73 298.75 298.77 298.80 298.84 298.86 298.88 298.87 298.86 298.83 298.81 298.77 298.74 298.72 298.70 298.69 298.68 298.68 298.69 298.69 298.69 298.67 298.64 298.62 298.59 298.61 298.64 298.68 298.39 298.38 298.36 298.39 298.42 298.43 298.43 298.49 298.54 298.56 298.57 298.59 298.61 298.61 298.61 298.71 298.81 298.89 298.96 298.99 299.01 299.03 299.05 299.17 299.28 299.30 299.32 299.32 299.32 299.31 299.30 299.50 299.69 299.89 300.09 299.91 299.73 299.86 299.99 299.94 299.89 299.82 299.74 299.66 299.57 299.49 299.41 299.37 299.32 299.31 299.29 299.25 299.20 299.15 299.10 299.05 298.99 298.95 298.90 298.89 298.88 298.86 298.84 298.81 298.78 298.76 298.73 298.68 298.63 298.59 298.55 298.54 298.53 298.48 298.43 298.40 298.37 298.39 298.41 298.44 298.47 298.50 298.53 298.58 298.62 298.67 298.71 298.74 298.77 298.79 298.81 298.85 298.88 298.90 298.91 298.90 298.89 298.87 298.84 298.80 298.76 298.76 298.75 298.74 298.72 298.74 298.75 298.74 298.73 298.71 298.68 298.65 298.62 298.65 298.67 298.73 </TempDataArray>
    </BinaryData>
    <End xmlns="" EndString="7777"/>
</gribObject>
