<?xml version="1.0" encoding="UTF-8" standalone="yes"?>
<gribObject xmlns:xsi="http://www.w3.org/2001/XMLSchema-instance" xmlns:xsd="http://www.w3.org/2001/XMLSchema" xmlns="http://c4i.mlt/ICDU/schema" ForecastTime="2025-09-28T12:00:00.000Z" RunTime="2025-09-28T12:00:00.000Z" ParameterName="Temperature" FileName="newsingapore">
    <Indicator xmlns="" GribHeader="GRIB" NumOfOctets="21" GribType="2"/>
    <ProductDefinition xmlns="" NumOfOctets="4" ParamTableVersion="2" OrigCenter="7" ProcessID="81" GridID="36" GDS_BDS_Flag="128" ParamAndUnits="130" LevelType="0" Level="300" ReferenceTime="28" Month="9" Day="28" Hour="12" Minute="0" ForecastTimeUnits="1" PeriodOfTime1="12" PeriodOfTime2="0" TimeRangeIndicator="1" NumInAverage="244" NumMissingAverage="0" CenturyOfReference="21" SubcenterID="0" DecimalScaleFactor="2" Reserved1="0" Lat1="-11000" Lon1="91000" Lat2="-9500" Lon2="105375" Di="125" Dj="125"/>
    <GridDescription xmlns="" NumOfOctets="72" NV="0" PV="255" DataRepresentationType="0">
        <LatLonProjection Ni="116" Nj="13" Flags="128" ScanFlags="64" Reserved="0"/>
    </GridDescription>
    <BinaryData xmlns="" NumOfOctets="6032" FlagsAndUnused="12" BinaryScaleFactor="0" ReferenceValue="24291.818359" DatumPacked="1508" OptionalFlags="0">
        <TempDataArray>243.68 243.78 243.87 243.98 244.09 244.12 244.14 244.14 244.14 244.16 244.18 244.03 243.87 243.98 244.09 244.26 244.43 244.37 244.31 244.33 244.35 244.33 244.31 244.31 244.32 244.24 244.15 244.19 244.22 244.42 244.61 244.50 244.40 244.46 244.51 244.41 244.31 244.15 243.99 243.89 243.78 243.89 244.00 244.22 244.43 244.26 244.09 244.01 243.93 243.84 243.76 243.75 243.73 243.74 243.74 243.77 243.79 244.00 244.21 244.40 244.59 244.59 244.59 244.32 244.05 243.98 243.91 244.14 244.36 244.49 244.61 244.78 244.95 244.96 244.97 244.84 244.70 244.53 244.35 244.40 244.45 244.23 244.01 243.88 243.74 243.78 243.82 244.06 244.31 244.33 244.35 244.26 244.16 244.09 244.02 244.08 244.14 244.33 244.51 244.58 244.65 244.53 244.42 244.24 244.06 244.12 244.17 244.24 244.31 244.35 244.39 244.45 244.50 244.65 244.79 244.78 243.68 243.73 243.78 243.84 243.91 243.92 243.93 243.96 243.99 244.02 244.06 243.97 243.89 244.02 244.15 244.23 244.31 244.25 244.19 244.19 244.20 244.19 244.19 244.20 244.21 244.22 244.23 244.28 244.32 244.41 244.49 244.46 244.43 244.41 244.39 244.25 244.12 244.09 244.06 243.95 243.84 243.94 244.05 244.24 244.44 244.25 244.05 244.00 243.96 243.95 243.94 243.90 243.87 243.90 243.93 243.97 244.00 244.22 244.44 244.58 244.72 244.65 244.57 244.36 244.14 244.10 244.07 244.23 244.39 244.52 244.65 244.75 244.85 244.81 244.77 244.67 244.58 244.39 244.20 244.19 244.19 244.05 243.90 243.83 243.77 243.87 243.98 244.22 244.46 244.50 244.55 244.49 244.43 244.36 244.29 244.31 244.32 244.40 244.48 244.57 244.67 244.62 244.57 244.43 244.29 244.34 244.39 244.46 244.53 244.55 244.56 244.57 244.59 244.63 244.67 244.70 243.68 243.69 243.69 243.71 243.72 243.72 243.71 243.78 243.84 243.89 243.93 243.92 243.91 244.06 244.20 244.19 244.18 244.12 244.06 244.05 244.04 244.05 244.06 244.08 244.10 244.21 244.31 244.37 244.42 244.40 244.37 244.41 244.45 244.36 244.27 244.10 243.93 244.03 244.13 244.01 243.89 243.99 244.09 244.27 244.45 244.23 244.01 244.00 243.98 244.05 244.11 244.06 244.01 244.06 244.12 244.17 244.22 244.44 244.66 244.76 244.85 244.70 244.55 244.39 244.23 244.23 244.22 244.32 244.41 244.55 244.68 244.72 244.75 244.66 244.57 244.51 244.45 244.25 244.04 243.99 243.93 243.86 243.79 243.79 243.79 243.97 244.14 244.37 244.60 244.68 244.75 244.72 244.69 244.63 244.56 244.53 244.50 244.47 244.44 244.56 244.68 244.70 244.72 244.62 244.52 244.57 244.61 244.69 244.76 244.74 244.72 244.70 244.67 244.61 244.55 244.62 243.74 243.73 243.71 243.73 243.75 243.77 243.80 243.87 243.94 244.01 244.08 244.09 244.10 244.13 244.17 244.18 244.19 244.16 244.14 244.13 244.12 244.13 244.14 244.18 244.23 244.29 244.35 244.39 244.43 244.44 244.46 244.41 244.36 244.19 244.03 243.91 243.78 243.92 244.06 243.95 243.85 243.86 243.88 244.02 244.15 243.96 243.78 243.86 243.95 244.03 244.11 244.16 244.21 244.30 244.38 244.38 244.38 244.57 244.77 244.82 244.88 244.74 244.60 244.42 244.25 244.25 244.25 244.38 244.51 244.56 244.62 244.55 244.49 244.43 244.37 244.37 244.38 244.28 244.19 244.18 244.18 244.13 244.09 244.14 244.20 244.34 244.48 244.58 244.69 244.69 244.70 244.70 244.70 244.68 244.66 244.62 244.59 244.48 244.38 244.50 244.62 244.73 244.83 244.77 244.71 244.75 244.79 244.84 244.89 244.81 244.74 244.68 244.62 244.58 244.54 244.58 243.80 243.77 243.73 243.75 243.77 243.83 243.89 243.96 244.03 244.13 244.23 244.25 244.28 244.21 244.14 244.17 244.19 244.20 244.21 244.20 244.19 244.20 244.21 244.29 244.36 244.37 244.38 244.41 244.43 244.49 244.55 244.41 244.26 244.03 243.79 243.71 243.63 243.81 243.99 243.90 243.80 243.74 243.67 243.76 243.85 243.70 243.54 243.73 243.92 244.01 244.10 244.26 244.41 244.53 244.64 244.59 244.54 244.71 244.87 244.89 244.91 244.78 244.64 244.46 244.27 244.27 244.27 244.44 244.60 244.58 244.55 244.39 244.22 244.19 244.16 244.23 244.30 244.32 244.33 244.38 244.43 244.41 244.38 244.49 244.60 244.71 244.81 244.80 244.78 244.71 244.64 244.68 244.71 244.73 244.75 244.72 244.68 244.50 244.31 244.44 244.56 244.75 244.94 244.92 244.89 244.93 244.97 244.99 245.01 244.88 244.75 244.66 244.56 244.54 244.52 244.55 243.81 243.83 243.85 243.92 243.98 244.04 244.10 244.19 244.28 244.30 244.33 244.27 244.22 244.24 244.25 244.28 244.31 244.27 244.24 244.24 244.24 244.24 244.25 244.32 244.38 244.38 244.38 244.43 244.49 244.47 244.45 244.30 244.15 243.99 243.83 243.85 243.87 243.90 243.92 243.71 243.50 243.45 243.40 243.48 243.57 243.55 243.52 243.67 243.82 243.99 244.16 244.44 244.73 244.75 244.77 244.66 244.55 244.66 244.78 244.79 244.80 244.64 244.49 244.33 244.18 244.19 244.19 244.37 244.54 244.49 244.44 244.29 244.14 244.18 244.22 244.34 244.46 244.50 244.55 244.61 244.67 244.63 244.59 244.64 244.68 244.77 244.86 244.88 244.91 244.81 244.71 244.71 244.70 244.74 244.77 244.78 244.78 244.70 244.61 244.67 244.73 244.85 244.97 244.96 244.95 244.95 244.94 244.91 244.88 244.81 244.74 244.68 244.63 244.61 244.59 244.64 243.82 243.90 243.97 244.08 244.19 244.25 244.30 244.42 244.53 244.48 244.42 244.29 244.16 244.26 244.36 244.40 244.43 244.34 244.26 244.27 244.28 244.28 244.29 244.34 244.40 244.39 244.37 244.46 244.54 244.45 244.35 244.19 244.03 243.95 243.86 243.99 244.11 243.98 243.85 243.53 243.20 243.16 243.12 243.21 243.29 243.40 243.50 243.61 243.71 243.96 244.21 244.63 245.04 244.97 244.90 244.73 244.55 244.62 244.68 244.69 244.69 244.51 244.33 244.21 244.09 244.10 244.11 244.30 244.48 244.41 244.33 244.19 244.05 244.17 244.28 244.45 244.61 244.69 244.76 244.83 244.90 244.85 244.80 244.78 244.76 244.84 244.91 244.97 245.03 244.91 244.78 244.74 244.69 244.74 244.79 244.84 244.89 244.90 244.90 244.90 244.90 244.95 245.00 245.00 245.01 244.96 244.91 244.83 244.75 244.74 244.72 244.71 244.70 244.68 244.66 244.73 243.90 243.98 244.07 244.14 244.22 244.24 244.27 244.33 244.40 244.39 244.38 244.32 244.26 244.31 244.35 244.35 244.34 244.29 244.24 244.25 244.27 244.29 244.31 244.29 244.27 244.26 244.25 244.30 244.34 244.28 244.22 244.15 244.07 244.02 243.98 244.00 244.03 243.82 243.61 243.38 243.15 243.14 243.13 243.17 243.21 243.34 243.47 243.62 243.78 244.02 244.27 244.56 244.85 244.83 244.81 244.74 244.66 244.68 244.71 244.67 244.63 244.51 244.39 244.28 244.18 244.18 244.19 244.35 244.51 244.46 244.41 244.29 244.17 244.30 244.43 244.53 244.65 244.74 244.83 244.91 244.99 244.93 244.87 244.88 244.89 244.98 245.07 245.09 245.11 244.99 244.86 244.80 244.73 244.77 244.81 244.87 244.93 244.89 244.86 244.84 244.83 244.86 244.90 244.89 244.89 244.87 244.85 244.80 244.75 244.72 244.70 244.66 244.63 244.69 244.76 244.82 243.97 244.07 244.16 244.21 244.25 244.24 244.23 244.25 244.26 244.30 244.33 244.35 244.36 244.35 244.34 244.30 244.26 244.24 244.21 244.24 244.26 244.30 244.33 244.24 244.14 244.13 244.12 244.14 244.15 244.12 244.09 244.10 244.11 244.10 244.09 244.02 243.95 243.66 243.36 243.23 243.09 243.11 243.13 243.13 243.12 243.28 243.43 243.64 243.85 244.09 244.32 244.49 244.66 244.70 244.73 244.75 244.76 244.75 244.73 244.65 244.56 244.50 244.45 244.36 244.26 244.27 244.27 244.41 244.54 244.51 244.48 244.39 244.29 244.43 244.57 244.62 244.68 244.79 244.90 244.99 245.07 245.00 244.94 244.98 245.01 245.12 245.22 245.21 245.19 245.07 244.94 244.86 244.77 244.80 244.83 244.90 244.96 244.89 244.82 244.79 244.76 244.78 244.79 244.78 244.76 244.77 244.78 244.77 244.75 244.71 244.67 244.61 244.55 244.70 244.85 244.91 243.99 244.05 244.11 244.17 244.23 244.28 244.34 244.36 244.38 244.37 244.36 244.36 244.37 244.33 244.30 244.27 244.24 244.21 244.19 244.18 244.17 244.13 244.10 243.97 243.84 243.90 243.97 244.02 244.08 244.10 244.13 244.13 244.14 244.07 243.99 243.87 243.75 243.47 243.18 243.09 243.00 243.03 243.06 243.09 243.13 243.32 243.50 243.69 243.87 244.10 244.33 244.45 244.58 244.62 244.67 244.66 244.65 244.62 244.59 244.58 244.57 244.52 244.46 244.30 244.14 244.12 244.11 244.22 244.33 244.28 244.24 244.22 244.20 244.32 244.44 244.48 244.52 244.59 244.67 244.80 244.93 244.98 245.03 245.09 245.14 245.18 245.22 245.13 245.04 244.93 244.83 244.78 244.73 244.72 244.71 244.74 244.78 244.74 244.70 244.68 244.67 244.68 244.70 244.68 244.67 244.68 244.69 244.67 244.65 244.63 244.62 244.62 244.63 244.71 244.78 244.81 244.00 244.03 244.06 244.14 244.21 244.33 244.44 244.47 244.50 244.45 244.39 244.38 244.37 244.31 244.25 244.23 244.21 244.19 244.16 244.12 244.08 243.97 243.86 243.70 243.54 243.68 243.81 243.91 244.00 244.08 244.16 244.17 244.17 244.03 243.89 243.73 243.56 243.28 243.00 242.96 242.92 242.95 242.98 243.06 243.14 243.36 243.58 243.73 243.88 244.11 244.34 244.42 244.49 244.55 244.60 244.57 244.54 244.50 244.45 244.52 244.58 244.53 244.47 244.25 244.02 243.98 243.94 244.03 244.12 244.06 244.00 244.06 244.11 244.21 244.30 244.33 244.35 244.39 244.43 244.61 244.78 244.95 245.12 245.20 245.27 245.25 245.22 245.05 244.88 244.80 244.71 244.70 244.69 244.64 244.58 244.59 244.60 244.59 244.57 244.57 244.57 244.59 244.61 244.59 244.57 244.58 244.59 244.57 244.55 244.56 244.56 244.64 244.71 244.71 244.71 244.71 244.08 244.08 244.09 244.15 244.22 244.32 244.42 244.41 244.40 244.37 244.34 244.34 244.34 244.32 244.29 244.25 244.21 244.15 244.09 244.06 244.03 243.94 243.84 243.73 243.61 243.66 243.71 243.82 243.93 244.00 244.07 244.03 243.99 243.84 243.69 243.55 243.42 243.22 243.02 242.97 242.93 242.98 243.04 243.15 243.25 243.38 243.51 243.62 243.72 243.85 243.97 244.06 244.14 244.27 244.40 244.38 244.37 244.31 244.25 244.31 244.38 244.34 244.30 244.18 244.07 244.10 244.12 244.13 244.14 244.12 244.10 244.20 244.30 244.34 244.38 244.41 244.45 244.42 244.40 244.51 244.63 244.79 244.95 244.99 245.04 245.01 244.99 244.86 244.74 244.67 244.60 244.63 244.66 244.62 244.57 244.56 244.55 244.55 244.56 244.56 244.56 244.55 244.54 244.52 244.51 244.56 244.61 244.60 244.60 244.61 244.62 244.66 244.70 244.67 244.65 244.60 244.16 244.14 244.11 244.17 244.22 244.31 244.40 244.34 244.29 244.29 244.29 244.31 244.32 244.33 244.33 244.27 244.21 244.12 244.02 244.00 243.98 243.90 243.82 243.75 243.68 243.64 243.60 243.73 243.86 243.92 243.97 243.89 243.81 243.65 243.48 243.38 243.27 243.16 243.04 242.99 242.93 243.02 243.10 243.23 243.36 243.40 243.44 243.50 243.56 243.58 243.60 243.70 243.79 243.99 244.19 244.20 244.20 244.12 244.04 244.11 244.18 244.15 244.12 244.12 244.12 244.21 244.30 244.23 244.15 244.17 244.19 244.34 244.48 244.47 244.46 244.50 244.54 244.45 244.36 244.42 244.47 244.62 244.77 244.79 244.80 244.78 244.76 244.68 244.59 244.53 244.48 244.56 244.63 244.60 244.56 244.53 244.49 244.52 244.55 244.56 244.56 244.51 244.46 244.46 244.45 244.53 244.62 244.64 244.65 244.66 244.67 244.68 244.69 244.64 244.58 244.50 </TempDataArray>
    </BinaryData>
    <End xmlns="" EndString="7777"/>
</gribObject>
