<?xml version="1.0" encoding="UTF-8" standalone="yes"?>
<gribObject xmlns:xsi="http://www.w3.org/2001/XMLSchema-instance" xmlns:xsd="http://www.w3.org/2001/XMLSchema" xmlns="http://c4i.mlt/ICDU/schema" ForecastTime="2025-09-28T12:00:00.000Z" RunTime="2025-09-28T12:00:00.000Z" ParameterName="Temperature" FileName="newsingapore">
    <Indicator xmlns="" GribHeader="GRIB" NumOfOctets="21" GribType="2"/>
    <ProductDefinition xmlns="" NumOfOctets="4" ParamTableVersion="2" OrigCenter="7" ProcessID="81" GridID="36" GDS_BDS_Flag="128" ParamAndUnits="130" LevelType="0" Level="200" ReferenceTime="28" Month="9" Day="28" Hour="12" Minute="0" ForecastTimeUnits="1" PeriodOfTime1="12" PeriodOfTime2="0" TimeRangeIndicator="1" NumInAverage="220" NumMissingAverage="0" CenturyOfReference="21" SubcenterID="0" DecimalScaleFactor="2" Reserved1="0" Lat1="-11000" Lon1="91000" Lat2="-9500" Lon2="105375" Di="125" Dj="125"/>
    <GridDescription xmlns="" NumOfOctets="72" NV="0" PV="255" DataRepresentationType="0">
        <LatLonProjection Ni="116" Nj="13" Flags="128" ScanFlags="64" Reserved="0"/>
    </GridDescription>
    <BinaryData xmlns="" NumOfOctets="6032" FlagsAndUnused="12" BinaryScaleFactor="0" ReferenceValue="22002.228516" DatumPacked="1508" OptionalFlags="0">
        <TempDataArray>220.33 220.35 220.37 220.41 220.45 220.48 220.50 220.49 220.48 220.50 220.52 220.53 220.54 220.56 220.57 220.58 220.58 220.62 220.66 220.69 220.72 220.74 220.76 220.77 220.78 220.77 220.75 220.75 220.75 220.83 220.90 220.92 220.93 220.96 220.99 221.01 221.03 221.06 221.09 221.20 221.30 221.30 221.30 221.27 221.23 221.20 221.16 221.18 221.19 221.24 221.29 221.43 221.57 221.59 221.60 221.53 221.46 221.42 221.37 221.36 221.34 221.37 221.39 221.35 221.30 221.24 221.17 221.16 221.15 221.10 221.05 221.03 221.00 220.92 220.84 220.84 220.83 220.88 220.92 221.03 221.13 221.15 221.16 221.17 221.18 221.20 221.21 221.21 221.21 221.20 221.18 221.14 221.10 221.04 220.99 220.88 220.76 220.73 220.69 220.67 220.64 220.62 220.60 220.54 220.48 220.53 220.57 220.58 220.59 220.62 220.65 220.72 220.78 220.79 220.80 220.75 220.36 220.37 220.39 220.42 220.45 220.45 220.46 220.44 220.43 220.44 220.46 220.48 220.51 220.53 220.56 220.57 220.58 220.61 220.64 220.67 220.70 220.70 220.70 220.73 220.76 220.75 220.75 220.78 220.81 220.85 220.90 220.92 220.95 220.98 221.01 221.04 221.07 221.09 221.12 221.23 221.34 221.36 221.38 221.33 221.29 221.23 221.18 221.17 221.17 221.24 221.32 221.43 221.54 221.52 221.50 221.45 221.41 221.35 221.29 221.28 221.27 221.29 221.31 221.26 221.20 221.15 221.11 221.12 221.14 221.08 221.02 220.96 220.91 220.84 220.77 220.70 220.64 220.66 220.68 220.82 220.97 221.03 221.09 221.09 221.09 221.10 221.12 221.09 221.07 221.07 221.07 221.02 220.97 220.92 220.87 220.80 220.73 220.71 220.69 220.68 220.67 220.67 220.67 220.61 220.55 220.59 220.63 220.62 220.62 220.61 220.61 220.63 220.66 220.72 220.78 220.74 220.38 220.39 220.40 220.42 220.44 220.43 220.42 220.40 220.37 220.39 220.40 220.44 220.48 220.51 220.54 220.56 220.58 220.60 220.62 220.65 220.68 220.66 220.64 220.69 220.73 220.73 220.74 220.80 220.86 220.88 220.90 220.93 220.96 220.99 221.02 221.06 221.10 221.12 221.14 221.26 221.38 221.42 221.46 221.40 221.34 221.27 221.19 221.17 221.15 221.25 221.34 221.43 221.52 221.46 221.40 221.38 221.35 221.28 221.21 221.20 221.20 221.22 221.23 221.17 221.10 221.07 221.04 221.08 221.12 221.06 220.99 220.90 220.81 220.75 220.69 220.57 220.45 220.44 220.43 220.62 220.81 220.92 221.02 221.01 220.99 221.01 221.02 220.98 220.93 220.95 220.96 220.90 220.84 220.79 220.74 220.72 220.69 220.69 220.68 220.69 220.70 220.72 220.73 220.68 220.62 220.65 220.68 220.67 220.65 220.61 220.56 220.55 220.54 220.65 220.75 220.74 220.41 220.41 220.41 220.40 220.40 220.38 220.37 220.36 220.36 220.38 220.41 220.45 220.48 220.52 220.55 220.56 220.57 220.60 220.62 220.65 220.68 220.67 220.67 220.71 220.76 220.75 220.75 220.75 220.76 220.81 220.87 220.93 220.99 221.01 221.04 221.07 221.10 221.16 221.21 221.32 221.43 221.42 221.40 221.40 221.40 221.34 221.29 221.24 221.20 221.27 221.33 221.39 221.45 221.38 221.32 221.31 221.31 221.25 221.19 221.18 221.17 221.18 221.19 221.16 221.13 221.10 221.07 221.07 221.08 221.01 220.94 220.86 220.79 220.73 220.67 220.58 220.50 220.49 220.48 220.61 220.73 220.81 220.89 220.89 220.89 220.89 220.88 220.88 220.89 220.93 220.98 220.92 220.86 220.84 220.81 220.79 220.77 220.75 220.72 220.75 220.77 220.76 220.76 220.74 220.72 220.72 220.72 220.68 220.65 220.57 220.49 220.53 220.57 220.66 220.76 220.75 220.43 220.43 220.42 220.39 220.35 220.34 220.32 220.33 220.34 220.38 220.41 220.45 220.49 220.52 220.55 220.56 220.56 220.59 220.62 220.65 220.67 220.69 220.70 220.74 220.78 220.77 220.75 220.70 220.65 220.75 220.84 220.93 221.02 221.04 221.06 221.08 221.10 221.19 221.28 221.38 221.48 221.41 221.34 221.40 221.45 221.42 221.38 221.32 221.25 221.29 221.32 221.35 221.37 221.31 221.24 221.25 221.26 221.21 221.16 221.15 221.14 221.15 221.15 221.15 221.15 221.12 221.09 221.07 221.04 220.96 220.88 220.82 220.77 220.70 220.64 220.59 220.54 220.54 220.54 220.59 220.64 220.70 220.76 220.78 220.79 220.76 220.74 220.79 220.84 220.92 221.00 220.94 220.88 220.88 220.88 220.87 220.85 220.81 220.76 220.80 220.84 220.81 220.78 220.80 220.81 220.78 220.75 220.70 220.65 220.54 220.42 220.51 220.59 220.68 220.76 220.75 220.44 220.45 220.45 220.41 220.37 220.36 220.36 220.38 220.41 220.43 220.45 220.48 220.52 220.55 220.57 220.57 220.57 220.58 220.59 220.63 220.67 220.69 220.71 220.74 220.78 220.73 220.68 220.63 220.57 220.70 220.82 220.92 221.01 220.99 220.97 220.97 220.97 221.09 221.21 221.28 221.35 221.31 221.28 221.33 221.39 221.36 221.32 221.27 221.21 221.25 221.29 221.29 221.30 221.24 221.19 221.14 221.10 221.08 221.05 221.02 221.00 221.05 221.10 221.14 221.18 221.10 221.02 220.96 220.91 220.85 220.79 220.75 220.70 220.72 220.73 220.77 220.81 220.79 220.76 220.77 220.79 220.76 220.74 220.73 220.72 220.69 220.66 220.68 220.70 220.81 220.91 220.90 220.90 220.91 220.92 220.85 220.79 220.71 220.63 220.65 220.67 220.65 220.63 220.60 220.58 220.57 220.56 220.54 220.51 220.54 220.57 220.67 220.76 220.71 220.67 220.66 220.45 220.47 220.49 220.44 220.38 220.39 220.39 220.44 220.48 220.48 220.48 220.52 220.55 220.57 220.59 220.59 220.58 220.57 220.56 220.61 220.66 220.69 220.72 220.75 220.77 220.69 220.61 220.55 220.49 220.65 220.80 220.91 221.01 220.94 220.87 220.86 220.84 220.99 221.14 221.18 221.21 221.22 221.22 221.27 221.32 221.29 221.27 221.22 221.17 221.21 221.25 221.24 221.22 221.18 221.13 221.04 220.94 220.94 220.94 220.90 220.85 220.95 221.05 221.13 221.21 221.08 220.95 220.86 220.77 220.74 220.71 220.67 220.63 220.73 220.82 220.95 221.08 221.03 220.98 220.95 220.93 220.83 220.72 220.68 220.64 220.61 220.57 220.57 220.57 220.69 220.81 220.87 220.92 220.94 220.95 220.84 220.73 220.62 220.50 220.50 220.49 220.48 220.48 220.41 220.34 220.36 220.37 220.38 220.38 220.55 220.72 220.83 220.93 220.75 220.57 220.57 220.43 220.49 220.54 220.52 220.50 220.49 220.49 220.55 220.60 220.60 220.60 220.59 220.59 220.59 220.59 220.61 220.62 220.64 220.65 220.67 220.68 220.66 220.64 220.56 220.47 220.39 220.32 220.35 220.38 220.52 220.66 220.80 220.94 220.93 220.92 220.95 220.97 221.08 221.20 221.22 221.24 221.23 221.21 221.27 221.33 221.33 221.32 221.29 221.25 221.24 221.24 221.22 221.21 221.21 221.22 221.23 221.24 221.17 221.11 221.01 220.91 221.01 221.11 221.19 221.26 221.17 221.07 221.02 220.97 220.93 220.89 220.88 220.88 220.97 221.06 221.11 221.17 221.13 221.09 221.06 221.03 220.92 220.81 220.77 220.73 220.69 220.66 220.64 220.63 220.71 220.78 220.84 220.90 220.88 220.86 220.77 220.68 220.58 220.49 220.50 220.51 220.47 220.43 220.37 220.32 220.40 220.49 220.53 220.57 220.68 220.79 220.79 220.78 220.70 220.63 220.69 220.41 220.51 220.60 220.61 220.61 220.60 220.59 220.66 220.72 220.72 220.72 220.67 220.62 220.61 220.59 220.63 220.66 220.70 220.74 220.72 220.70 220.63 220.56 220.37 220.17 220.10 220.02 220.14 220.26 220.39 220.52 220.69 220.86 220.92 220.97 221.04 221.10 221.18 221.25 221.26 221.27 221.23 221.20 221.27 221.34 221.36 221.37 221.35 221.33 221.28 221.22 221.21 221.20 221.25 221.30 221.42 221.53 221.41 221.28 221.13 220.97 221.07 221.16 221.24 221.32 221.25 221.18 221.18 221.17 221.12 221.06 221.10 221.13 221.22 221.30 221.28 221.25 221.23 221.20 221.16 221.12 221.01 220.90 220.86 220.81 220.78 220.74 220.72 220.69 220.72 220.75 220.81 220.87 220.82 220.77 220.70 220.63 220.55 220.47 220.50 220.52 220.45 220.38 220.34 220.29 220.45 220.61 220.69 220.76 220.81 220.86 220.75 220.63 220.66 220.68 220.82 220.53 220.60 220.67 220.70 220.73 220.72 220.70 220.75 220.80 220.76 220.73 220.65 220.58 220.55 220.52 220.58 220.63 220.64 220.65 220.58 220.52 220.42 220.32 220.22 220.12 220.16 220.20 220.37 220.54 220.62 220.70 220.79 220.88 220.98 221.09 221.14 221.18 221.24 221.29 221.29 221.29 221.28 221.27 221.29 221.31 221.32 221.33 221.34 221.35 221.32 221.29 221.30 221.31 221.36 221.41 221.47 221.53 221.37 221.22 221.12 221.03 221.10 221.16 221.23 221.29 221.24 221.19 221.19 221.19 221.17 221.15 221.18 221.21 221.26 221.31 221.27 221.23 221.22 221.20 221.17 221.13 221.00 220.88 220.78 220.69 220.69 220.69 220.70 220.71 220.69 220.68 220.69 220.70 220.66 220.62 220.61 220.60 220.60 220.60 220.62 220.64 220.60 220.57 220.55 220.53 220.63 220.74 220.77 220.81 220.84 220.87 220.82 220.76 220.79 220.81 220.88 220.64 220.69 220.73 220.79 220.85 220.84 220.82 220.85 220.87 220.80 220.73 220.63 220.53 220.49 220.45 220.53 220.60 220.58 220.55 220.45 220.34 220.21 220.08 220.08 220.07 220.22 220.37 220.60 220.82 220.85 220.87 220.88 220.89 221.05 221.21 221.23 221.26 221.30 221.33 221.32 221.30 221.32 221.33 221.30 221.27 221.28 221.28 221.32 221.36 221.36 221.36 221.39 221.41 221.47 221.52 221.53 221.53 221.34 221.15 221.12 221.09 221.13 221.16 221.21 221.26 221.23 221.19 221.20 221.20 221.22 221.24 221.26 221.29 221.31 221.32 221.26 221.21 221.21 221.21 221.17 221.13 220.99 220.85 220.71 220.57 220.60 220.63 220.68 220.72 220.66 220.60 220.57 220.54 220.51 220.47 220.52 220.57 220.65 220.72 220.74 220.75 220.76 220.76 220.76 220.77 220.82 220.86 220.86 220.86 220.87 220.87 220.89 220.90 220.92 220.93 220.94 220.63 220.66 220.70 220.75 220.79 220.79 220.79 220.80 220.80 220.75 220.70 220.64 220.58 220.55 220.52 220.52 220.52 220.46 220.41 220.33 220.26 220.23 220.21 220.24 220.26 220.38 220.50 220.71 220.92 220.96 221.00 221.00 221.01 221.08 221.16 221.11 221.06 221.11 221.16 221.16 221.16 221.19 221.23 221.22 221.22 221.26 221.30 221.36 221.42 221.43 221.44 221.44 221.45 221.49 221.53 221.54 221.54 221.42 221.29 221.20 221.10 221.14 221.18 221.21 221.25 221.17 221.09 221.07 221.05 221.08 221.12 221.14 221.16 221.16 221.16 221.15 221.13 221.15 221.18 221.11 221.05 220.95 220.85 220.75 220.65 220.72 220.79 220.79 220.79 220.73 220.67 220.66 220.65 220.60 220.55 220.57 220.60 220.63 220.67 220.66 220.64 220.66 220.69 220.78 220.87 220.89 220.91 220.88 220.85 220.87 220.89 220.92 220.95 220.95 220.95 220.97 220.61 220.64 220.67 220.70 220.74 220.75 220.76 220.75 220.73 220.70 220.68 220.66 220.63 220.61 220.59 220.52 220.44 220.35 220.26 220.22 220.18 220.26 220.33 220.40 220.46 220.54 220.63 220.82 221.01 221.07 221.13 221.13 221.12 221.11 221.10 220.98 220.86 220.93 220.99 221.00 221.01 221.07 221.13 221.15 221.16 221.24 221.32 221.40 221.47 221.50 221.52 221.50 221.48 221.51 221.54 221.55 221.55 221.49 221.43 221.27 221.11 221.15 221.19 221.21 221.23 221.11 220.99 220.94 220.89 220.95 221.00 221.01 221.02 221.01 221.00 221.03 221.05 221.10 221.14 221.06 220.97 220.91 220.85 220.79 220.73 220.84 220.94 220.90 220.86 220.80 220.74 220.75 220.76 220.70 220.63 220.63 220.62 220.62 220.62 220.58 220.53 220.57 220.61 220.79 220.97 220.96 220.95 220.90 220.84 220.87 220.90 220.95 221.00 220.99 220.98 220.99 </TempDataArray>
    </BinaryData>
    <End xmlns="" EndString="7777"/>
</gribObject>
