<?xml version="1.0" encoding="UTF-8" standalone="yes"?>
<gribObject xmlns:xsi="http://www.w3.org/2001/XMLSchema-instance" xmlns:xsd="http://www.w3.org/2001/XMLSchema" xmlns="http://c4i.mlt/ICDU/schema" ForecastTime="2025-09-25T12:00:00.000Z" RunTime="2025-09-25T12:00:00.000Z" ParameterName="Relative humidity" FileName="newsingapore">
    <Indicator xmlns="" GribHeader="GRIB" NumOfOctets="21" GribType="2"/>
    <ProductDefinition xmlns="" NumOfOctets="4" ParamTableVersion="2" OrigCenter="7" ProcessID="81" GridID="36" GDS_BDS_Flag="128" ParamAndUnits="157" LevelType="0" Level="200" ReferenceTime="25" Month="9" Day="25" Hour="12" Minute="0" ForecastTimeUnits="1" PeriodOfTime1="12" PeriodOfTime2="0" TimeRangeIndicator="1" NumInAverage="18" NumMissingAverage="0" CenturyOfReference="21" SubcenterID="0" DecimalScaleFactor="1" Reserved1="0" Lat1="-11000" Lon1="91000" Lat2="-9500" Lon2="105375" Di="125" Dj="125"/>
    <GridDescription xmlns="" NumOfOctets="72" NV="0" PV="255" DataRepresentationType="0">
        <LatLonProjection Ni="116" Nj="13" Flags="128" ScanFlags="64" Reserved="0"/>
    </GridDescription>
    <BinaryData xmlns="" NumOfOctets="6032" FlagsAndUnused="12" BinaryScaleFactor="0" ReferenceValue="127.000000" DatumPacked="1508" OptionalFlags="0">
        <TempDataArray>15.60 15.80 15.90 15.80 15.70 15.70 15.60 16.30 17.00 18.30 19.50 19.90 20.30 20.40 20.50 20.30 20.00 19.30 18.60 18.10 17.60 17.90 18.20 18.30 18.30 17.80 17.40 17.50 17.50 17.60 17.60 17.60 17.50 17.70 17.90 17.70 17.50 16.90 16.20 16.00 15.70 16.10 16.40 16.90 17.40 17.50 17.60 17.70 17.70 17.80 17.90 17.60 17.20 16.70 16.10 15.90 15.70 16.20 16.60 17.10 17.50 17.30 17.10 16.80 16.40 16.10 15.70 15.30 14.90 14.70 14.40 14.30 14.20 14.30 14.30 14.50 14.70 15.00 15.20 15.40 15.50 15.50 15.50 15.40 15.20 15.30 15.40 15.40 15.30 14.70 14.10 13.90 13.60 13.70 13.80 13.60 13.40 13.40 13.40 13.80 14.10 14.20 14.20 14.20 14.20 14.30 14.30 14.30 14.20 14.20 14.10 14.40 14.60 15.10 15.60 16.90 16.60 16.60 16.60 16.40 16.20 16.30 16.50 17.00 17.50 19.30 21.00 22.40 23.80 23.30 22.80 23.00 23.20 22.70 22.20 21.60 20.90 20.40 20.00 19.40 18.80 18.10 17.30 17.30 17.30 17.30 17.40 17.30 17.10 17.40 17.80 17.60 17.40 16.70 16.00 15.80 15.70 16.20 16.70 17.10 17.60 17.70 17.80 17.90 18.00 18.10 18.30 18.20 18.20 17.80 17.40 17.20 16.90 17.10 17.30 17.50 17.70 17.40 17.20 16.80 16.50 16.20 15.90 15.50 15.20 14.90 14.70 14.60 14.60 14.50 14.50 14.60 14.80 14.90 15.10 15.20 15.30 15.20 15.20 15.10 15.00 15.20 15.30 15.30 15.40 14.90 14.50 14.20 14.00 14.10 14.30 14.30 14.40 14.30 14.30 14.40 14.50 14.40 14.40 14.30 14.30 14.40 14.50 14.50 14.60 14.50 14.50 14.60 14.80 15.20 15.60 16.60 17.50 17.40 17.20 16.90 16.60 17.00 17.40 17.70 18.00 20.30 22.50 24.90 27.20 26.10 25.00 25.70 26.40 26.10 25.80 25.00 24.20 23.00 21.70 20.60 19.40 18.30 17.30 17.20 17.00 17.10 17.20 17.00 16.70 17.20 17.60 17.40 17.20 16.50 15.80 15.70 15.60 16.30 16.90 17.30 17.70 17.80 17.90 18.10 18.20 18.50 18.70 18.90 19.10 18.90 18.70 18.40 18.10 18.10 18.00 18.00 17.90 17.60 17.20 16.90 16.50 16.30 16.00 15.70 15.40 15.20 14.90 14.90 14.90 14.80 14.70 14.80 14.80 14.90 15.00 15.00 15.00 14.90 14.80 14.80 14.80 15.00 15.20 15.30 15.40 15.10 14.80 14.60 14.30 14.60 14.80 15.10 15.30 15.30 15.20 15.10 14.90 14.70 14.50 14.50 14.40 14.50 14.60 14.80 14.90 14.90 14.80 14.90 14.90 15.20 15.50 16.40 19.00 18.60 18.30 18.00 17.80 17.90 18.10 18.20 18.40 20.50 22.60 25.60 28.60 29.20 29.80 30.50 31.20 30.70 30.20 29.40 28.60 26.50 24.40 22.50 20.60 19.30 18.00 17.50 16.90 16.90 16.80 16.60 16.50 16.80 17.10 17.10 17.10 16.90 16.80 16.60 16.40 16.60 16.80 17.10 17.40 17.50 17.70 17.90 18.00 18.30 18.60 18.90 19.20 19.00 18.90 18.60 18.30 18.10 18.00 17.80 17.70 17.40 17.10 16.90 16.70 16.50 16.40 16.00 15.70 15.30 15.00 14.90 14.80 14.80 14.80 14.80 14.80 14.80 14.80 14.60 14.40 14.30 14.20 14.30 14.40 14.50 14.70 15.00 15.30 15.10 14.90 14.70 14.60 14.70 14.80 14.90 15.10 15.10 15.00 14.80 14.60 14.40 14.10 14.00 14.00 14.10 14.20 14.40 14.70 14.70 14.80 15.00 15.20 15.50 15.90 16.50 20.50 19.90 19.30 19.10 18.90 18.80 18.70 18.70 18.70 20.70 22.60 26.30 29.90 32.30 34.60 35.30 35.90 35.30 34.60 33.80 33.00 30.00 27.00 24.40 21.70 20.20 18.70 17.80 16.80 16.60 16.40 16.30 16.20 16.40 16.50 16.80 17.00 17.40 17.70 17.50 17.20 17.00 16.70 16.90 17.00 17.30 17.50 17.70 17.80 18.10 18.40 18.80 19.20 19.20 19.10 18.80 18.40 18.20 17.90 17.70 17.50 17.20 16.90 16.80 16.80 16.80 16.70 16.30 15.90 15.50 15.10 14.90 14.70 14.80 14.80 14.80 14.80 14.70 14.60 14.20 13.70 13.70 13.60 13.80 13.90 14.10 14.20 14.70 15.10 15.10 15.00 14.90 14.80 14.80 14.70 14.80 14.90 14.90 14.80 14.60 14.30 14.00 13.70 13.60 13.50 13.60 13.70 14.10 14.40 14.60 14.80 15.10 15.40 15.90 16.30 16.60 26.70 25.80 24.80 23.80 22.70 21.40 20.00 20.20 20.50 22.10 23.70 26.70 29.60 31.80 34.00 35.30 36.60 36.20 35.80 34.80 33.90 32.10 30.30 28.00 25.60 22.60 19.50 18.40 17.30 16.80 16.30 16.30 16.30 16.40 16.50 16.80 17.10 17.30 17.60 17.10 16.50 16.30 16.10 16.10 16.20 16.30 16.50 16.90 17.30 17.70 18.20 18.60 19.10 19.00 19.00 18.60 18.30 17.90 17.60 17.10 16.70 16.60 16.50 16.40 16.40 16.30 16.20 16.00 15.80 15.60 15.40 15.20 15.10 14.90 14.70 14.50 14.20 14.10 14.00 13.70 13.50 13.40 13.40 13.50 13.60 13.60 13.60 14.20 14.80 14.90 15.00 14.90 14.90 14.80 14.70 14.60 14.50 14.50 14.60 14.60 14.60 14.40 14.30 14.10 14.00 14.10 14.10 14.50 15.00 15.30 15.60 15.70 15.80 15.90 16.00 16.00 32.80 31.60 30.40 28.50 26.50 23.90 21.30 21.80 22.20 23.50 24.80 27.10 29.30 31.40 33.40 35.40 37.30 37.10 36.90 35.80 34.70 34.20 33.60 31.60 29.50 24.90 20.30 19.00 17.70 17.00 16.20 16.30 16.30 16.40 16.50 16.80 17.10 17.30 17.50 16.70 15.80 15.70 15.50 15.40 15.30 15.40 15.50 16.10 16.70 17.30 17.90 18.40 18.90 18.90 18.90 18.50 18.10 17.70 17.20 16.60 15.90 16.00 16.00 16.00 16.00 15.80 15.60 15.60 15.60 15.60 15.60 15.50 15.40 15.00 14.60 14.10 13.60 13.50 13.30 13.30 13.20 13.20 13.20 13.30 13.30 13.10 12.90 13.70 14.40 14.70 14.90 14.90 14.90 14.80 14.60 14.30 14.00 14.20 14.30 14.60 14.80 14.80 14.80 14.70 14.50 14.50 14.50 15.00 15.50 15.90 16.30 16.30 16.20 15.90 15.60 15.40 32.60 31.20 29.90 27.70 25.50 23.80 22.10 22.90 23.70 24.70 25.60 26.90 28.20 30.20 32.30 34.90 37.60 38.30 38.90 38.10 37.20 36.30 35.30 32.90 30.50 25.90 21.30 20.30 19.20 17.90 16.60 16.50 16.30 16.40 16.40 16.60 16.80 16.80 16.90 16.30 15.80 15.70 15.60 15.50 15.50 15.50 15.60 16.00 16.50 17.00 17.50 17.90 18.30 18.30 18.30 17.90 17.40 16.90 16.40 15.90 15.40 15.30 15.20 15.10 15.10 14.90 14.80 14.90 15.00 15.00 15.00 15.00 14.90 14.80 14.70 14.50 14.40 13.90 13.50 13.40 13.40 13.50 13.70 13.70 13.70 13.40 13.10 13.40 13.80 14.00 14.20 14.20 14.20 14.10 14.00 13.90 13.80 14.10 14.40 15.00 15.70 16.10 16.50 16.10 15.70 15.60 15.40 15.70 15.90 16.20 16.40 16.20 16.10 15.60 15.20 15.10 32.30 30.90 29.40 26.90 24.40 23.60 22.80 24.00 25.20 25.80 26.40 26.70 27.00 29.10 31.10 34.50 37.90 39.40 40.90 40.30 39.70 38.40 37.00 34.20 31.40 26.90 22.40 21.50 20.60 18.80 16.90 16.70 16.40 16.30 16.20 16.30 16.40 16.30 16.30 16.00 15.70 15.70 15.60 15.70 15.70 15.70 15.60 15.90 16.20 16.60 17.00 17.30 17.60 17.70 17.80 17.30 16.70 16.10 15.50 15.20 14.90 14.60 14.30 14.20 14.10 14.10 14.00 14.20 14.30 14.40 14.40 14.40 14.40 14.60 14.80 15.00 15.10 14.40 13.60 13.60 13.50 13.90 14.20 14.10 14.00 13.70 13.30 13.20 13.10 13.30 13.50 13.50 13.50 13.50 13.40 13.50 13.60 14.00 14.40 15.50 16.60 17.40 18.10 17.50 16.90 16.60 16.30 16.30 16.30 16.40 16.50 16.20 15.90 15.30 14.70 14.70 32.30 30.60 28.90 26.70 24.50 24.10 23.80 25.70 27.60 28.10 28.70 28.60 28.50 30.80 33.20 36.20 39.20 41.00 42.80 41.80 40.80 38.70 36.70 34.60 32.40 28.10 23.80 22.40 20.90 19.00 17.10 16.60 16.10 16.00 15.90 16.10 16.30 16.20 16.20 16.10 16.00 15.90 15.80 15.70 15.60 15.50 15.40 15.50 15.60 15.70 15.90 16.30 16.70 17.10 17.50 16.80 16.20 15.40 14.60 14.30 14.00 13.80 13.70 13.70 13.80 13.80 13.90 14.00 14.10 14.20 14.30 14.30 14.30 14.70 15.20 15.40 15.70 15.30 14.90 14.90 14.90 14.90 14.90 14.60 14.30 13.80 13.30 13.20 13.10 13.30 13.50 13.50 13.50 13.50 13.50 13.40 13.40 13.50 13.60 14.30 15.10 16.20 17.30 17.40 17.50 17.20 17.00 16.70 16.30 16.20 16.10 15.90 15.70 15.60 15.50 15.80 32.30 30.40 28.40 26.50 24.60 24.70 24.70 27.30 29.90 30.40 30.90 30.50 30.00 32.60 35.20 37.80 40.40 42.60 44.70 43.30 41.80 39.10 36.40 34.90 33.40 29.40 25.30 23.20 21.10 19.20 17.30 16.50 15.70 15.70 15.60 15.90 16.10 16.10 16.10 16.20 16.30 16.20 16.00 15.70 15.40 15.30 15.10 15.00 14.90 14.80 14.70 15.20 15.70 16.40 17.10 16.40 15.60 14.70 13.70 13.40 13.10 13.10 13.00 13.20 13.40 13.60 13.70 13.80 13.90 14.00 14.10 14.20 14.20 14.90 15.50 15.90 16.30 16.30 16.20 16.20 16.20 15.90 15.50 15.00 14.50 13.90 13.20 13.10 13.00 13.30 13.50 13.50 13.40 13.50 13.50 13.40 13.20 13.00 12.70 13.20 13.60 15.10 16.50 17.30 18.10 17.90 17.60 17.00 16.40 16.10 15.70 15.60 15.50 15.90 16.20 16.80 32.10 30.80 29.50 28.30 27.20 27.60 28.10 31.00 34.00 34.30 34.60 33.60 32.60 34.50 36.50 40.10 43.70 45.60 47.60 44.50 41.50 39.00 36.50 35.70 35.00 31.10 27.20 24.80 22.40 21.00 19.70 18.60 17.60 17.40 17.30 17.10 17.00 16.50 15.90 16.00 16.00 15.90 15.90 15.50 15.20 14.90 14.70 14.50 14.30 14.30 14.20 14.60 14.90 15.30 15.60 15.10 14.50 13.90 13.30 13.10 13.00 12.90 12.90 13.10 13.30 13.50 13.70 13.80 13.90 14.00 14.00 14.00 14.10 14.40 14.80 15.40 15.90 16.00 16.20 16.20 16.20 15.90 15.70 15.30 14.80 14.40 14.00 14.10 14.20 14.40 14.70 14.50 14.30 14.40 14.50 14.50 14.50 14.40 14.30 14.90 15.60 16.60 17.70 18.70 19.70 19.30 19.00 18.20 17.50 17.30 17.10 17.20 17.40 17.90 18.50 19.00 31.80 31.20 30.60 30.20 29.70 30.60 31.50 34.80 38.00 38.10 38.20 36.70 35.10 36.40 37.80 42.40 46.90 48.70 50.40 45.80 41.20 38.90 36.50 36.50 36.50 32.80 29.00 26.40 23.70 22.90 22.00 20.80 19.50 19.20 18.90 18.40 17.90 16.80 15.70 15.70 15.70 15.70 15.70 15.40 15.00 14.60 14.20 14.00 13.70 13.70 13.70 13.90 14.10 14.10 14.10 13.80 13.40 13.10 12.80 12.80 12.80 12.80 12.80 13.00 13.10 13.40 13.60 13.80 13.90 13.90 13.90 13.90 13.90 14.00 14.10 14.80 15.50 15.80 16.10 16.10 16.10 16.00 15.90 15.50 15.10 15.00 14.80 15.10 15.40 15.60 15.80 15.50 15.20 15.30 15.40 15.60 15.70 15.80 15.80 16.70 17.50 18.20 18.80 20.00 21.20 20.80 20.40 19.50 18.50 18.50 18.40 18.80 19.20 20.00 20.80 21.10 </TempDataArray>
    </BinaryData>
    <End xmlns="" EndString="7777"/>
</gribObject>
