<?xml version="1.0" encoding="UTF-8" standalone="yes"?>
<gribObject xmlns:xsi="http://www.w3.org/2001/XMLSchema-instance" xmlns:xsd="http://www.w3.org/2001/XMLSchema" xmlns="http://c4i.mlt/ICDU/schema" ForecastTime="2025-09-25T12:00:00.000Z" RunTime="2025-09-25T12:00:00.000Z" ParameterName="Relative humidity" FileName="newsingapore">
    <Indicator xmlns="" GribHeader="GRIB" NumOfOctets="21" GribType="2"/>
    <ProductDefinition xmlns="" NumOfOctets="4" ParamTableVersion="2" OrigCenter="7" ProcessID="81" GridID="36" GDS_BDS_Flag="128" ParamAndUnits="157" LevelType="0" Level="300" ReferenceTime="25" Month="9" Day="25" Hour="12" Minute="0" ForecastTimeUnits="1" PeriodOfTime1="12" PeriodOfTime2="0" TimeRangeIndicator="1" NumInAverage="26" NumMissingAverage="0" CenturyOfReference="21" SubcenterID="0" DecimalScaleFactor="1" Reserved1="0" Lat1="-11000" Lon1="91000" Lat2="-9500" Lon2="105375" Di="125" Dj="125"/>
    <GridDescription xmlns="" NumOfOctets="72" NV="0" PV="255" DataRepresentationType="0">
        <LatLonProjection Ni="116" Nj="13" Flags="128" ScanFlags="64" Reserved="0"/>
    </GridDescription>
    <BinaryData xmlns="" NumOfOctets="6032" FlagsAndUnused="12" BinaryScaleFactor="0" ReferenceValue="7.000000" DatumPacked="1508" OptionalFlags="0">
        <TempDataArray>100.00 100.00 100.00 95.40 90.70 52.80 14.90 8.80 2.60 2.30 2.00 1.90 1.80 1.90 2.00 2.70 3.30 3.60 3.80 4.40 4.90 5.30 5.70 5.60 5.40 5.20 5.00 5.20 5.30 5.10 4.80 4.80 4.80 5.20 5.60 6.00 6.30 6.70 7.10 7.10 7.00 6.50 6.00 5.40 4.80 4.50 4.10 4.00 3.90 4.10 4.20 4.30 4.30 4.30 4.30 4.20 4.00 4.00 3.90 3.80 3.60 3.50 3.40 3.30 3.20 3.40 3.50 3.70 3.90 3.80 3.60 3.70 3.70 3.80 3.90 3.90 3.80 3.70 3.60 3.70 3.80 4.50 5.10 6.10 7.00 8.00 8.90 10.60 12.30 15.00 17.60 18.20 18.80 18.90 19.00 19.00 18.90 17.70 16.40 16.80 17.10 16.60 16.00 16.40 16.80 17.30 17.80 17.70 17.50 17.00 16.40 16.20 15.90 16.00 16.00 16.20 100.00 100.00 100.00 95.80 91.60 60.00 28.30 16.80 5.30 4.60 3.90 6.90 9.80 15.80 21.70 23.70 25.80 16.50 7.20 6.20 5.30 6.10 6.90 7.30 7.80 9.20 10.60 12.50 14.40 12.60 10.80 7.70 4.70 4.60 4.50 5.00 5.60 6.50 7.40 7.70 8.00 7.40 6.90 6.20 5.60 5.00 4.30 4.00 3.60 3.60 3.70 3.70 3.80 3.80 3.70 3.70 3.70 3.80 3.90 3.80 3.80 4.30 4.80 5.50 6.10 6.20 6.30 6.40 6.60 5.50 4.40 4.00 3.60 3.70 3.80 3.80 3.70 3.70 3.60 4.10 4.60 5.50 6.40 7.30 8.30 9.20 10.20 11.60 13.00 14.90 16.90 17.10 17.30 17.50 17.70 17.90 18.20 17.80 17.50 17.80 18.20 17.70 17.30 17.50 17.80 18.10 18.40 18.40 18.30 18.10 17.80 17.80 17.70 17.80 17.80 17.70 100.00 100.00 100.00 96.30 92.60 67.20 41.70 24.80 7.90 6.80 5.70 11.80 17.90 29.60 41.30 44.80 48.20 29.40 10.50 8.10 5.70 6.90 8.00 9.10 10.10 13.10 16.10 19.80 23.50 20.10 16.70 10.60 4.50 3.90 3.30 4.10 4.80 6.30 7.70 8.30 8.90 8.30 7.70 7.10 6.40 5.50 4.50 3.90 3.30 3.20 3.10 3.20 3.30 3.20 3.10 3.20 3.30 3.60 3.90 3.90 3.90 5.10 6.20 7.60 9.00 9.00 9.00 9.10 9.20 7.20 5.20 4.40 3.50 3.60 3.70 3.70 3.60 3.60 3.60 4.50 5.30 6.50 7.60 8.60 9.50 10.50 11.40 12.50 13.60 14.90 16.10 16.00 15.90 16.10 16.30 16.90 17.50 18.00 18.50 18.90 19.30 18.90 18.50 18.60 18.70 18.90 19.00 19.10 19.10 19.20 19.20 19.40 19.50 19.60 19.60 19.30 94.80 91.60 88.50 83.40 78.30 62.30 46.20 36.70 27.30 29.60 31.90 39.30 46.70 55.00 63.40 66.40 69.50 47.40 25.30 16.70 8.20 9.00 9.70 11.90 14.10 20.20 26.40 30.10 33.80 28.50 23.20 16.80 10.40 6.80 3.20 3.00 2.80 4.40 6.10 7.70 9.40 8.30 7.20 6.50 5.70 5.10 4.50 4.20 3.90 3.90 3.90 3.80 3.80 3.70 3.60 3.80 4.10 4.80 5.50 5.70 5.90 7.10 8.30 9.80 11.30 11.40 11.50 11.20 11.00 9.00 7.00 5.40 3.80 3.90 4.10 4.30 4.40 4.60 4.80 5.50 6.30 7.10 7.90 8.70 9.50 10.90 12.30 12.70 13.10 13.40 13.70 13.80 13.90 14.50 15.10 15.70 16.40 17.00 17.60 18.20 18.80 18.50 18.10 18.00 18.00 18.20 18.40 18.20 18.00 18.00 17.90 18.20 18.50 18.60 18.70 18.30 89.60 83.30 76.90 70.50 64.00 57.40 50.70 48.70 46.60 52.40 58.10 66.80 75.50 80.50 85.40 88.10 90.80 65.40 40.00 25.40 10.70 11.00 11.40 14.70 18.00 27.40 36.70 40.40 44.10 36.90 29.70 23.00 16.30 9.70 3.10 1.90 0.70 2.60 4.40 7.10 9.80 8.30 6.70 5.90 5.00 4.70 4.40 4.50 4.50 4.60 4.60 4.40 4.20 4.10 4.00 4.40 4.80 5.90 7.00 7.40 7.80 9.10 10.40 12.00 13.60 13.80 13.90 13.40 12.80 10.80 8.80 6.40 4.00 4.30 4.50 4.90 5.20 5.60 6.00 6.60 7.20 7.70 8.10 8.80 9.50 11.30 13.10 12.90 12.60 12.00 11.30 11.60 11.90 12.90 13.80 14.60 15.30 16.00 16.70 17.50 18.30 18.00 17.70 17.50 17.20 17.50 17.70 17.30 16.90 16.80 16.60 17.10 17.50 17.60 17.70 17.40 89.00 84.80 80.60 75.70 70.80 68.40 66.10 68.70 71.30 73.80 76.30 79.30 82.30 83.80 85.40 86.60 87.70 68.10 48.40 34.00 19.70 18.60 17.60 20.20 22.90 33.10 43.30 46.80 50.30 41.00 31.80 24.30 16.90 11.70 6.60 4.80 3.10 4.90 6.70 9.50 12.40 12.10 11.90 10.30 8.70 7.10 5.50 5.40 5.30 5.10 5.00 4.80 4.60 4.90 5.10 5.70 6.40 7.50 8.70 8.90 9.20 9.20 9.30 10.20 11.10 11.40 11.60 11.60 11.60 10.80 10.10 8.80 7.60 7.40 7.20 6.70 6.30 6.40 6.50 7.10 7.70 8.20 8.80 10.30 11.90 12.90 13.90 13.10 12.20 11.60 11.10 11.80 12.50 13.90 15.30 16.00 16.80 17.10 17.40 17.20 17.00 16.60 16.20 16.20 16.20 16.50 16.90 16.80 16.70 16.30 16.00 16.00 15.90 16.10 16.20 16.10 88.30 86.30 84.20 80.90 77.60 79.50 81.40 88.70 95.90 95.20 94.50 91.80 89.00 87.20 85.40 85.00 84.60 70.70 56.80 42.70 28.60 26.20 23.80 25.80 27.70 38.80 49.90 53.20 56.50 45.20 33.80 25.70 17.50 13.80 10.00 7.80 5.50 7.20 8.90 11.90 14.90 16.00 17.00 14.70 12.30 9.40 6.50 6.30 6.00 5.70 5.40 5.30 5.10 5.60 6.10 7.00 7.90 9.20 10.40 10.50 10.50 9.30 8.10 8.40 8.60 9.00 9.30 9.90 10.40 10.90 11.30 11.30 11.20 10.50 9.90 8.60 7.30 7.10 6.90 7.60 8.20 8.80 9.40 11.90 14.30 14.50 14.70 13.30 11.80 11.30 10.80 12.00 13.10 14.90 16.70 17.50 18.30 18.20 18.00 16.80 15.60 15.10 14.60 14.90 15.20 15.60 16.00 16.20 16.40 15.90 15.40 14.90 14.30 14.50 14.70 14.80 91.80 90.80 89.80 89.30 88.80 89.80 90.70 94.30 98.00 97.60 97.30 95.90 94.50 93.60 92.70 89.90 87.10 75.30 63.60 51.00 38.50 37.70 37.00 36.80 36.60 47.50 58.40 57.20 56.00 44.90 33.90 26.10 18.40 15.00 11.70 11.00 10.40 15.50 20.70 24.40 28.20 25.90 23.60 20.90 18.30 14.90 11.60 10.60 9.70 8.30 6.90 6.60 6.40 6.70 7.10 7.80 8.40 9.30 10.20 9.80 9.50 8.30 7.20 7.30 7.40 7.80 8.20 8.60 9.00 9.90 10.90 11.20 11.40 11.00 10.60 9.60 8.60 8.40 8.20 9.00 9.80 10.90 12.00 14.00 16.00 15.90 15.90 14.80 13.70 14.00 14.30 15.10 15.90 16.70 17.50 17.80 18.10 17.80 17.60 16.20 14.80 14.60 14.40 14.70 15.00 15.50 15.90 15.90 16.00 15.80 15.70 16.00 16.40 16.20 16.10 16.40 95.20 95.30 95.40 97.70 100.00 100.00 100.00 100.00 100.00 100.00 100.00 100.00 100.00 100.00 100.00 94.80 89.50 79.90 70.30 59.30 48.30 49.30 50.20 47.80 45.40 56.20 66.90 61.20 55.50 44.70 33.90 26.60 19.30 16.30 13.30 14.30 15.20 23.90 32.50 37.00 41.40 35.80 30.10 27.20 24.30 20.50 16.60 15.00 13.30 10.80 8.30 8.00 7.60 7.90 8.10 8.50 8.90 9.50 10.00 9.20 8.40 7.30 6.20 6.20 6.20 6.60 7.00 7.30 7.50 9.00 10.50 11.10 11.60 11.50 11.30 10.60 9.90 9.70 9.40 10.40 11.30 13.00 14.60 16.10 17.60 17.30 17.00 16.30 15.60 16.70 17.80 18.20 18.60 18.50 18.30 18.10 17.80 17.50 17.10 15.60 14.00 14.10 14.10 14.50 14.80 15.30 15.80 15.70 15.50 15.70 15.90 17.20 18.40 18.00 17.50 18.10 97.50 97.20 96.90 98.30 99.70 99.90 100.00 100.00 100.00 98.90 97.80 98.80 99.70 99.70 99.70 96.20 92.70 85.30 78.00 71.10 64.20 64.70 65.10 59.40 53.70 64.00 74.20 66.60 59.00 50.60 42.20 35.90 29.60 25.70 21.90 23.50 25.10 34.00 42.90 44.30 45.70 39.40 33.20 30.00 26.90 21.80 16.70 14.00 11.40 10.50 9.50 9.20 8.90 9.00 9.10 9.50 9.90 10.00 10.10 9.30 8.40 7.70 7.00 7.20 7.30 7.50 7.60 8.20 8.70 9.90 11.10 10.80 10.60 10.10 9.70 9.40 9.00 9.20 9.40 10.60 11.90 13.50 15.10 15.90 16.70 16.80 17.00 16.80 16.60 17.30 18.00 18.40 18.90 18.60 18.40 17.90 17.50 16.90 16.30 15.00 13.80 13.80 13.80 14.40 15.00 15.50 16.00 16.40 16.80 18.20 19.70 21.20 22.70 20.60 18.50 18.40 99.70 99.00 98.30 98.90 99.40 99.70 100.00 100.00 100.00 97.80 95.60 97.50 99.40 99.40 99.30 97.60 95.80 90.70 85.60 82.90 80.10 80.10 80.00 71.00 62.00 71.80 81.50 72.00 62.40 56.50 50.50 45.20 39.80 35.10 30.40 32.70 35.00 44.10 53.20 51.60 49.90 43.10 36.20 32.80 29.40 23.10 16.70 13.10 9.50 10.10 10.70 10.50 10.20 10.20 10.10 10.50 10.80 10.50 10.20 9.30 8.40 8.10 7.80 8.10 8.40 8.30 8.20 9.00 9.90 10.80 11.60 10.60 9.50 8.80 8.00 8.10 8.20 8.80 9.40 10.90 12.40 14.00 15.50 15.70 15.80 16.40 16.90 17.30 17.60 17.90 18.20 18.70 19.10 18.80 18.50 17.80 17.10 16.30 15.40 14.50 13.50 13.50 13.40 14.30 15.20 15.70 16.10 17.10 18.00 20.80 23.50 25.30 27.00 23.20 19.40 18.70 90.90 91.50 92.10 92.20 92.20 93.50 94.80 94.40 94.00 95.10 96.30 98.00 99.70 99.50 99.20 98.20 97.30 94.80 92.30 91.20 90.10 89.60 89.20 79.30 69.40 79.40 89.30 79.70 70.20 63.90 57.60 52.30 47.00 43.40 39.90 43.10 46.40 51.00 55.50 52.50 49.60 43.30 37.00 33.70 30.40 23.60 16.80 14.20 11.60 16.10 20.70 19.80 18.90 16.80 14.70 14.20 13.80 13.50 13.20 12.30 11.40 10.70 10.00 9.70 9.50 9.50 9.50 10.50 11.50 12.50 13.60 12.40 11.20 10.80 10.40 10.90 11.30 11.90 12.50 13.00 13.50 13.90 14.40 14.70 15.00 16.30 17.60 18.00 18.50 18.50 18.60 18.90 19.30 19.00 18.70 17.90 17.00 16.00 15.10 14.30 13.60 13.80 14.00 14.90 15.80 16.20 16.70 18.10 19.60 20.90 22.30 24.00 25.70 23.90 22.00 21.90 82.00 84.00 85.90 85.50 85.00 87.30 89.50 88.70 87.90 92.40 96.90 98.50 100.00 99.60 99.10 98.90 98.70 98.90 99.00 99.50 100.00 99.20 98.30 87.60 76.80 87.00 97.10 87.50 77.90 71.30 64.60 59.40 54.20 51.80 49.30 53.60 57.80 57.80 57.80 53.50 49.20 43.50 37.70 34.50 31.30 24.10 16.90 15.30 13.70 22.20 30.60 29.10 27.60 23.40 19.20 18.00 16.80 16.50 16.10 15.30 14.40 13.30 12.20 11.40 10.50 10.70 10.90 12.00 13.10 14.30 15.50 14.20 12.80 12.80 12.80 13.60 14.40 15.00 15.50 15.10 14.60 13.90 13.20 13.70 14.10 16.20 18.20 18.80 19.30 19.10 18.90 19.20 19.50 19.20 18.90 17.90 16.90 15.80 14.70 14.20 13.70 14.10 14.50 15.40 16.30 16.80 17.20 19.20 21.20 21.10 21.00 22.70 24.40 24.50 24.60 25.10 </TempDataArray>
    </BinaryData>
    <End xmlns="" EndString="7777"/>
</gribObject>
