<?xml version="1.0" encoding="UTF-8" standalone="yes"?>
<gribObject xmlns:xsi="http://www.w3.org/2001/XMLSchema-instance" xmlns:xsd="http://www.w3.org/2001/XMLSchema" xmlns="http://c4i.mlt/ICDU/schema" ForecastTime="2025-09-29T12:00:00.000Z" RunTime="2025-09-29T12:00:00.000Z" ParameterName="Relative humidity" FileName="newsingapore">
    <Indicator xmlns="" GribHeader="GRIB" NumOfOctets="21" GribType="2"/>
    <ProductDefinition xmlns="" NumOfOctets="4" ParamTableVersion="2" OrigCenter="7" ProcessID="81" GridID="0" GDS_BDS_Flag="128" ParamAndUnits="157" LevelType="0" Level="200" ReferenceTime="29" Month="9" Day="29" Hour="12" Minute="0" ForecastTimeUnits="1" PeriodOfTime1="12" PeriodOfTime2="0" TimeRangeIndicator="1" NumInAverage="53" NumMissingAverage="0" CenturyOfReference="21" SubcenterID="0" DecimalScaleFactor="1" Reserved1="0" Lat1="-11000" Lon1="91000" Lat2="-9500" Lon2="105375" Di="125" Dj="125"/>
    <GridDescription xmlns="" NumOfOctets="72" NV="0" PV="255" DataRepresentationType="0">
        <LatLonProjection Ni="116" Nj="13" Flags="128" ScanFlags="64" Reserved="0"/>
    </GridDescription>
    <BinaryData xmlns="" NumOfOctets="6032" FlagsAndUnused="12" BinaryScaleFactor="0" ReferenceValue="277.000000" DatumPacked="1508" OptionalFlags="0">
        <TempDataArray>91.00 78.90 66.70 56.50 46.20 45.90 45.50 45.10 44.70 44.40 44.10 43.70 43.20 39.30 35.40 36.00 36.50 36.80 37.00 38.20 39.30 39.70 40.00 38.60 37.20 36.40 35.60 34.90 34.20 34.40 34.50 35.70 36.80 39.80 42.80 46.40 50.00 52.60 55.20 55.10 54.90 54.80 54.70 55.20 55.70 55.40 55.00 53.80 52.50 55.20 57.80 58.60 59.40 56.40 53.30 54.00 54.60 54.30 54.00 57.10 60.20 72.80 85.30 91.90 98.40 94.20 90.00 82.60 75.10 78.90 82.60 78.40 74.20 69.80 65.40 60.30 55.10 53.90 52.60 57.00 61.30 65.10 68.90 74.30 79.70 74.10 68.60 62.50 56.40 56.80 57.10 50.10 43.10 40.40 37.80 35.90 34.10 34.20 34.20 34.60 34.90 42.40 49.90 56.20 62.50 64.80 67.10 65.00 62.80 59.70 56.60 55.00 53.30 51.40 49.40 48.70 72.50 65.20 57.80 52.50 47.10 46.80 46.40 45.90 45.50 43.90 42.40 40.10 37.90 35.20 32.60 33.20 33.90 34.40 34.90 35.50 36.20 36.80 37.50 36.40 35.30 34.80 34.30 34.50 34.80 35.80 36.80 39.30 41.90 44.10 46.40 47.80 49.20 51.20 53.20 54.40 55.60 55.30 55.00 55.00 55.10 55.30 55.50 55.20 55.00 57.00 59.10 59.60 60.00 57.60 55.30 54.80 54.30 53.70 53.10 53.50 54.00 62.30 70.60 78.90 87.30 84.40 81.50 76.30 71.10 71.70 72.40 69.10 65.90 63.10 60.30 56.10 51.80 50.40 48.90 51.30 53.70 59.20 64.80 71.40 78.00 73.70 69.40 66.30 63.10 61.30 59.60 52.90 46.30 43.60 40.90 40.30 39.80 37.40 35.10 38.80 42.60 51.30 60.00 65.50 71.10 71.10 71.10 68.80 66.40 62.00 57.60 55.60 53.70 52.30 50.90 49.80 54.00 51.50 48.90 48.50 48.00 47.70 47.30 46.80 46.20 43.50 40.70 36.60 32.50 31.10 29.70 30.50 31.20 32.00 32.70 32.90 33.00 34.00 35.00 34.20 33.40 33.20 33.00 34.20 35.30 37.20 39.00 43.00 47.00 48.50 49.90 49.20 48.40 49.80 51.20 53.70 56.20 55.70 55.20 54.90 54.50 55.30 56.00 56.70 57.40 58.90 60.40 60.50 60.60 58.90 57.20 55.60 54.00 53.10 52.10 49.90 47.80 51.80 55.80 66.00 76.20 74.60 72.90 70.00 67.00 64.60 62.20 59.90 57.50 56.40 55.20 51.90 48.50 46.90 45.20 45.70 46.10 53.40 60.60 68.50 76.30 73.30 70.20 70.00 69.80 65.90 62.00 55.70 49.40 46.70 43.90 44.70 45.40 40.70 36.00 43.10 50.20 60.10 70.00 74.90 79.70 77.40 75.10 72.60 70.00 64.30 58.50 56.30 54.00 53.20 52.40 51.00 47.30 47.20 47.10 47.10 47.20 45.80 44.40 42.70 41.10 39.00 36.90 34.20 31.40 30.80 30.10 30.40 30.60 31.20 31.80 32.40 33.00 34.60 36.30 35.80 35.40 35.90 36.50 38.20 39.90 42.20 44.40 47.30 50.30 50.40 50.50 49.60 48.80 49.60 50.40 51.40 52.50 52.10 51.70 53.10 54.50 57.50 60.50 62.00 63.60 64.10 64.60 62.90 61.20 59.40 57.70 55.40 53.00 50.60 48.10 46.10 44.00 47.20 50.40 57.50 64.50 64.60 64.70 62.80 60.80 58.20 55.60 55.00 54.40 52.70 51.00 47.20 43.50 43.70 43.90 44.60 45.40 51.40 57.50 64.40 71.30 72.80 74.20 73.90 73.70 69.20 64.70 58.70 52.70 47.90 43.00 43.60 44.20 44.20 44.30 53.10 62.00 67.60 73.20 75.50 77.90 74.10 70.40 67.10 63.80 58.30 52.70 52.10 51.50 50.50 49.50 48.30 40.50 42.90 45.20 45.80 46.30 43.90 41.50 38.70 35.90 34.50 33.10 31.70 30.30 30.40 30.50 30.30 30.00 30.50 30.90 32.00 33.00 35.30 37.50 37.40 37.30 38.60 39.90 42.20 44.50 47.20 49.80 51.70 53.50 52.30 51.10 50.10 49.10 49.30 49.50 49.20 48.80 48.40 48.10 51.30 54.50 59.70 64.90 67.30 69.70 69.30 68.80 65.30 61.70 60.00 58.20 55.10 52.00 48.10 44.10 42.20 40.20 42.60 45.00 48.90 52.80 54.70 56.50 55.60 54.60 51.80 49.00 50.20 51.30 49.00 46.70 42.60 38.40 40.50 42.60 43.60 44.60 49.50 54.40 60.40 66.30 72.30 78.20 77.90 77.50 72.40 67.30 61.70 56.00 49.10 42.10 42.60 43.00 47.80 52.50 63.20 73.80 75.10 76.30 76.20 76.00 70.90 65.70 61.70 57.60 52.30 46.90 47.90 48.90 47.70 46.50 45.60 38.80 41.00 43.20 43.80 44.40 45.70 46.90 42.90 38.90 37.50 36.00 35.70 35.40 34.70 34.10 33.70 33.30 33.60 34.00 34.30 34.70 36.40 38.20 39.90 41.70 43.00 44.40 46.40 48.50 50.00 51.50 52.50 53.40 52.70 52.00 50.40 48.90 48.10 47.20 47.70 48.20 49.60 51.00 55.90 60.70 63.90 67.10 67.20 67.30 67.80 68.40 67.00 65.70 64.30 63.00 57.10 51.20 47.20 43.20 41.10 39.00 40.30 41.70 43.80 45.90 47.60 49.20 49.10 48.90 47.10 45.30 44.70 44.10 41.90 39.80 37.60 35.50 36.90 38.30 41.30 44.30 51.50 58.80 63.10 67.40 70.00 72.50 73.20 74.00 71.60 69.20 67.00 64.80 57.50 50.20 51.30 52.50 52.40 52.30 57.70 63.10 64.10 65.20 65.80 66.40 61.90 57.30 53.60 49.90 46.60 43.30 43.40 43.60 42.00 40.50 41.30 37.00 39.10 41.10 41.80 42.50 47.40 52.30 47.10 41.90 40.40 38.90 39.70 40.40 39.10 37.70 37.20 36.60 36.90 37.10 36.70 36.30 37.60 38.80 42.40 46.00 47.40 48.80 50.70 52.50 52.90 53.20 53.30 53.30 53.10 52.80 50.80 48.70 46.80 44.90 46.20 47.50 50.70 53.90 60.40 66.90 68.10 69.20 67.00 64.80 66.40 67.90 68.80 69.60 68.70 67.80 59.10 50.40 46.40 42.30 40.00 37.70 38.00 38.30 38.70 39.00 40.50 41.90 42.60 43.30 42.40 41.60 39.20 36.80 34.90 32.90 32.70 32.50 33.30 34.00 39.00 43.90 53.60 63.20 65.90 68.50 67.70 66.80 68.60 70.40 70.80 71.10 72.40 73.60 66.00 58.30 60.10 61.90 57.00 52.00 52.20 52.30 53.20 54.10 55.50 56.80 52.90 48.90 45.50 42.10 40.90 39.60 38.90 38.30 36.40 34.40 37.10 44.30 44.30 44.20 46.90 49.60 56.30 63.00 55.20 47.50 44.40 41.40 42.20 42.90 40.50 38.10 38.40 38.70 40.10 41.40 40.80 40.20 41.40 42.70 45.50 48.20 49.80 51.40 52.00 52.70 52.00 51.30 52.40 53.40 53.70 54.00 51.00 48.00 45.90 43.80 43.70 43.70 47.30 50.90 56.80 62.80 61.20 59.70 57.80 55.90 57.30 58.60 62.20 65.70 63.70 61.60 55.10 48.50 45.90 43.20 41.80 40.30 40.20 40.10 40.50 40.90 43.40 45.90 47.00 48.20 47.00 45.90 45.30 44.80 44.30 43.80 43.00 42.20 45.20 48.20 49.20 50.30 58.70 67.20 72.90 78.70 68.90 59.00 63.00 67.10 71.50 75.90 77.30 78.80 74.50 70.30 66.90 63.60 59.50 55.40 56.50 57.60 57.60 57.60 57.20 56.80 51.40 46.00 43.10 40.10 37.20 34.30 33.70 33.00 32.10 31.30 33.10 51.60 49.40 47.30 52.00 56.70 65.20 73.70 63.40 53.00 48.50 43.90 44.70 45.40 42.00 38.50 39.70 40.80 43.30 45.80 44.90 44.00 45.30 46.60 48.50 50.40 52.20 53.90 53.40 52.90 51.20 49.40 51.50 53.50 54.30 55.10 51.20 47.30 44.90 42.60 41.20 39.80 43.80 47.80 53.30 58.70 54.40 50.10 48.60 47.00 48.20 49.30 55.60 61.80 58.60 55.40 51.00 46.60 45.40 44.10 43.50 42.90 42.40 41.90 42.30 42.70 46.30 49.80 51.50 53.10 51.60 50.10 51.50 52.80 53.70 54.60 53.30 51.90 57.20 62.40 59.50 56.60 63.90 71.10 80.00 88.90 70.10 51.20 57.50 63.70 72.20 80.60 82.30 84.00 83.10 82.20 73.80 65.30 62.00 58.70 60.80 62.90 62.00 61.10 58.90 56.70 49.90 43.10 40.60 38.10 33.60 29.00 28.40 27.70 27.90 28.10 29.10 53.80 51.70 49.70 53.70 57.80 63.10 68.50 61.40 54.40 49.00 43.70 43.50 43.30 41.50 39.80 42.20 44.60 47.10 49.50 49.10 48.60 49.10 49.60 51.80 54.00 54.50 55.00 52.60 50.20 48.20 46.20 47.80 49.50 49.90 50.30 47.40 44.40 42.40 40.40 39.70 38.90 40.30 41.70 44.50 47.40 45.80 44.30 45.00 45.70 49.40 53.10 57.60 62.10 59.00 56.00 52.70 49.40 47.20 44.90 43.80 42.70 42.80 42.80 44.20 45.70 53.10 60.60 67.70 74.80 69.90 65.10 63.20 61.40 63.20 65.00 67.40 69.80 74.20 78.50 77.50 76.40 80.50 84.60 88.90 93.30 75.90 58.50 65.30 72.10 79.40 86.60 87.90 89.10 88.40 87.80 78.30 68.70 59.20 49.60 53.70 57.90 59.80 61.70 57.60 53.50 48.90 44.20 42.60 41.10 37.00 32.90 34.00 35.20 35.70 36.20 37.00 55.90 54.00 52.00 55.40 58.80 61.00 63.20 59.50 55.70 49.60 43.40 42.30 41.10 41.10 41.10 44.80 48.40 50.80 53.20 53.20 53.20 52.90 52.60 55.10 57.60 56.80 56.00 51.70 47.40 45.20 42.90 44.20 45.40 45.40 45.40 43.50 41.60 39.90 38.20 38.10 38.00 36.80 35.50 35.80 36.00 37.20 38.40 41.40 44.30 50.60 56.80 59.60 62.40 59.50 56.50 54.40 52.30 49.10 45.80 44.20 42.50 43.10 43.70 46.20 48.60 60.00 71.40 84.00 96.50 88.30 80.00 75.00 70.00 72.70 75.40 81.60 87.70 91.10 94.60 95.40 96.20 97.10 98.00 97.90 97.70 81.80 65.80 73.10 80.40 86.60 92.70 93.40 94.10 93.80 93.40 82.80 72.10 56.30 40.50 46.70 52.80 57.60 62.30 56.30 50.30 47.80 45.30 44.70 44.10 40.40 36.70 39.70 42.70 43.50 44.20 44.90 48.40 49.20 50.00 53.60 57.20 56.70 56.30 52.50 48.80 45.20 41.60 41.50 41.40 42.80 44.30 47.60 50.90 52.30 53.70 53.70 53.70 54.30 54.90 55.70 56.60 53.90 51.10 46.60 42.10 40.70 39.30 40.80 42.30 44.00 45.80 44.80 43.70 42.90 42.20 42.60 43.10 39.90 36.70 36.00 35.30 38.50 41.70 42.60 43.40 48.00 52.60 55.70 58.90 55.40 52.00 48.60 45.10 42.50 39.90 40.20 40.50 41.60 42.80 44.80 46.90 57.10 67.20 78.10 88.90 79.50 70.20 65.70 61.30 66.30 71.30 77.60 83.90 83.20 82.50 77.60 72.80 73.60 74.40 81.80 89.30 79.80 70.30 77.00 83.80 88.70 93.60 93.90 94.10 93.20 92.30 84.10 76.00 60.80 45.60 50.00 54.40 59.90 65.50 62.80 60.10 56.40 52.80 52.30 51.70 50.20 48.60 48.40 48.20 48.10 48.10 51.90 40.80 44.40 48.00 51.80 55.60 52.50 49.30 45.60 41.80 40.80 39.70 40.70 41.70 44.60 47.40 50.40 53.30 53.80 54.20 54.20 54.20 55.70 57.10 56.40 55.60 50.90 46.20 41.50 36.80 36.20 35.60 37.40 39.10 42.70 46.20 46.00 45.80 45.90 46.10 47.20 48.20 43.10 37.90 36.20 34.50 39.70 44.90 43.80 42.60 45.40 48.30 51.80 55.30 51.40 47.50 42.70 37.90 36.00 34.00 36.30 38.50 40.20 41.80 43.50 45.20 54.10 63.00 72.20 81.30 70.80 60.30 56.40 52.50 59.80 67.10 73.60 80.00 75.20 70.40 59.90 49.30 50.00 50.70 65.80 80.80 77.80 74.70 81.00 87.20 90.90 94.50 94.40 94.20 92.70 91.20 85.50 79.80 65.30 50.70 53.30 55.90 62.30 68.70 69.30 69.80 65.10 60.30 59.80 59.30 59.90 60.50 57.10 53.60 52.80 52.00 58.90 </TempDataArray>
    </BinaryData>
    <End xmlns="" EndString="7777"/>
</gribObject>
