<?xml version="1.0" encoding="UTF-8" standalone="yes"?>
<gribObject xmlns:xsi="http://www.w3.org/2001/XMLSchema-instance" xmlns:xsd="http://www.w3.org/2001/XMLSchema" xmlns="http://c4i.mlt/ICDU/schema" ForecastTime="2025-09-29T12:00:00.000Z" RunTime="2025-09-29T12:00:00.000Z" ParameterName="Relative humidity" FileName="newsingapore">
    <Indicator xmlns="" GribHeader="GRIB" NumOfOctets="21" GribType="2"/>
    <ProductDefinition xmlns="" NumOfOctets="4" ParamTableVersion="2" OrigCenter="7" ProcessID="81" GridID="0" GDS_BDS_Flag="128" ParamAndUnits="157" LevelType="0" Level="100" ReferenceTime="29" Month="9" Day="29" Hour="12" Minute="0" ForecastTimeUnits="1" PeriodOfTime1="12" PeriodOfTime2="0" TimeRangeIndicator="1" NumInAverage="77" NumMissingAverage="0" CenturyOfReference="21" SubcenterID="0" DecimalScaleFactor="1" Reserved1="0" Lat1="-11000" Lon1="91000" Lat2="-9500" Lon2="105375" Di="125" Dj="125"/>
    <GridDescription xmlns="" NumOfOctets="72" NV="0" PV="255" DataRepresentationType="0">
        <LatLonProjection Ni="116" Nj="13" Flags="128" ScanFlags="64" Reserved="0"/>
    </GridDescription>
    <BinaryData xmlns="" NumOfOctets="6032" FlagsAndUnused="12" BinaryScaleFactor="0" ReferenceValue="568.000000" DatumPacked="1508" OptionalFlags="0">
        <TempDataArray>66.60 67.40 68.20 66.70 65.20 64.80 64.40 65.30 66.20 66.30 66.30 65.90 65.40 64.20 63.00 63.10 63.20 64.70 66.20 66.50 66.70 67.50 68.30 68.50 68.60 68.00 67.40 69.10 70.80 72.70 74.60 75.70 76.80 77.50 78.10 77.90 77.60 77.80 78.00 78.30 78.60 79.90 81.10 82.00 82.90 84.00 85.10 85.60 86.20 85.50 84.80 84.00 83.20 83.00 82.70 84.10 85.40 85.40 85.30 84.00 82.70 82.30 81.90 82.10 82.30 82.60 82.80 82.00 81.10 78.90 76.60 76.30 76.00 75.30 74.50 78.40 82.20 81.00 79.70 76.60 73.50 73.80 74.00 73.20 72.40 69.80 67.10 66.10 65.10 66.50 67.80 68.00 68.20 71.40 74.50 76.70 78.90 78.20 77.50 79.20 80.90 82.00 83.10 80.90 78.70 77.90 77.10 78.90 80.60 81.40 82.20 82.00 81.80 79.90 77.90 77.20 66.60 67.30 68.00 66.90 65.70 65.80 65.90 66.30 66.60 66.20 65.70 66.10 66.60 66.50 66.50 66.50 66.40 67.50 68.70 69.40 70.10 71.20 72.40 72.50 72.60 72.00 71.40 72.70 74.00 74.80 75.70 76.30 76.90 77.50 78.10 77.00 76.00 75.10 74.20 75.00 75.80 76.80 77.90 78.30 78.80 79.30 79.70 80.30 81.00 81.70 82.40 83.00 83.60 83.90 84.20 85.00 85.70 84.00 82.30 82.00 81.60 82.30 83.00 85.00 87.00 86.10 85.20 82.90 80.60 79.50 78.40 78.40 78.40 77.70 77.00 79.50 82.10 79.90 77.60 74.30 71.00 71.00 71.00 70.70 70.50 69.00 67.50 66.70 65.90 65.90 66.00 66.50 67.00 69.40 71.80 72.70 73.70 74.30 74.90 76.00 77.10 77.60 78.10 77.00 75.90 76.00 76.20 78.30 80.40 81.10 81.90 82.00 82.00 80.30 78.60 77.80 66.50 67.20 67.80 67.00 66.20 66.80 67.40 67.30 67.10 66.10 65.10 66.40 67.70 68.90 70.00 69.80 69.60 70.40 71.20 72.30 73.40 75.00 76.50 76.60 76.60 76.00 75.30 76.20 77.10 77.00 76.80 76.90 76.90 77.50 78.00 76.20 74.30 72.30 70.30 71.60 72.90 73.80 74.60 74.60 74.70 74.50 74.30 75.00 75.70 77.90 80.00 82.00 83.90 84.80 85.70 85.90 86.00 82.70 79.30 80.00 80.60 82.30 84.00 87.90 91.70 89.60 87.60 83.90 80.10 80.10 80.10 80.50 80.80 80.20 79.50 80.70 81.90 78.80 75.60 72.00 68.40 68.20 68.00 68.30 68.50 68.20 67.90 67.30 66.60 65.40 64.10 65.00 65.80 67.40 69.00 68.80 68.50 70.40 72.20 72.70 73.20 73.20 73.20 73.10 73.00 74.20 75.30 77.70 80.10 80.90 81.60 81.90 82.20 80.70 79.20 78.50 66.50 66.50 66.50 66.10 65.60 65.80 66.00 65.50 65.10 64.70 64.40 66.40 68.40 69.30 70.30 70.30 70.40 71.40 72.40 73.50 74.60 76.20 77.70 78.00 78.20 77.00 75.80 75.50 75.30 74.80 74.40 75.30 76.20 76.90 77.50 74.50 71.60 69.70 67.80 68.60 69.40 70.10 70.70 71.50 72.20 72.60 72.90 74.10 75.30 78.70 82.10 84.10 86.20 86.30 86.40 85.50 84.70 81.10 77.60 77.40 77.30 79.20 81.00 84.50 88.00 85.60 83.30 82.30 81.40 81.50 81.60 83.70 85.70 85.10 84.50 82.70 80.90 76.50 72.10 70.00 67.90 67.60 67.30 67.50 67.80 67.50 67.30 66.40 65.60 64.00 62.40 62.70 63.10 65.60 68.10 67.20 66.40 67.90 69.30 69.60 70.00 70.80 71.70 72.60 73.40 74.80 76.30 77.90 79.60 81.00 82.40 83.10 83.90 82.80 81.60 79.90 66.40 65.80 65.10 65.10 65.10 64.90 64.60 63.80 63.00 63.40 63.70 66.40 69.00 69.80 70.60 70.90 71.10 72.40 73.60 74.70 75.80 77.40 78.90 79.40 79.80 78.00 76.20 74.80 73.40 72.70 72.00 73.80 75.50 76.30 77.00 72.90 68.80 67.10 65.30 65.60 65.90 66.40 66.80 68.30 69.70 70.60 71.50 73.20 74.80 79.50 84.10 86.30 88.50 87.80 87.00 85.20 83.30 79.60 75.80 74.90 74.00 76.00 78.00 81.20 84.30 81.60 78.90 80.80 82.60 82.90 83.10 86.90 90.60 90.10 89.50 84.70 79.90 74.30 68.70 68.10 67.40 67.00 66.50 66.80 67.00 66.80 66.60 65.60 64.50 62.60 60.60 60.50 60.40 63.80 67.10 65.70 64.30 65.40 66.40 66.60 66.70 68.50 70.20 72.00 73.80 75.50 77.20 78.10 79.00 81.10 83.10 84.30 85.50 84.80 84.10 81.30 66.90 65.80 64.70 64.50 64.20 63.80 63.40 63.40 63.40 64.80 66.30 68.70 71.10 71.90 72.60 73.90 75.10 76.40 77.80 78.40 79.10 81.70 84.40 84.60 84.80 81.60 78.50 76.90 75.30 74.40 73.60 74.20 74.90 75.80 76.70 73.70 70.70 69.20 67.70 67.80 68.00 68.30 68.60 69.60 70.50 73.20 75.90 79.30 82.70 84.30 85.90 84.60 83.40 82.30 81.30 80.30 79.40 77.70 76.10 75.30 74.60 76.00 77.40 79.50 81.60 81.90 82.30 84.20 86.10 85.40 84.60 87.70 90.90 91.90 93.00 87.00 81.00 76.60 72.30 69.90 67.60 67.30 66.90 66.10 65.30 64.00 62.80 63.90 64.90 64.30 63.80 63.80 63.80 65.60 67.50 67.30 67.10 67.60 68.10 67.60 67.10 67.10 67.10 68.10 69.00 70.00 71.00 72.70 74.40 77.60 80.80 81.80 82.90 82.60 82.30 80.10 67.30 65.80 64.30 63.80 63.30 62.70 62.10 63.00 63.80 66.30 68.80 71.00 73.20 74.00 74.70 76.90 79.00 80.50 81.90 82.20 82.40 86.10 89.80 89.80 89.70 85.20 80.70 79.00 77.20 76.10 75.10 74.60 74.20 75.30 76.40 74.50 72.60 71.40 70.10 70.10 70.00 70.20 70.40 70.90 71.30 75.80 80.30 85.50 90.60 89.10 87.70 83.00 78.20 76.90 75.60 75.50 75.40 75.90 76.30 75.80 75.20 76.00 76.70 77.80 78.80 82.20 85.60 87.60 89.60 87.90 86.10 88.60 91.10 93.80 96.40 89.20 82.00 78.90 75.80 71.80 67.80 67.60 67.30 65.40 63.50 61.30 59.00 62.20 65.30 66.10 66.90 67.00 67.10 67.50 67.80 68.80 69.80 69.80 69.80 68.60 67.40 65.80 64.10 64.10 64.20 64.50 64.70 67.30 69.80 74.10 78.40 79.40 80.30 80.40 80.40 79.00 64.30 63.30 62.20 62.60 63.00 62.80 62.60 63.90 65.30 67.80 70.30 72.30 74.40 75.50 76.60 78.30 80.00 82.30 84.70 86.40 88.00 90.30 92.60 90.50 88.50 84.80 81.20 79.40 77.60 75.90 74.30 73.00 71.70 71.90 72.00 71.60 71.10 71.10 71.00 71.20 71.50 71.60 71.60 73.00 74.50 78.40 82.30 84.70 87.10 85.70 84.20 81.90 79.60 79.10 78.60 79.00 79.40 80.80 82.30 81.10 79.90 81.80 83.80 85.70 87.70 90.20 92.80 93.80 94.80 93.90 93.00 93.20 93.40 94.20 95.10 92.40 89.70 87.10 84.50 79.70 74.90 76.10 77.30 75.50 73.60 68.60 63.60 65.70 67.80 69.40 71.10 71.60 72.10 71.90 71.60 72.80 74.00 74.20 74.40 71.50 68.50 67.10 65.60 66.00 66.50 67.20 68.00 70.00 72.00 75.80 79.60 81.30 83.10 81.30 79.40 77.50 61.30 60.70 60.10 61.40 62.70 62.90 63.10 64.90 66.70 69.20 71.70 73.60 75.60 77.00 78.40 79.70 80.90 84.20 87.50 90.60 93.60 94.50 95.40 91.30 87.20 84.50 81.70 79.80 77.90 75.70 73.40 71.30 69.20 68.40 67.60 68.60 69.70 70.80 71.80 72.40 73.00 72.90 72.80 75.20 77.60 81.00 84.30 84.00 83.70 82.20 80.70 80.80 80.90 81.20 81.50 82.40 83.30 85.80 88.30 86.50 84.60 87.70 90.80 93.70 96.60 98.30 99.90 100.00 100.00 100.00 99.90 97.80 95.70 94.70 93.70 95.60 97.40 95.30 93.10 87.60 82.00 84.70 87.30 85.50 83.70 75.90 68.10 69.10 70.20 72.80 75.30 76.30 77.20 76.30 75.30 76.70 78.10 78.60 79.00 74.30 69.60 68.40 67.20 68.00 68.70 70.00 71.20 72.60 74.10 77.40 80.70 83.30 85.90 82.20 78.40 76.00 59.20 58.90 58.70 60.20 61.80 63.20 64.70 67.20 69.60 71.40 73.10 75.10 77.10 78.10 79.20 79.90 80.70 82.20 83.70 86.20 88.80 90.10 91.30 89.10 86.90 84.40 81.90 79.70 77.40 75.90 74.40 73.00 71.60 71.60 71.60 72.90 74.30 75.90 77.50 77.80 78.10 77.10 76.10 77.20 78.30 80.30 82.30 82.50 82.80 83.50 84.10 83.90 83.60 83.70 83.90 83.60 83.40 86.30 89.20 89.30 89.40 92.30 95.30 96.70 98.10 99.00 100.00 99.70 99.50 99.20 99.00 96.30 93.60 94.70 95.90 97.00 98.20 95.70 93.30 91.40 89.60 91.60 93.70 91.40 89.10 82.40 75.60 77.10 78.60 80.80 83.00 81.00 79.10 79.60 80.20 80.30 80.40 80.70 81.10 77.00 73.00 71.10 69.30 70.70 72.20 71.70 71.20 71.40 71.60 75.30 79.00 79.10 79.10 76.10 73.20 71.50 57.10 57.20 57.20 59.00 60.80 63.60 66.30 69.40 72.50 73.60 74.60 76.60 78.60 79.30 79.90 80.20 80.50 80.20 79.80 81.90 84.00 85.60 87.20 86.90 86.50 84.30 82.10 79.50 76.90 76.10 75.30 74.60 73.90 74.70 75.50 77.20 78.80 81.00 83.20 83.20 83.20 81.30 79.30 79.10 78.90 79.60 80.30 81.10 81.80 84.70 87.60 87.00 86.30 86.30 86.20 84.80 83.40 86.70 90.00 92.10 94.20 97.00 99.70 99.60 99.60 99.80 100.00 99.50 98.90 98.50 98.10 94.80 91.40 94.70 98.00 98.50 99.00 96.20 93.40 95.30 97.20 98.60 100.00 97.30 94.60 88.80 83.00 85.00 87.00 88.80 90.60 85.80 80.90 83.00 85.00 83.80 82.60 82.90 83.10 79.80 76.40 73.90 71.30 73.50 75.70 73.50 71.20 70.20 69.20 73.30 77.30 74.80 72.30 70.10 67.90 67.10 57.00 58.10 59.30 60.70 62.10 63.90 65.80 67.90 70.00 71.40 72.70 74.00 75.20 75.40 75.50 75.60 75.70 75.40 75.10 76.10 77.20 79.50 81.90 82.10 82.40 81.90 81.50 81.40 81.40 81.90 82.50 81.40 80.20 80.60 81.00 82.20 83.50 84.50 85.50 84.90 84.30 82.90 81.50 81.00 80.50 81.00 81.40 83.10 84.90 87.90 90.90 91.10 91.30 91.70 92.10 91.30 90.60 92.50 94.50 95.80 97.10 98.40 99.60 97.60 95.60 95.20 94.80 96.10 97.40 98.20 99.10 97.40 95.70 97.00 98.40 98.80 99.20 97.50 95.90 96.50 97.10 95.30 93.40 90.50 87.60 84.00 80.50 84.10 87.70 87.10 86.40 83.50 80.50 82.60 84.60 85.40 86.10 86.00 85.80 84.40 83.10 80.00 76.90 77.60 78.40 76.60 74.80 75.20 75.60 77.70 79.90 76.00 72.10 70.80 69.50 68.60 56.80 59.10 61.30 62.30 63.30 64.30 65.20 66.40 67.50 69.20 70.80 71.30 71.80 71.50 71.10 71.00 70.90 70.60 70.30 70.40 70.40 73.50 76.50 77.40 78.30 79.60 80.80 83.30 85.80 87.80 89.70 88.10 86.50 86.50 86.40 87.30 88.20 88.00 87.70 86.60 85.40 84.60 83.70 82.90 82.10 82.30 82.50 85.20 87.90 91.00 94.10 95.10 96.20 97.10 97.90 97.90 97.80 98.40 98.90 99.40 99.90 99.80 99.60 95.60 91.60 90.60 89.60 92.80 95.90 98.00 100.00 100.00 99.90 99.40 98.80 99.10 99.30 98.90 98.40 97.80 97.10 92.00 86.80 83.70 80.60 79.30 77.90 83.20 88.40 85.30 82.20 81.10 80.10 82.10 84.20 87.00 89.70 89.10 88.40 89.10 89.80 86.10 82.40 81.80 81.10 79.80 78.40 80.20 82.00 82.20 82.40 77.10 71.80 71.50 71.10 70.10 </TempDataArray>
    </BinaryData>
    <End xmlns="" EndString="7777"/>
</gribObject>
