<?xml version="1.0" encoding="UTF-8" standalone="yes"?>
<gribObject xmlns:xsi="http://www.w3.org/2001/XMLSchema-instance" xmlns:xsd="http://www.w3.org/2001/XMLSchema" xmlns="http://c4i.mlt/ICDU/schema" ForecastTime="2025-09-29T12:00:00.000Z" RunTime="2025-09-29T12:00:00.000Z" ParameterName="Relative humidity" FileName="newsingapore">
    <Indicator xmlns="" GribHeader="GRIB" NumOfOctets="21" GribType="2"/>
    <ProductDefinition xmlns="" NumOfOctets="4" ParamTableVersion="2" OrigCenter="7" ProcessID="81" GridID="0" GDS_BDS_Flag="128" ParamAndUnits="157" LevelType="0" Level="300" ReferenceTime="29" Month="9" Day="29" Hour="12" Minute="0" ForecastTimeUnits="1" PeriodOfTime1="12" PeriodOfTime2="0" TimeRangeIndicator="1" NumInAverage="73" NumMissingAverage="0" CenturyOfReference="21" SubcenterID="0" DecimalScaleFactor="1" Reserved1="0" Lat1="-11000" Lon1="91000" Lat2="-9500" Lon2="105375" Di="125" Dj="125"/>
    <GridDescription xmlns="" NumOfOctets="72" NV="0" PV="255" DataRepresentationType="0">
        <LatLonProjection Ni="116" Nj="13" Flags="128" ScanFlags="64" Reserved="0"/>
    </GridDescription>
    <BinaryData xmlns="" NumOfOctets="6032" FlagsAndUnused="12" BinaryScaleFactor="0" ReferenceValue="186.000000" DatumPacked="1508" OptionalFlags="0">
        <TempDataArray>23.70 21.20 18.60 18.80 19.00 21.00 23.00 27.30 31.60 33.50 35.40 35.80 36.10 37.10 38.00 45.40 52.80 54.60 56.30 53.60 50.80 46.60 42.40 41.90 41.30 40.90 40.60 39.30 37.90 40.20 42.50 41.60 40.60 40.80 40.90 43.40 45.80 46.30 46.70 46.20 45.70 48.20 50.60 51.80 52.90 52.50 52.00 50.20 48.30 45.60 42.80 44.60 46.40 43.90 41.30 45.60 49.80 54.90 60.00 59.10 58.20 57.60 56.90 57.80 58.70 58.00 57.20 55.80 54.30 50.90 47.60 51.60 55.60 62.50 69.30 69.60 69.90 69.50 69.10 71.70 74.30 76.30 78.20 81.90 85.60 83.10 80.60 77.90 75.20 70.50 65.80 71.80 77.80 86.40 94.90 96.70 98.40 86.20 73.90 79.00 84.00 88.60 93.20 96.00 98.80 91.50 84.20 73.30 62.30 58.40 54.40 52.40 50.30 45.90 41.40 45.40 22.80 23.10 23.30 24.40 25.60 27.80 30.10 31.30 32.50 32.40 32.20 33.60 34.90 37.30 39.80 46.30 52.80 52.90 53.10 48.50 43.80 41.00 38.30 37.80 37.40 37.80 38.20 39.80 41.50 43.60 45.70 44.90 44.10 43.40 42.70 45.10 47.60 48.10 48.60 49.00 49.50 53.10 56.70 56.80 56.80 56.00 55.20 53.40 51.70 50.60 49.60 50.10 50.70 48.50 46.30 48.60 51.00 54.80 58.70 59.70 60.70 59.70 58.70 58.00 57.40 55.80 54.30 52.40 50.40 48.80 47.10 50.80 54.60 63.00 71.50 75.20 78.80 80.40 81.90 84.50 87.10 88.00 89.00 90.50 92.10 87.70 83.40 76.60 69.90 68.70 67.50 70.00 72.50 80.20 88.00 92.80 97.60 88.70 79.80 83.40 87.00 89.10 91.30 91.30 91.40 84.30 77.20 69.00 60.80 56.30 51.80 52.20 52.50 46.90 41.40 46.30 21.90 25.00 28.00 30.10 32.10 34.60 37.10 35.30 33.40 31.20 29.00 31.40 33.70 37.60 41.50 47.10 52.70 51.30 49.90 43.40 36.80 35.40 34.10 33.80 33.50 34.60 35.70 40.40 45.10 47.00 48.90 48.30 47.60 46.10 44.50 46.90 49.30 49.90 50.40 51.80 53.20 58.00 62.80 61.80 60.70 59.50 58.30 56.70 55.00 55.70 56.30 55.60 54.90 53.10 51.20 51.70 52.20 54.80 57.30 60.20 63.10 61.80 60.50 58.30 56.00 53.70 51.40 49.00 46.60 46.60 46.50 50.00 53.50 63.60 73.70 80.70 87.70 91.20 94.70 97.30 99.80 99.80 99.70 99.10 98.50 92.40 86.20 75.40 64.60 66.90 69.20 68.20 67.20 74.10 81.00 88.90 96.80 91.30 85.70 87.90 90.00 89.70 89.30 86.70 84.00 77.10 70.20 64.70 59.20 54.20 49.20 52.00 54.70 48.00 41.30 47.30 25.30 27.90 30.50 32.00 33.40 35.50 37.70 40.60 43.50 44.30 45.20 47.70 50.30 50.20 50.10 54.20 58.30 55.60 52.90 47.70 42.50 41.40 40.20 40.30 40.30 42.60 44.90 47.50 50.20 52.10 54.10 52.90 51.70 49.60 47.60 50.50 53.50 54.20 55.00 58.70 62.40 66.50 70.50 69.10 67.70 65.40 63.20 60.70 58.30 59.90 61.40 61.80 62.20 60.70 59.30 57.60 55.90 55.70 55.50 58.70 61.80 62.30 62.80 59.40 56.00 51.30 46.50 44.50 42.40 44.50 46.60 52.80 58.90 68.70 78.40 86.10 93.80 95.60 97.40 98.60 99.90 99.90 99.90 99.60 99.30 95.70 92.10 86.20 80.40 77.20 74.00 76.70 79.40 83.30 87.20 91.80 96.50 94.10 91.80 93.40 95.00 94.50 94.10 92.20 90.30 83.90 77.60 71.80 65.90 59.30 52.80 49.40 46.10 51.20 56.30 65.90 28.60 30.80 33.00 33.90 34.70 36.50 38.20 45.90 53.50 57.40 61.30 64.10 66.80 62.70 58.60 61.20 63.80 59.90 55.90 52.10 48.20 47.30 46.30 46.70 47.10 50.60 54.10 54.70 55.20 57.30 59.30 57.50 55.70 53.20 50.60 54.10 57.60 58.60 59.50 65.60 71.60 74.90 78.20 76.50 74.70 71.40 68.00 64.80 61.60 64.10 66.50 68.00 69.50 68.40 67.30 63.50 59.60 56.70 53.70 57.10 60.50 62.80 65.00 60.50 56.00 48.80 41.60 39.90 38.20 42.50 46.70 55.50 64.30 73.70 83.10 91.50 99.90 100.00 100.00 100.00 100.00 100.00 100.00 100.00 100.00 99.00 97.90 97.00 96.10 87.50 78.80 85.20 91.60 92.50 93.30 94.70 96.10 97.00 97.90 99.00 100.00 99.40 98.80 97.70 96.50 90.80 85.00 78.80 72.60 64.50 56.30 46.90 37.40 54.40 71.30 84.50 31.00 34.20 37.40 40.30 43.20 48.60 54.00 61.50 69.00 71.00 73.10 73.50 73.80 69.60 65.30 63.90 62.40 59.20 56.00 55.60 55.10 56.70 58.40 57.90 57.50 58.80 60.00 60.00 60.00 62.50 65.00 63.00 61.10 57.80 54.60 58.30 62.00 64.60 67.30 71.20 75.10 77.90 80.60 80.70 80.70 77.50 74.30 72.20 70.10 73.00 75.90 77.10 78.40 74.90 71.50 67.10 62.80 59.90 57.00 59.10 61.20 62.40 63.70 56.70 49.70 44.30 38.90 39.20 39.50 44.30 49.20 57.90 66.70 75.70 84.80 92.40 100.00 100.00 100.00 100.00 100.00 100.00 100.00 100.00 100.00 99.50 99.00 96.90 94.80 84.20 73.60 80.60 87.70 90.80 94.00 96.00 98.10 98.50 99.00 99.50 100.00 99.70 99.40 98.80 98.30 95.40 92.50 89.40 86.30 78.90 71.60 66.40 61.20 73.40 85.70 92.30 33.30 37.60 41.80 46.80 51.70 60.80 69.80 77.10 84.40 84.70 84.90 82.90 80.80 76.40 72.00 66.50 61.00 58.60 56.10 59.10 62.00 66.20 70.40 69.20 67.90 66.90 65.90 65.40 64.80 67.80 70.70 68.60 66.40 62.50 58.60 62.50 66.40 70.70 75.00 76.90 78.70 80.90 83.10 84.90 86.70 83.60 80.50 79.60 78.60 81.90 85.20 86.20 87.20 81.40 75.60 70.80 66.00 63.10 60.20 61.10 61.90 62.10 62.30 52.90 43.40 39.80 36.20 38.50 40.70 46.20 51.70 60.40 69.00 77.70 86.40 93.20 100.00 100.00 100.00 100.00 100.00 100.00 100.00 100.00 100.00 100.00 100.00 96.70 93.40 80.90 68.30 76.10 83.80 89.20 94.60 97.30 100.00 100.00 100.00 100.00 100.00 100.00 100.00 100.00 100.00 100.00 100.00 100.00 100.00 93.40 86.80 85.90 85.00 92.50 100.00 100.00 39.70 44.30 48.90 52.90 56.90 63.90 70.90 78.50 86.20 84.60 83.10 79.50 76.00 71.70 67.50 62.90 58.20 58.80 59.50 63.00 66.60 69.50 72.40 71.70 71.00 70.60 70.20 69.90 69.50 72.90 76.20 75.60 75.00 73.00 71.00 72.30 73.70 77.10 80.50 81.30 82.10 82.70 83.30 86.40 89.60 88.90 88.20 88.60 89.10 90.70 92.30 88.20 84.10 80.70 77.20 72.90 68.60 66.00 63.40 64.30 65.30 65.90 66.60 57.30 48.00 44.60 41.30 43.30 45.30 49.60 54.00 62.40 70.90 80.90 91.00 95.50 100.00 100.00 100.00 100.00 100.00 100.00 100.00 99.70 99.40 99.70 100.00 92.60 85.30 76.40 67.60 72.50 77.50 86.60 95.80 97.90 100.00 100.00 100.00 99.80 99.60 99.80 100.00 100.00 100.00 100.00 100.00 100.00 100.00 96.70 93.40 92.90 92.50 96.00 99.50 99.30 46.00 51.00 56.00 59.00 62.00 67.00 71.90 80.00 88.00 84.60 81.20 76.10 71.10 67.10 63.00 59.20 55.40 59.10 62.80 67.00 71.20 72.80 74.30 74.20 74.10 74.30 74.50 74.40 74.20 78.00 81.70 82.60 83.60 83.50 83.30 82.10 80.90 83.50 86.00 85.70 85.40 84.40 83.40 87.90 92.40 94.20 95.90 97.70 99.50 99.40 99.30 90.20 81.10 80.00 78.80 75.00 71.20 68.90 66.50 67.60 68.60 69.80 70.90 61.70 52.50 49.50 46.40 48.10 49.80 53.00 56.20 64.50 72.70 84.10 95.50 97.80 100.00 100.00 100.00 100.00 100.00 100.00 100.00 99.40 98.70 99.40 100.00 88.60 77.10 72.00 66.80 69.00 71.10 84.00 96.90 98.50 100.00 100.00 100.00 99.60 99.20 99.60 100.00 100.00 100.00 100.00 100.00 100.00 99.90 100.00 100.00 100.00 99.90 99.50 99.00 98.70 51.30 55.40 59.60 64.20 68.80 73.80 78.90 85.50 92.10 86.60 81.10 75.40 69.80 65.50 61.30 58.90 56.60 60.90 65.20 67.60 70.10 72.10 74.10 74.70 75.40 76.40 77.40 78.00 78.70 81.10 83.50 84.00 84.60 85.10 85.50 85.70 85.80 88.50 91.10 90.40 89.70 88.20 86.70 90.60 94.50 95.90 97.30 97.30 97.40 97.40 97.40 88.90 80.50 76.90 73.30 72.70 72.10 72.20 72.30 71.90 71.50 71.20 70.90 62.60 54.30 52.60 50.90 53.20 55.50 58.00 60.50 67.60 74.60 85.70 96.70 98.40 100.00 100.00 100.00 100.00 100.00 100.00 100.00 99.70 99.40 98.50 97.70 89.20 80.60 80.40 80.10 74.90 69.80 80.10 90.40 95.00 99.60 99.80 100.00 99.80 99.60 99.70 99.90 99.80 99.80 99.90 100.00 98.90 97.90 96.20 94.60 96.30 98.00 97.70 97.40 98.30 56.50 59.90 63.20 69.40 75.50 80.70 85.90 91.00 96.10 88.50 80.90 74.70 68.50 64.00 59.50 58.60 57.70 62.60 67.50 68.30 69.00 71.50 73.90 75.30 76.60 78.40 80.20 81.70 83.20 84.20 85.20 85.50 85.70 86.70 87.70 89.20 90.70 93.50 96.20 95.10 94.00 92.00 90.00 93.30 96.50 97.60 98.70 97.00 95.20 95.30 95.40 87.70 79.90 73.80 67.70 70.40 73.00 75.60 78.10 76.20 74.30 72.60 70.80 63.50 56.10 55.70 55.30 58.20 61.10 63.00 64.80 70.70 76.50 87.20 97.90 99.00 100.00 100.00 100.00 100.00 100.00 100.00 100.00 100.00 100.00 97.70 95.30 89.80 84.20 88.80 93.30 80.90 68.50 76.20 83.90 91.60 99.20 99.60 100.00 100.00 100.00 99.90 99.70 99.60 99.50 99.80 100.00 97.90 95.80 92.50 89.10 92.60 96.00 95.90 95.80 97.90 63.40 68.30 73.10 76.30 79.50 84.40 89.40 92.80 96.20 88.20 80.20 74.10 68.00 67.10 66.20 66.50 66.90 68.00 69.20 69.70 70.30 72.90 75.50 76.50 77.60 78.40 79.20 80.00 80.90 80.60 80.50 81.80 83.10 85.40 87.60 89.50 91.40 94.30 97.20 97.10 97.00 96.00 94.90 96.60 98.30 98.80 99.40 97.80 96.30 95.70 95.10 89.60 84.10 79.20 74.30 76.20 78.00 78.90 79.80 77.90 76.00 73.30 70.60 65.40 60.30 60.90 61.60 63.80 65.90 68.30 70.70 77.00 83.30 91.00 98.70 99.20 99.80 99.80 99.80 99.90 99.90 100.00 100.00 99.90 99.80 96.30 92.90 88.80 84.80 87.80 90.80 77.80 64.80 72.10 79.30 89.30 99.30 99.60 100.00 97.80 95.60 90.80 86.00 89.10 92.40 96.20 100.00 98.20 96.30 93.30 90.40 94.20 98.00 97.60 97.10 97.90 70.30 76.70 83.00 83.20 83.40 88.10 92.80 94.60 96.30 87.90 79.40 73.50 67.50 70.20 72.90 74.50 76.00 73.40 70.80 71.20 71.50 74.30 77.00 77.80 78.60 78.40 78.20 78.40 78.50 77.10 75.70 78.10 80.40 84.00 87.60 89.90 92.10 95.10 98.20 99.10 100.00 99.90 99.80 99.90 100.00 100.00 100.00 98.70 97.30 96.00 94.70 91.50 88.20 84.60 80.90 82.00 83.00 82.30 81.50 79.60 77.60 74.00 70.30 67.40 64.40 66.20 67.90 69.30 70.70 73.60 76.60 83.30 90.00 94.70 99.40 99.50 99.60 99.60 99.60 99.70 99.80 99.90 100.00 99.80 99.50 95.00 90.50 87.90 85.30 86.80 88.20 74.60 61.10 67.90 74.70 87.00 99.30 99.70 100.00 95.60 91.20 81.70 72.20 78.70 85.20 92.60 100.00 98.40 96.80 94.20 91.60 95.80 100.00 99.20 98.40 97.80 </TempDataArray>
    </BinaryData>
    <End xmlns="" EndString="7777"/>
</gribObject>
