<?xml version="1.0" encoding="UTF-8" standalone="yes"?>
<gribObject xmlns:xsi="http://www.w3.org/2001/XMLSchema-instance" xmlns:xsd="http://www.w3.org/2001/XMLSchema" xmlns="http://c4i.mlt/ICDU/schema" ForecastTime="2025-09-29T12:00:00.000Z" RunTime="2025-09-29T12:00:00.000Z" ParameterName="Temperature" FileName="newsingapore">
    <Indicator xmlns="" GribHeader="GRIB" NumOfOctets="21" GribType="2"/>
    <ProductDefinition xmlns="" NumOfOctets="4" ParamTableVersion="2" OrigCenter="7" ProcessID="81" GridID="83" GDS_BDS_Flag="128" ParamAndUnits="130" LevelType="0" Level="100" ReferenceTime="29" Month="9" Day="29" Hour="12" Minute="0" ForecastTimeUnits="1" PeriodOfTime1="12" PeriodOfTime2="0" TimeRangeIndicator="1" NumInAverage="298" NumMissingAverage="0" CenturyOfReference="21" SubcenterID="0" DecimalScaleFactor="2" Reserved1="0" Lat1="-11000" Lon1="91000" Lat2="-9500" Lon2="105375" Di="125" Dj="125"/>
    <GridDescription xmlns="" NumOfOctets="72" NV="0" PV="255" DataRepresentationType="0">
        <LatLonProjection Ni="116" Nj="13" Flags="128" ScanFlags="64" Reserved="0"/>
    </GridDescription>
    <BinaryData xmlns="" NumOfOctets="6032" FlagsAndUnused="12" BinaryScaleFactor="0" ReferenceValue="29682.843750" DatumPacked="1508" OptionalFlags="0">
        <TempDataArray>299.43 299.41 299.39 299.36 299.33 299.32 299.31 299.24 299.18 299.21 299.25 299.18 299.12 299.05 298.99 299.02 299.06 299.08 299.10 299.12 299.14 299.16 299.18 299.22 299.27 299.34 299.41 299.42 299.44 299.50 299.56 299.57 299.58 299.57 299.56 299.53 299.51 299.49 299.47 299.46 299.44 299.40 299.36 299.30 299.25 299.19 299.13 299.04 298.96 298.87 298.78 298.71 298.64 298.60 298.56 298.53 298.51 298.48 298.45 298.44 298.44 298.41 298.39 298.35 298.31 298.28 298.26 298.23 298.21 298.18 298.16 298.13 298.11 298.08 298.05 298.04 298.03 298.03 298.02 298.00 297.99 297.99 297.99 297.92 297.86 297.84 297.81 297.76 297.71 297.67 297.64 297.87 298.11 298.23 298.35 298.37 298.39 298.38 298.38 298.35 298.33 298.31 298.29 298.25 298.22 298.18 298.14 298.11 298.09 298.07 298.06 298.06 298.07 298.07 298.08 298.09 299.40 299.40 299.38 299.37 299.35 299.35 299.34 299.28 299.22 299.21 299.21 299.14 299.08 299.03 298.98 299.03 299.07 299.10 299.14 299.16 299.18 299.16 299.13 299.20 299.26 299.31 299.36 299.39 299.42 299.48 299.53 299.58 299.62 299.61 299.60 299.58 299.56 299.54 299.53 299.50 299.47 299.42 299.37 299.33 299.28 299.23 299.17 299.09 299.02 298.93 298.84 298.76 298.68 298.64 298.59 298.57 298.54 298.52 298.49 298.47 298.46 298.43 298.41 298.36 298.31 298.28 298.24 298.22 298.21 298.18 298.15 298.12 298.08 298.06 298.04 298.02 298.00 298.00 297.99 298.00 298.02 298.00 297.99 297.92 297.85 297.77 297.67 297.61 297.54 297.61 297.68 297.86 298.04 298.15 298.26 298.29 298.31 298.31 298.31 298.32 298.32 298.29 298.27 298.23 298.21 298.17 298.13 298.11 298.09 298.08 298.07 298.07 298.08 298.09 298.10 298.11 299.38 299.38 299.38 299.38 299.38 299.37 299.37 299.32 299.27 299.22 299.16 299.10 299.04 299.01 298.98 299.03 299.08 299.13 299.18 299.21 299.23 299.16 299.09 299.17 299.25 299.28 299.31 299.35 299.40 299.46 299.51 299.59 299.67 299.66 299.64 299.62 299.61 299.60 299.59 299.54 299.50 299.44 299.39 299.35 299.32 299.27 299.22 299.15 299.07 298.98 298.90 298.81 298.72 298.67 298.63 298.60 298.58 298.55 298.53 298.50 298.47 298.44 298.42 298.37 298.32 298.28 298.23 298.22 298.20 298.17 298.15 298.10 298.05 298.04 298.02 298.00 297.98 297.97 297.96 298.00 298.04 298.02 298.00 297.92 297.85 297.69 297.54 297.46 297.38 297.55 297.72 297.85 297.98 298.07 298.17 298.21 298.24 298.24 298.24 298.28 298.32 298.28 298.24 298.21 298.19 298.16 298.13 298.11 298.10 298.09 298.08 298.09 298.09 298.10 298.11 298.13 299.35 299.36 299.36 299.39 299.41 299.42 299.43 299.39 299.35 299.24 299.13 299.14 299.15 299.13 299.12 299.15 299.18 299.26 299.34 299.32 299.30 299.26 299.21 299.26 299.30 299.30 299.30 299.38 299.46 299.51 299.56 299.62 299.68 299.68 299.67 299.66 299.66 299.64 299.62 299.58 299.54 299.48 299.42 299.37 299.32 299.27 299.21 299.15 299.08 299.01 298.94 298.88 298.81 298.76 298.71 298.68 298.65 298.61 298.57 298.54 298.52 298.48 298.46 298.40 298.35 298.31 298.27 298.25 298.24 298.21 298.17 298.11 298.05 298.03 298.01 297.99 297.97 297.97 297.96 297.99 298.03 297.94 297.86 297.80 297.74 297.66 297.57 297.57 297.57 297.62 297.67 297.70 297.73 297.82 297.91 297.94 297.97 297.96 297.96 297.98 298.00 298.08 298.16 298.16 298.15 298.12 298.09 298.08 298.07 298.06 298.05 298.06 298.07 298.10 298.13 298.14 299.32 299.34 299.35 299.40 299.44 299.47 299.50 299.46 299.42 299.26 299.10 299.17 299.25 299.26 299.27 299.28 299.28 299.40 299.51 299.44 299.37 299.35 299.34 299.35 299.36 299.33 299.30 299.41 299.51 299.56 299.61 299.65 299.69 299.69 299.70 299.70 299.70 299.68 299.66 299.62 299.58 299.52 299.46 299.39 299.32 299.26 299.20 299.15 299.09 299.04 298.99 298.94 298.90 298.84 298.79 298.75 298.72 298.67 298.62 298.59 298.56 298.52 298.49 298.44 298.39 298.35 298.30 298.29 298.27 298.24 298.20 298.13 298.06 298.03 298.00 297.98 297.97 297.97 297.97 297.99 298.01 297.86 297.72 297.67 297.63 297.62 297.61 297.69 297.77 297.69 297.62 297.55 297.49 297.57 297.66 297.68 297.71 297.69 297.67 297.68 297.69 297.88 298.08 298.10 298.12 298.08 298.04 298.04 298.05 298.04 298.03 298.04 298.05 298.10 298.15 298.15 299.30 299.31 299.32 299.37 299.42 299.47 299.52 299.51 299.50 299.36 299.21 299.22 299.22 299.27 299.31 299.30 299.28 299.32 299.36 299.30 299.24 299.22 299.19 299.31 299.43 299.41 299.38 299.47 299.55 299.60 299.66 299.66 299.66 299.66 299.66 299.66 299.67 299.68 299.68 299.65 299.61 299.55 299.49 299.42 299.34 299.27 299.20 299.16 299.12 299.07 299.03 299.00 298.96 298.92 298.87 298.82 298.78 298.73 298.68 298.65 298.62 298.58 298.55 298.51 298.47 298.43 298.39 298.36 298.32 298.28 298.22 298.17 298.11 298.06 298.02 298.01 298.01 298.00 297.98 297.88 297.78 297.68 297.57 297.63 297.70 297.69 297.68 297.67 297.66 297.53 297.40 297.38 297.36 297.41 297.47 297.51 297.55 297.57 297.60 297.61 297.63 297.78 297.92 298.01 298.10 298.07 298.04 298.03 298.00 297.99 297.97 297.98 297.99 298.08 298.17 298.19 299.29 299.29 299.30 299.35 299.41 299.47 299.53 299.56 299.59 299.46 299.32 299.26 299.20 299.28 299.35 299.32 299.29 299.25 299.21 299.16 299.12 299.08 299.04 299.27 299.50 299.48 299.47 299.53 299.60 299.65 299.70 299.67 299.64 299.62 299.61 299.62 299.64 299.67 299.70 299.67 299.64 299.59 299.53 299.45 299.37 299.28 299.20 299.17 299.15 299.11 299.07 299.05 299.03 298.99 298.96 298.90 298.83 298.78 298.74 298.71 298.68 298.65 298.61 298.58 298.55 298.52 298.48 298.43 298.38 298.31 298.25 298.21 298.16 298.09 298.03 298.04 298.05 298.03 298.00 297.78 297.56 297.49 297.42 297.60 297.77 297.77 297.76 297.65 297.54 297.36 297.18 297.21 297.23 297.25 297.28 297.34 297.39 297.46 297.53 297.55 297.57 297.66 297.76 297.92 298.08 298.06 298.05 298.00 297.96 297.93 297.91 297.92 297.94 298.06 298.19 298.23 299.23 299.25 299.28 299.34 299.40 299.47 299.55 299.58 299.61 299.49 299.37 299.24 299.11 299.23 299.34 299.37 299.39 299.36 299.33 299.27 299.21 299.21 299.21 299.34 299.48 299.49 299.50 299.56 299.61 299.66 299.70 299.68 299.66 299.65 299.64 299.65 299.66 299.69 299.72 299.71 299.69 299.63 299.57 299.51 299.46 299.39 299.32 299.25 299.18 299.15 299.11 299.09 299.07 299.04 299.01 298.95 298.88 298.83 298.77 298.74 298.71 298.69 298.67 298.65 298.62 298.58 298.53 298.47 298.41 298.35 298.29 298.23 298.17 298.11 298.05 298.03 298.02 297.90 297.79 297.62 297.44 297.46 297.48 297.60 297.73 297.67 297.61 297.53 297.46 297.37 297.29 297.31 297.34 297.34 297.34 297.36 297.37 297.44 297.52 297.54 297.56 297.62 297.68 297.73 297.78 297.71 297.65 297.59 297.53 297.59 297.65 297.83 298.00 298.10 298.20 298.24 299.18 299.21 299.25 299.32 299.39 299.48 299.57 299.60 299.64 299.53 299.42 299.22 299.02 299.18 299.34 299.41 299.49 299.47 299.46 299.37 299.29 299.33 299.37 299.42 299.47 299.50 299.54 299.59 299.63 299.66 299.70 299.69 299.69 299.68 299.67 299.67 299.68 299.71 299.75 299.75 299.75 299.68 299.61 299.57 299.54 299.49 299.44 299.33 299.22 299.19 299.16 299.14 299.12 299.09 299.06 299.00 298.94 298.87 298.81 298.78 298.75 298.74 298.74 298.72 298.70 298.65 298.59 298.52 298.45 298.40 298.34 298.26 298.18 298.12 298.07 298.03 297.98 297.78 297.59 297.46 297.33 297.43 297.54 297.61 297.69 297.57 297.46 297.42 297.38 297.39 297.40 297.42 297.44 297.42 297.41 297.38 297.35 297.43 297.51 297.53 297.55 297.57 297.60 297.53 297.47 297.35 297.24 297.17 297.10 297.24 297.39 297.73 298.07 298.14 298.21 298.24 299.12 299.17 299.21 299.28 299.35 299.46 299.56 299.61 299.66 299.56 299.46 299.29 299.12 299.24 299.36 299.48 299.59 299.59 299.58 299.50 299.41 299.35 299.29 299.40 299.52 299.58 299.65 299.67 299.69 299.68 299.67 299.67 299.67 299.66 299.65 299.65 299.66 299.73 299.80 299.76 299.71 299.62 299.53 299.54 299.55 299.53 299.51 299.43 299.35 299.30 299.24 299.18 299.13 299.10 299.06 299.03 298.99 298.93 298.87 298.83 298.79 298.77 298.75 298.71 298.68 298.63 298.57 298.52 298.47 298.41 298.35 298.27 298.18 298.13 298.07 297.97 297.87 297.72 297.56 297.53 297.51 297.56 297.61 297.60 297.59 297.56 297.53 297.52 297.50 297.53 297.56 297.56 297.55 297.50 297.45 297.42 297.38 297.44 297.50 297.48 297.46 297.43 297.41 297.30 297.19 297.11 297.03 297.05 297.07 297.27 297.47 297.72 297.97 298.08 298.19 298.24 299.07 299.12 299.18 299.25 299.32 299.44 299.56 299.61 299.67 299.59 299.50 299.36 299.23 299.31 299.39 299.54 299.70 299.71 299.71 299.62 299.54 299.38 299.22 299.39 299.56 299.65 299.75 299.75 299.76 299.71 299.65 299.65 299.65 299.63 299.62 299.63 299.64 299.75 299.86 299.77 299.67 299.56 299.46 299.52 299.57 299.57 299.58 299.53 299.49 299.40 299.32 299.23 299.14 299.10 299.07 299.06 299.05 298.99 298.94 298.88 298.83 298.79 298.76 298.71 298.66 298.61 298.56 298.52 298.48 298.42 298.37 298.28 298.19 298.13 298.08 297.93 297.77 297.65 297.53 297.61 297.69 297.69 297.69 297.59 297.49 297.55 297.61 297.62 297.63 297.67 297.72 297.69 297.67 297.58 297.49 297.46 297.42 297.46 297.49 297.42 297.36 297.29 297.23 297.07 296.92 296.87 296.83 296.93 297.04 297.29 297.54 297.71 297.87 298.02 298.17 298.23 299.04 299.09 299.13 299.18 299.23 299.34 299.44 299.54 299.64 299.61 299.57 299.44 299.31 299.38 299.46 299.53 299.60 299.67 299.73 299.62 299.52 299.37 299.22 299.32 299.41 299.49 299.56 299.65 299.73 299.69 299.65 299.69 299.72 299.71 299.71 299.70 299.69 299.74 299.79 299.73 299.66 299.59 299.52 299.54 299.56 299.56 299.56 299.54 299.52 299.42 299.33 299.25 299.17 299.14 299.10 299.09 299.07 299.02 298.96 298.91 298.85 298.82 298.79 298.74 298.69 298.64 298.59 298.54 298.49 298.44 298.39 298.33 298.27 298.17 298.08 297.93 297.78 297.74 297.71 297.76 297.80 297.73 297.65 297.62 297.59 297.68 297.77 297.80 297.83 297.83 297.83 297.78 297.72 297.66 297.59 297.55 297.52 297.52 297.52 297.47 297.42 297.34 297.25 297.09 296.92 296.91 296.90 297.03 297.16 297.40 297.65 297.79 297.92 298.05 298.17 298.26 299.01 299.04 299.08 299.11 299.15 299.24 299.33 299.47 299.61 299.63 299.65 299.52 299.40 299.46 299.52 299.52 299.51 299.63 299.75 299.62 299.49 299.36 299.23 299.25 299.27 299.32 299.37 299.54 299.71 299.68 299.66 299.72 299.79 299.79 299.80 299.77 299.74 299.73 299.73 299.69 299.65 299.61 299.58 299.56 299.55 299.55 299.55 299.55 299.55 299.44 299.34 299.27 299.20 299.17 299.14 299.11 299.09 299.03 298.98 298.93 298.88 298.85 298.83 298.78 298.73 298.67 298.61 298.55 298.50 298.46 298.41 298.37 298.34 298.21 298.08 297.93 297.79 297.84 297.89 297.91 297.92 297.77 297.62 297.65 297.69 297.81 297.93 297.98 298.03 297.98 297.94 297.86 297.78 297.73 297.69 297.65 297.61 297.59 297.56 297.52 297.48 297.37 297.27 297.10 296.92 296.94 296.97 297.12 297.27 297.52 297.76 297.87 297.98 298.07 298.17 298.28 </TempDataArray>
    </BinaryData>
    <End xmlns="" EndString="7777"/>
</gribObject>
