<?xml version="1.0" encoding="UTF-8" standalone="yes"?>
<gribObject xmlns:xsi="http://www.w3.org/2001/XMLSchema-instance" xmlns:xsd="http://www.w3.org/2001/XMLSchema" xmlns="http://c4i.mlt/ICDU/schema" ForecastTime="2025-09-29T12:00:00.000Z" RunTime="2025-09-29T12:00:00.000Z" ParameterName="Temperature" FileName="newsingapore">
    <Indicator xmlns="" GribHeader="GRIB" NumOfOctets="21" GribType="2"/>
    <ProductDefinition xmlns="" NumOfOctets="4" ParamTableVersion="2" OrigCenter="7" ProcessID="81" GridID="83" GDS_BDS_Flag="128" ParamAndUnits="130" LevelType="0" Level="300" ReferenceTime="29" Month="9" Day="29" Hour="12" Minute="0" ForecastTimeUnits="1" PeriodOfTime1="12" PeriodOfTime2="0" TimeRangeIndicator="1" NumInAverage="243" NumMissingAverage="0" CenturyOfReference="21" SubcenterID="0" DecimalScaleFactor="2" Reserved1="0" Lat1="-11000" Lon1="91000" Lat2="-9500" Lon2="105375" Di="125" Dj="125"/>
    <GridDescription xmlns="" NumOfOctets="72" NV="0" PV="255" DataRepresentationType="0">
        <LatLonProjection Ni="116" Nj="13" Flags="128" ScanFlags="64" Reserved="0"/>
    </GridDescription>
    <BinaryData xmlns="" NumOfOctets="6032" FlagsAndUnused="12" BinaryScaleFactor="0" ReferenceValue="24230.927734" DatumPacked="1508" OptionalFlags="0">
        <TempDataArray>243.74 243.63 243.52 243.42 243.32 243.29 243.26 243.32 243.37 243.37 243.37 243.34 243.30 243.28 243.26 243.21 243.16 243.24 243.32 243.29 243.25 243.32 243.39 243.43 243.46 243.42 243.37 243.29 243.21 243.19 243.17 243.23 243.28 243.31 243.34 243.36 243.38 243.31 243.23 243.18 243.13 243.11 243.08 243.07 243.06 243.09 243.12 243.13 243.14 243.12 243.10 243.10 243.09 243.16 243.23 243.31 243.39 243.41 243.42 243.49 243.55 243.53 243.50 243.46 243.42 243.48 243.54 243.51 243.48 243.51 243.53 243.50 243.47 243.52 243.56 243.51 243.46 243.40 243.34 243.34 243.33 243.29 243.24 243.18 243.12 243.19 243.25 243.25 243.24 243.27 243.29 243.12 242.94 242.90 242.86 242.87 242.88 242.83 242.77 242.85 242.93 242.78 242.63 242.51 242.39 242.40 242.40 242.54 242.68 242.75 242.82 242.81 242.79 242.90 243.00 243.10 243.53 243.45 243.37 243.35 243.33 243.31 243.30 243.30 243.30 243.31 243.33 243.31 243.29 243.26 243.24 243.23 243.21 243.30 243.39 243.39 243.39 243.48 243.58 243.61 243.64 243.57 243.50 243.38 243.26 243.22 243.19 243.21 243.24 243.28 243.32 243.33 243.35 243.30 243.26 243.21 243.15 243.08 243.01 242.99 242.98 243.03 243.09 243.11 243.13 243.15 243.16 243.19 243.22 243.29 243.37 243.44 243.51 243.50 243.50 243.46 243.42 243.34 243.27 243.29 243.31 243.43 243.55 243.54 243.54 243.57 243.61 243.60 243.60 243.59 243.57 243.50 243.43 243.35 243.27 243.18 243.10 243.04 242.99 242.99 242.99 243.13 243.27 243.33 243.39 243.34 243.29 243.15 243.00 243.01 243.02 242.98 242.93 242.94 242.94 242.93 242.93 242.78 242.64 242.57 242.51 242.55 242.59 242.69 242.79 242.86 242.92 242.90 242.87 242.99 243.11 243.14 243.32 243.28 243.23 243.28 243.33 243.33 243.33 243.28 243.22 243.25 243.28 243.28 243.27 243.24 243.21 243.24 243.27 243.36 243.45 243.49 243.53 243.65 243.76 243.79 243.82 243.73 243.63 243.46 243.30 243.26 243.21 243.20 243.19 243.24 243.29 243.30 243.31 243.30 243.29 243.24 243.18 243.06 242.93 242.91 242.89 242.97 243.05 243.09 243.12 243.17 243.22 243.28 243.34 243.43 243.51 243.57 243.62 243.60 243.58 243.44 243.29 243.16 243.03 243.12 243.20 243.37 243.55 243.57 243.59 243.64 243.68 243.71 243.73 243.66 243.58 243.49 243.39 243.29 243.19 243.03 242.87 242.80 242.73 242.79 242.85 243.07 243.29 243.42 243.54 243.42 243.29 243.18 243.06 243.12 243.18 243.08 242.98 243.05 243.11 243.02 242.92 242.78 242.64 242.63 242.62 242.70 242.77 242.84 242.90 242.96 243.02 242.99 242.95 243.09 243.22 243.19 243.23 243.21 243.20 243.19 243.19 243.17 243.15 243.14 243.13 243.15 243.18 243.18 243.18 243.19 243.20 243.22 243.25 243.32 243.40 243.42 243.44 243.54 243.65 243.67 243.69 243.55 243.40 243.33 243.24 243.23 243.21 243.19 243.18 243.19 243.21 243.19 243.17 243.14 243.11 243.01 242.92 242.80 242.69 242.69 242.70 242.75 242.81 242.86 242.92 243.02 243.13 243.19 243.25 243.32 243.40 243.46 243.52 243.48 243.45 243.30 243.15 243.06 242.96 243.06 243.16 243.39 243.63 243.67 243.71 243.70 243.68 243.62 243.57 243.45 243.34 243.23 243.12 243.11 243.10 242.98 242.86 242.84 242.81 242.82 242.82 243.01 243.20 243.27 243.34 243.20 243.06 243.02 242.99 243.03 243.08 243.11 243.15 243.14 243.14 243.02 242.90 242.79 242.69 242.69 242.69 242.76 242.84 242.89 242.95 242.98 243.01 243.07 243.14 243.18 243.22 243.20 243.14 243.15 243.16 243.11 243.05 243.01 242.97 243.00 243.03 243.06 243.08 243.09 243.10 243.14 243.18 243.20 243.22 243.28 243.34 243.35 243.35 243.44 243.53 243.55 243.56 243.37 243.18 243.18 243.19 243.20 243.20 243.18 243.16 243.15 243.13 243.08 243.02 242.97 242.92 242.79 242.65 242.55 242.45 242.48 242.50 242.53 242.56 242.64 242.72 242.88 243.03 243.10 243.16 243.22 243.28 243.35 243.42 243.37 243.31 243.17 243.02 242.96 242.89 243.00 243.11 243.41 243.71 243.77 243.83 243.76 243.69 243.55 243.40 243.25 243.10 242.97 242.84 242.92 243.00 242.93 242.85 242.87 242.89 242.84 242.79 242.95 243.11 243.13 243.14 242.99 242.83 242.87 242.91 242.95 242.98 243.15 243.31 243.24 243.17 243.02 242.87 242.80 242.73 242.74 242.75 242.83 242.91 242.95 242.99 243.00 243.00 243.16 243.32 243.27 243.21 243.21 243.03 243.04 243.05 243.03 243.00 243.01 243.01 243.03 243.06 243.06 243.06 243.07 243.08 243.12 243.15 243.16 243.16 243.19 243.23 243.23 243.24 243.25 243.26 243.24 243.22 243.12 243.02 243.10 243.18 243.13 243.09 243.09 243.08 243.06 243.03 243.00 242.98 242.97 242.97 242.82 242.68 242.59 242.50 242.49 242.49 242.46 242.44 242.48 242.53 242.65 242.78 242.87 242.96 243.02 243.09 243.14 243.19 243.17 243.15 243.08 243.02 242.99 242.97 243.14 243.31 243.54 243.78 243.80 243.83 243.72 243.62 243.45 243.29 243.09 242.90 242.82 242.74 242.86 242.98 242.91 242.85 242.92 243.00 242.87 242.74 242.86 242.98 243.00 243.02 242.99 242.97 242.98 243.00 243.09 243.18 243.17 243.16 243.08 243.00 242.90 242.80 242.82 242.84 242.84 242.85 242.90 242.95 242.96 242.96 242.95 242.93 243.01 243.09 243.24 243.39 243.33 242.92 242.93 242.94 242.95 242.95 243.00 243.05 243.07 243.08 243.06 243.03 243.04 243.05 243.09 243.13 243.11 243.09 243.11 243.12 243.12 243.12 243.05 242.98 242.93 242.87 242.86 242.85 243.01 243.16 243.07 242.98 242.99 243.00 242.97 242.93 242.93 242.93 242.97 243.01 242.86 242.70 242.62 242.55 242.51 242.47 242.39 242.31 242.33 242.34 242.43 242.52 242.64 242.75 242.82 242.89 242.93 242.96 242.97 242.98 243.00 243.02 243.03 243.04 243.28 243.51 243.68 243.84 243.83 243.82 243.68 243.54 243.36 243.17 242.94 242.70 242.67 242.64 242.80 242.95 242.90 242.85 242.98 243.10 242.90 242.69 242.77 242.85 242.87 242.89 243.00 243.10 243.09 243.08 243.23 243.38 243.19 243.00 242.91 242.82 242.78 242.73 242.84 242.94 242.95 242.95 242.97 242.99 242.96 242.94 242.90 242.85 242.86 242.86 243.21 243.56 243.46 242.86 242.89 242.92 242.95 242.99 243.01 243.03 243.01 242.99 243.02 243.06 243.03 243.00 243.03 243.06 243.09 243.12 243.08 243.04 242.99 242.95 242.98 243.01 242.97 242.94 242.91 242.89 242.99 243.10 243.03 242.96 242.95 242.95 242.92 242.90 242.94 242.97 242.98 242.98 242.86 242.74 242.71 242.68 242.62 242.56 242.48 242.41 242.38 242.36 242.40 242.44 242.54 242.65 242.70 242.76 242.78 242.79 242.84 242.88 242.85 242.83 242.85 242.87 243.15 243.43 243.56 243.70 243.69 243.68 243.57 243.47 243.32 243.16 242.96 242.75 242.80 242.85 242.96 243.06 243.00 242.95 243.04 243.12 242.95 242.77 242.82 242.87 242.91 242.95 243.09 243.22 243.21 243.20 243.23 243.27 243.12 242.96 242.86 242.77 242.80 242.83 242.84 242.84 242.90 242.95 242.97 242.99 242.99 242.99 242.95 242.92 242.82 242.72 243.00 243.27 243.26 242.79 242.84 242.89 242.96 243.02 243.02 243.01 242.96 242.90 242.99 243.08 243.02 242.95 242.97 242.99 243.07 243.14 243.05 242.96 242.87 242.77 242.90 243.04 243.02 243.00 242.96 242.92 242.98 243.03 242.99 242.94 242.92 242.89 242.88 242.87 242.94 243.01 242.98 242.95 242.87 242.78 242.80 242.81 242.73 242.64 242.57 242.50 242.44 242.38 242.37 242.36 242.45 242.54 242.59 242.63 242.62 242.62 242.70 242.78 242.71 242.63 242.67 242.70 243.02 243.34 243.45 243.56 243.55 243.53 243.47 243.40 243.28 243.15 242.98 242.80 242.93 243.06 243.12 243.17 243.11 243.04 243.10 243.15 243.00 242.85 242.87 242.90 242.96 243.01 243.18 243.34 243.33 243.31 243.24 243.16 243.04 242.92 242.82 242.71 242.82 242.93 242.84 242.74 242.85 242.95 242.97 242.98 243.01 243.03 243.01 242.99 242.79 242.58 242.78 242.98 243.07 242.73 242.78 242.84 242.89 242.94 242.91 242.88 242.82 242.77 242.84 242.92 242.93 242.95 242.99 243.03 243.01 243.00 242.88 242.76 242.74 242.72 242.82 242.92 242.96 243.01 243.00 242.99 242.99 242.99 243.00 243.01 242.97 242.94 242.91 242.89 242.92 242.95 242.91 242.87 242.81 242.75 242.80 242.85 242.79 242.73 242.66 242.60 242.55 242.51 242.46 242.42 242.51 242.60 242.68 242.77 242.74 242.70 242.72 242.73 242.67 242.61 242.66 242.71 243.00 243.29 243.36 243.43 243.39 243.34 243.29 243.23 243.13 243.03 242.95 242.87 243.01 243.16 243.18 243.20 243.20 243.20 243.23 243.26 243.11 242.95 242.94 242.94 242.99 243.05 243.20 243.36 243.42 243.48 243.39 243.31 243.21 243.12 243.11 243.10 243.06 243.02 242.84 242.66 242.79 242.92 243.04 243.16 243.09 243.01 243.12 243.23 243.06 242.89 242.98 243.07 243.10 242.66 242.72 242.78 242.82 242.86 242.81 242.75 242.69 242.63 242.70 242.76 242.85 242.94 243.01 243.07 242.96 242.85 242.71 242.56 242.62 242.67 242.74 242.80 242.90 243.01 243.04 243.06 243.01 242.95 243.01 243.07 243.03 242.98 242.95 242.91 242.90 242.89 242.84 242.78 242.75 242.71 242.80 242.89 242.85 242.81 242.76 242.70 242.67 242.63 242.56 242.48 242.57 242.66 242.79 242.91 242.85 242.78 242.73 242.68 242.63 242.58 242.65 242.72 242.98 243.23 243.27 243.30 243.23 243.15 243.11 243.06 242.98 242.90 242.92 242.93 243.09 243.25 243.24 243.23 243.30 243.36 243.37 243.37 243.21 243.05 243.01 242.97 243.03 243.08 243.23 243.37 243.51 243.64 243.55 243.45 243.38 243.31 243.40 243.49 243.30 243.11 242.85 242.58 242.74 242.89 243.12 243.34 243.17 242.99 243.23 243.46 243.33 243.19 243.17 243.15 243.12 242.62 242.66 242.69 242.71 242.74 242.65 242.57 242.53 242.49 242.59 242.69 242.81 242.93 242.93 242.93 242.82 242.70 242.62 242.56 242.62 242.68 242.74 242.81 242.91 243.02 243.08 243.15 243.10 243.06 243.13 243.21 243.16 243.11 243.05 243.00 242.98 242.96 242.92 242.88 242.84 242.81 242.85 242.88 242.84 242.79 242.77 242.75 242.76 242.78 242.73 242.69 242.74 242.78 242.85 242.92 242.86 242.80 242.77 242.75 242.73 242.71 242.79 242.87 243.03 243.19 243.17 243.15 243.08 243.01 242.97 242.94 242.89 242.85 242.96 243.07 243.22 243.37 243.35 243.33 243.38 243.44 243.43 243.43 243.24 243.04 243.09 243.15 243.19 243.24 243.34 243.45 243.57 243.69 243.61 243.54 243.45 243.37 243.45 243.53 243.31 243.09 242.98 242.88 242.95 243.03 243.16 243.30 243.10 242.90 243.15 243.40 243.27 243.15 243.17 243.18 243.16 242.59 242.60 242.60 242.61 242.61 242.50 242.39 242.37 242.35 242.49 242.62 242.78 242.93 242.87 242.80 242.67 242.54 242.55 242.55 242.62 242.68 242.75 242.81 242.92 243.02 243.13 243.24 243.20 243.16 243.26 243.35 243.29 243.23 243.16 243.09 243.06 243.03 243.00 242.97 242.94 242.91 242.89 242.87 242.82 242.77 242.78 242.79 242.86 242.92 242.91 242.90 242.90 242.90 242.92 242.93 242.87 242.81 242.81 242.81 242.82 242.83 242.93 243.02 243.09 243.15 243.07 242.99 242.93 242.86 242.84 242.82 242.81 242.79 243.00 243.21 243.35 243.48 243.46 243.43 243.47 243.51 243.50 243.49 243.26 243.03 243.18 243.32 243.36 243.40 243.46 243.52 243.63 243.74 243.68 243.62 243.53 243.43 243.50 243.57 243.32 243.07 243.12 243.17 243.17 243.16 243.21 243.25 243.04 242.82 243.08 243.33 243.22 243.11 243.16 243.21 243.20 </TempDataArray>
    </BinaryData>
    <End xmlns="" EndString="7777"/>
</gribObject>
