<?xml version="1.0" encoding="UTF-8" standalone="yes"?>
<gribObject xmlns:xsi="http://www.w3.org/2001/XMLSchema-instance" xmlns:xsd="http://www.w3.org/2001/XMLSchema" xmlns="http://c4i.mlt/ICDU/schema" ForecastTime="2025-09-28T12:00:00.000Z" RunTime="2025-09-28T12:00:00.000Z" ParameterName="Geopotential height" FileName="newsingapore">
    <Indicator xmlns="" GribHeader="GRIB" NumOfOctets="21" GribType="2"/>
    <ProductDefinition xmlns="" NumOfOctets="4" ParamTableVersion="2" OrigCenter="7" ProcessID="81" GridID="36" GDS_BDS_Flag="128" ParamAndUnits="156" LevelType="0" Level="300" ReferenceTime="28" Month="9" Day="28" Hour="12" Minute="0" ForecastTimeUnits="1" PeriodOfTime1="12" PeriodOfTime2="0" TimeRangeIndicator="1" NumInAverage="9714" NumMissingAverage="0" CenturyOfReference="21" SubcenterID="0" DecimalScaleFactor="2" Reserved1="0" Lat1="-11000" Lon1="91000" Lat2="-9500" Lon2="105375" Di="125" Dj="125"/>
    <GridDescription xmlns="" NumOfOctets="72" NV="0" PV="255" DataRepresentationType="0">
        <LatLonProjection Ni="116" Nj="13" Flags="128" ScanFlags="64" Reserved="0"/>
    </GridDescription>
    <BinaryData xmlns="" NumOfOctets="6032" FlagsAndUnused="12" BinaryScaleFactor="2" ReferenceValue="970715.937500" DatumPacked="1508" OptionalFlags="0">
        <TempDataArray>9712.68 9712.80 9712.88 9713.04 9713.20 9713.36 9713.48 9713.40 9713.32 9713.20 9713.04 9713.04 9713.00 9712.88 9712.76 9712.76 9712.76 9713.08 9713.40 9713.56 9713.72 9713.76 9713.80 9713.84 9713.88 9713.80 9713.72 9713.76 9713.80 9714.04 9714.28 9714.48 9714.68 9714.80 9714.88 9714.52 9714.16 9713.92 9713.64 9713.16 9712.68 9712.56 9712.44 9712.36 9712.24 9712.20 9712.20 9712.44 9712.64 9712.88 9713.12 9713.04 9712.96 9712.88 9712.80 9712.68 9712.56 9712.64 9712.72 9712.92 9713.12 9713.28 9713.44 9713.84 9714.20 9714.72 9715.24 9715.44 9715.60 9715.80 9716.00 9716.44 9716.84 9716.88 9716.92 9716.96 9717.04 9717.12 9717.16 9717.04 9716.92 9717.12 9717.28 9717.52 9717.76 9717.80 9717.80 9717.64 9717.44 9717.52 9717.60 9717.96 9718.28 9718.36 9718.48 9718.68 9718.84 9719.04 9719.24 9719.28 9719.36 9719.16 9718.96 9718.88 9718.76 9718.64 9718.48 9718.40 9718.32 9718.36 9718.36 9718.32 9718.28 9718.16 9718.04 9718.24 9712.64 9712.76 9712.84 9712.88 9712.92 9713.00 9713.08 9712.96 9712.88 9712.76 9712.64 9712.64 9712.68 9712.60 9712.52 9712.52 9712.52 9712.72 9712.96 9713.08 9713.24 9713.32 9713.40 9713.40 9713.36 9713.32 9713.28 9713.44 9713.60 9713.92 9714.20 9714.20 9714.24 9714.08 9713.96 9713.64 9713.36 9713.04 9712.76 9712.28 9711.80 9711.84 9711.88 9711.84 9711.84 9711.92 9712.04 9712.32 9712.60 9712.76 9712.92 9712.84 9712.80 9712.64 9712.48 9712.44 9712.36 9712.52 9712.64 9712.84 9713.08 9713.36 9713.64 9714.00 9714.40 9714.76 9715.12 9715.16 9715.20 9715.44 9715.72 9716.08 9716.44 9716.72 9716.96 9717.08 9717.20 9717.16 9717.12 9717.20 9717.24 9717.40 9717.60 9717.84 9718.12 9718.12 9718.12 9718.00 9717.88 9717.96 9718.04 9718.36 9718.72 9718.84 9719.00 9719.08 9719.20 9719.28 9719.36 9719.28 9719.12 9719.04 9718.92 9718.80 9718.72 9718.60 9718.44 9718.48 9718.52 9718.56 9718.60 9718.64 9718.72 9718.72 9718.76 9718.88 9712.60 9712.72 9712.80 9712.72 9712.60 9712.64 9712.68 9712.52 9712.40 9712.32 9712.24 9712.28 9712.32 9712.28 9712.28 9712.28 9712.28 9712.36 9712.48 9712.60 9712.72 9712.88 9713.00 9712.96 9712.88 9712.88 9712.88 9713.12 9713.40 9713.76 9714.12 9713.96 9713.76 9713.36 9713.00 9712.76 9712.52 9712.20 9711.88 9711.36 9710.88 9711.08 9711.28 9711.36 9711.40 9711.64 9711.88 9712.20 9712.52 9712.60 9712.68 9712.64 9712.60 9712.36 9712.16 9712.20 9712.20 9712.36 9712.52 9712.80 9713.04 9713.44 9713.80 9714.20 9714.60 9714.84 9715.04 9714.92 9714.76 9715.08 9715.40 9715.76 9716.08 9716.56 9717.04 9717.20 9717.36 9717.20 9717.08 9717.32 9717.56 9717.72 9717.88 9718.16 9718.44 9718.44 9718.44 9718.36 9718.32 9718.40 9718.48 9718.84 9719.16 9719.32 9719.48 9719.52 9719.52 9719.52 9719.52 9719.20 9718.92 9718.88 9718.84 9718.76 9718.64 9718.52 9718.44 9718.60 9718.72 9718.80 9718.84 9719.00 9719.12 9719.28 9719.44 9719.48 9711.96 9712.12 9712.28 9712.16 9712.04 9712.08 9712.12 9712.00 9711.92 9711.88 9711.88 9711.92 9712.00 9712.08 9712.12 9712.16 9712.16 9712.16 9712.16 9712.20 9712.20 9712.28 9712.32 9712.28 9712.20 9712.32 9712.40 9712.68 9712.96 9713.20 9713.44 9713.24 9713.00 9712.64 9712.28 9712.08 9711.88 9711.60 9711.32 9711.04 9710.80 9711.00 9711.20 9711.28 9711.36 9711.56 9711.80 9712.00 9712.20 9712.32 9712.44 9712.36 9712.36 9712.24 9712.12 9712.16 9712.20 9712.40 9712.64 9712.88 9713.12 9713.32 9713.52 9713.80 9714.04 9714.24 9714.44 9714.44 9714.44 9714.68 9714.96 9715.36 9715.76 9716.28 9716.84 9717.04 9717.28 9717.20 9717.16 9717.32 9717.52 9717.56 9717.64 9717.84 9718.04 9718.16 9718.28 9718.44 9718.56 9718.56 9718.60 9718.68 9718.76 9718.84 9718.96 9719.00 9719.04 9719.04 9719.08 9719.00 9718.88 9718.96 9719.04 9719.00 9719.00 9718.88 9718.80 9718.88 9718.96 9719.08 9719.20 9719.32 9719.48 9719.56 9719.64 9719.52 9711.32 9711.52 9711.76 9711.64 9711.48 9711.52 9711.52 9711.44 9711.40 9711.44 9711.48 9711.60 9711.68 9711.84 9712.00 9712.04 9712.04 9711.96 9711.84 9711.76 9711.68 9711.68 9711.64 9711.60 9711.56 9711.76 9711.92 9712.20 9712.48 9712.64 9712.80 9712.52 9712.20 9711.92 9711.60 9711.40 9711.20 9711.00 9710.76 9710.72 9710.68 9710.92 9711.16 9711.24 9711.32 9711.52 9711.68 9711.80 9711.92 9712.04 9712.16 9712.12 9712.08 9712.08 9712.08 9712.12 9712.20 9712.44 9712.72 9712.96 9713.20 9713.24 9713.28 9713.36 9713.48 9713.68 9713.88 9714.00 9714.12 9714.28 9714.48 9714.96 9715.40 9716.00 9716.60 9716.92 9717.20 9717.20 9717.24 9717.36 9717.44 9717.44 9717.40 9717.52 9717.64 9717.92 9718.16 9718.48 9718.80 9718.76 9718.68 9718.52 9718.32 9718.36 9718.44 9718.48 9718.52 9718.60 9718.64 9718.76 9718.88 9719.04 9719.20 9719.28 9719.32 9719.24 9719.16 9719.16 9719.16 9719.36 9719.52 9719.68 9719.84 9719.84 9719.84 9719.60 9710.72 9710.88 9711.08 9711.00 9710.92 9710.96 9711.04 9711.04 9711.04 9711.04 9711.08 9711.16 9711.28 9711.36 9711.44 9711.40 9711.36 9711.52 9711.68 9711.56 9711.44 9711.20 9710.96 9711.16 9711.36 9711.68 9711.96 9712.16 9712.36 9712.36 9712.32 9712.00 9711.68 9711.48 9711.28 9711.20 9711.08 9710.84 9710.64 9710.56 9710.52 9710.72 9710.96 9711.08 9711.20 9711.40 9711.60 9711.72 9711.84 9711.92 9711.96 9712.00 9712.04 9712.04 9712.08 9712.04 9712.04 9712.28 9712.52 9712.76 9713.00 9713.04 9713.08 9713.16 9713.20 9713.40 9713.64 9713.76 9713.92 9714.24 9714.56 9715.12 9715.68 9716.28 9716.84 9717.12 9717.36 9717.36 9717.36 9717.36 9717.36 9717.24 9717.12 9717.32 9717.52 9717.88 9718.20 9718.40 9718.60 9718.52 9718.48 9718.36 9718.20 9718.24 9718.28 9718.36 9718.44 9718.64 9718.80 9719.04 9719.28 9719.44 9719.68 9719.64 9719.64 9719.52 9719.36 9719.40 9719.44 9719.60 9719.76 9719.80 9719.84 9719.80 9719.72 9719.40 9710.08 9710.24 9710.40 9710.36 9710.36 9710.44 9710.52 9710.60 9710.68 9710.68 9710.64 9710.76 9710.84 9710.88 9710.92 9710.80 9710.68 9711.12 9711.52 9711.36 9711.20 9710.76 9710.28 9710.72 9711.16 9711.60 9712.04 9712.12 9712.24 9712.04 9711.84 9711.52 9711.16 9711.08 9711.00 9710.96 9710.96 9710.72 9710.48 9710.44 9710.36 9710.52 9710.72 9710.88 9711.04 9711.28 9711.52 9711.64 9711.76 9711.76 9711.76 9711.88 9711.96 9712.04 9712.08 9711.96 9711.88 9712.08 9712.28 9712.52 9712.76 9712.84 9712.88 9712.92 9712.96 9713.16 9713.36 9713.52 9713.68 9714.16 9714.64 9715.28 9715.96 9716.52 9717.08 9717.28 9717.52 9717.52 9717.52 9717.36 9717.24 9717.04 9716.84 9717.16 9717.44 9717.84 9718.20 9718.28 9718.40 9718.36 9718.28 9718.20 9718.12 9718.12 9718.08 9718.24 9718.40 9718.68 9718.92 9719.28 9719.64 9719.88 9720.12 9720.04 9719.96 9719.80 9719.60 9719.68 9719.72 9719.88 9720.00 9719.92 9719.84 9719.72 9719.60 9719.20 9709.68 9709.80 9709.92 9709.92 9709.96 9710.20 9710.44 9710.44 9710.48 9710.36 9710.24 9710.32 9710.40 9710.40 9710.36 9710.44 9710.44 9710.72 9710.96 9710.84 9710.72 9710.48 9710.28 9710.64 9711.04 9711.24 9711.44 9711.48 9711.52 9711.32 9711.12 9710.84 9710.60 9710.56 9710.52 9710.56 9710.60 9710.52 9710.48 9710.36 9710.20 9710.24 9710.24 9710.44 9710.68 9710.92 9711.20 9711.20 9711.24 9711.20 9711.16 9711.20 9711.28 9711.44 9711.60 9711.72 9711.80 9712.00 9712.20 9712.40 9712.60 9712.76 9712.88 9713.12 9713.32 9713.56 9713.80 9713.96 9714.12 9714.64 9715.20 9715.76 9716.32 9716.68 9717.04 9717.24 9717.44 9717.44 9717.44 9717.32 9717.16 9717.16 9717.16 9717.48 9717.84 9718.08 9718.32 9718.40 9718.52 9718.56 9718.64 9718.68 9718.76 9718.72 9718.72 9718.80 9718.88 9719.04 9719.16 9719.40 9719.68 9719.84 9720.04 9719.96 9719.92 9719.76 9719.64 9719.80 9719.96 9720.04 9720.08 9719.88 9719.72 9719.48 9719.28 9719.00 9709.24 9709.32 9709.40 9709.48 9709.56 9709.96 9710.32 9710.28 9710.28 9710.04 9709.80 9709.88 9709.96 9709.92 9709.84 9710.04 9710.24 9710.28 9710.36 9710.28 9710.20 9710.24 9710.28 9710.60 9710.88 9710.88 9710.84 9710.80 9710.76 9710.60 9710.40 9710.20 9710.00 9710.04 9710.04 9710.12 9710.20 9710.36 9710.48 9710.28 9710.04 9709.92 9709.76 9710.04 9710.28 9710.56 9710.84 9710.80 9710.72 9710.64 9710.52 9710.56 9710.60 9710.88 9711.12 9711.44 9711.72 9711.92 9712.12 9712.28 9712.44 9712.68 9712.88 9713.28 9713.68 9713.96 9714.24 9714.40 9714.56 9715.16 9715.72 9716.20 9716.68 9716.84 9717.00 9717.20 9717.40 9717.40 9717.40 9717.24 9717.08 9717.28 9717.48 9717.84 9718.20 9718.32 9718.44 9718.52 9718.60 9718.80 9719.00 9719.20 9719.36 9719.36 9719.32 9719.36 9719.36 9719.36 9719.40 9719.52 9719.68 9719.84 9719.96 9719.92 9719.84 9719.76 9719.64 9719.92 9720.20 9720.20 9720.16 9719.88 9719.56 9719.24 9718.92 9718.80 9708.68 9708.76 9708.84 9709.04 9709.20 9709.40 9709.64 9709.60 9709.60 9709.44 9709.28 9709.40 9709.52 9709.48 9709.44 9709.64 9709.84 9709.84 9709.88 9709.80 9709.72 9709.60 9709.52 9709.76 9709.96 9710.12 9710.24 9710.24 9710.28 9710.20 9710.12 9710.00 9709.88 9709.84 9709.80 9709.76 9709.72 9709.88 9710.08 9709.96 9709.84 9709.84 9709.88 9710.20 9710.52 9710.60 9710.68 9710.44 9710.24 9710.20 9710.20 9710.32 9710.44 9710.84 9711.20 9711.52 9711.92 9712.12 9712.32 9712.56 9712.80 9712.96 9713.16 9713.52 9713.92 9714.28 9714.68 9714.96 9715.20 9715.72 9716.24 9716.48 9716.72 9716.72 9716.68 9716.92 9717.12 9717.20 9717.28 9717.32 9717.36 9717.60 9717.88 9718.12 9718.36 9718.48 9718.68 9718.76 9718.88 9719.00 9719.08 9719.12 9719.12 9719.16 9719.20 9719.20 9719.24 9719.24 9719.24 9719.36 9719.48 9719.68 9719.84 9719.84 9719.84 9719.80 9719.76 9719.88 9720.04 9719.88 9719.72 9719.44 9719.20 9719.04 9718.88 9718.88 9708.12 9708.20 9708.28 9708.56 9708.84 9708.88 9708.92 9708.88 9708.88 9708.80 9708.72 9708.92 9709.08 9709.04 9709.04 9709.20 9709.40 9709.40 9709.40 9709.32 9709.24 9709.00 9708.72 9708.92 9709.08 9709.36 9709.60 9709.68 9709.76 9709.80 9709.80 9709.76 9709.72 9709.64 9709.52 9709.36 9709.20 9709.44 9709.68 9709.68 9709.64 9709.80 9709.96 9710.36 9710.72 9710.64 9710.52 9710.12 9709.72 9709.80 9709.84 9710.08 9710.32 9710.80 9711.24 9711.68 9712.08 9712.28 9712.52 9712.84 9713.12 9713.28 9713.44 9713.80 9714.16 9714.64 9715.08 9715.48 9715.88 9716.32 9716.76 9716.76 9716.76 9716.56 9716.36 9716.60 9716.84 9717.04 9717.20 9717.44 9717.64 9717.96 9718.24 9718.36 9718.48 9718.68 9718.88 9719.04 9719.16 9719.16 9719.16 9719.04 9718.88 9718.96 9719.04 9719.08 9719.12 9719.12 9719.08 9719.20 9719.28 9719.52 9719.72 9719.80 9719.84 9719.84 9719.84 9719.88 9719.88 9719.56 9719.24 9719.04 9718.80 9718.84 9718.84 9719.00 9707.68 9707.68 9707.72 9707.96 9708.16 9708.12 9708.08 9708.12 9708.20 9708.32 9708.48 9708.68 9708.92 9708.92 9708.92 9708.92 9708.92 9708.84 9708.76 9708.64 9708.52 9708.44 9708.36 9708.52 9708.76 9708.88 9709.00 9709.00 9709.00 9709.08 9709.16 9709.28 9709.44 9709.32 9709.20 9709.08 9709.00 9709.32 9709.64 9709.68 9709.72 9709.96 9710.24 9710.56 9710.88 9710.68 9710.48 9710.24 9710.00 9710.08 9710.20 9710.40 9710.64 9711.00 9711.40 9711.72 9712.04 9712.32 9712.60 9712.84 9713.04 9713.28 9713.52 9713.96 9714.44 9714.92 9715.40 9715.76 9716.12 9716.36 9716.68 9716.56 9716.48 9716.44 9716.36 9716.68 9717.00 9717.24 9717.44 9717.64 9717.84 9717.96 9718.12 9718.20 9718.36 9718.60 9718.84 9718.92 9719.00 9718.96 9718.96 9719.00 9719.04 9719.16 9719.28 9719.36 9719.40 9719.40 9719.44 9719.56 9719.68 9719.88 9720.04 9720.04 9720.04 9720.00 9719.96 9719.84 9719.72 9719.48 9719.28 9719.16 9719.00 9719.00 9719.00 9719.16 9707.20 9707.20 9707.16 9707.32 9707.48 9707.36 9707.24 9707.36 9707.48 9707.88 9708.24 9708.48 9708.72 9708.76 9708.76 9708.60 9708.44 9708.28 9708.08 9707.96 9707.80 9707.88 9707.96 9708.20 9708.40 9708.36 9708.36 9708.28 9708.20 9708.36 9708.48 9708.84 9709.16 9709.00 9708.84 9708.80 9708.76 9709.16 9709.56 9709.68 9709.76 9710.16 9710.52 9710.76 9711.00 9710.72 9710.44 9710.36 9710.24 9710.40 9710.56 9710.76 9710.92 9711.24 9711.56 9711.80 9712.04 9712.36 9712.64 9712.84 9713.00 9713.28 9713.60 9714.16 9714.68 9715.20 9715.72 9716.04 9716.32 9716.44 9716.56 9716.36 9716.20 9716.28 9716.36 9716.76 9717.16 9717.44 9717.68 9717.88 9718.04 9718.00 9717.96 9718.08 9718.20 9718.48 9718.76 9718.80 9718.84 9718.80 9718.72 9718.96 9719.16 9719.36 9719.56 9719.64 9719.68 9719.72 9719.76 9719.92 9720.08 9720.20 9720.36 9720.28 9720.20 9720.12 9720.08 9719.84 9719.56 9719.44 9719.32 9719.28 9719.20 9719.16 9719.12 9719.28 </TempDataArray>
    </BinaryData>
    <End xmlns="" EndString="7777"/>
</gribObject>
