<?xml version="1.0" encoding="UTF-8" standalone="yes"?>
<gribObject xmlns:xsi="http://www.w3.org/2001/XMLSchema-instance" xmlns:xsd="http://www.w3.org/2001/XMLSchema" xmlns="http://c4i.mlt/ICDU/schema" ForecastTime="2025-09-28T12:00:00.000Z" RunTime="2025-09-28T12:00:00.000Z" ParameterName="Geopotential height" FileName="newsingapore">
    <Indicator xmlns="" GribHeader="GRIB" NumOfOctets="21" GribType="2"/>
    <ProductDefinition xmlns="" NumOfOctets="4" ParamTableVersion="2" OrigCenter="7" ProcessID="81" GridID="36" GDS_BDS_Flag="128" ParamAndUnits="156" LevelType="0" Level="200" ReferenceTime="28" Month="9" Day="28" Hour="12" Minute="0" ForecastTimeUnits="1" PeriodOfTime1="12" PeriodOfTime2="0" TimeRangeIndicator="1" NumInAverage="12475" NumMissingAverage="0" CenturyOfReference="21" SubcenterID="0" DecimalScaleFactor="2" Reserved1="0" Lat1="-11000" Lon1="91000" Lat2="-9500" Lon2="105375" Di="125" Dj="125"/>
    <GridDescription xmlns="" NumOfOctets="72" NV="0" PV="255" DataRepresentationType="0">
        <LatLonProjection Ni="116" Nj="13" Flags="128" ScanFlags="64" Reserved="0"/>
    </GridDescription>
    <BinaryData xmlns="" NumOfOctets="6032" FlagsAndUnused="12" BinaryScaleFactor="2" ReferenceValue="1246385.875000" DatumPacked="1508" OptionalFlags="0">
        <TempDataArray>12472.22 12472.30 12472.34 12472.38 12472.38 12472.62 12472.82 12472.66 12472.50 12472.50 12472.50 12472.86 12473.18 12473.14 12473.06 12472.90 12472.78 12473.06 12473.30 12473.26 12473.22 12473.10 12472.98 12473.22 12473.46 12473.78 12474.10 12474.30 12474.50 12474.62 12474.70 12474.66 12474.62 12474.58 12474.54 12474.42 12474.26 12474.54 12474.82 12474.82 12474.82 12474.74 12474.62 12474.58 12474.54 12474.54 12474.50 12474.54 12474.58 12475.02 12475.42 12475.82 12476.22 12476.42 12476.62 12476.78 12476.94 12476.90 12476.86 12477.02 12477.18 12477.70 12478.18 12478.54 12478.90 12478.82 12478.70 12478.66 12478.58 12478.58 12478.54 12478.70 12478.86 12478.94 12479.02 12479.18 12479.30 12479.62 12479.94 12480.26 12480.54 12480.34 12480.14 12480.10 12480.06 12480.10 12480.14 12480.26 12480.34 12480.38 12480.42 12480.42 12480.38 12480.26 12480.14 12480.30 12480.46 12480.34 12480.18 12479.98 12479.78 12479.86 12479.94 12480.06 12480.22 12480.10 12479.98 12479.70 12479.38 12479.18 12478.98 12479.06 12479.18 12478.90 12478.62 12478.14 12471.90 12471.90 12471.94 12471.90 12471.86 12471.98 12472.06 12471.98 12471.90 12471.90 12471.94 12472.06 12472.22 12472.22 12472.22 12472.18 12472.14 12472.26 12472.38 12472.26 12472.18 12472.18 12472.22 12472.42 12472.62 12472.78 12472.98 12473.06 12473.22 12473.42 12473.62 12473.54 12473.46 12473.38 12473.34 12473.42 12473.50 12473.82 12474.14 12474.18 12474.22 12474.06 12473.94 12473.98 12474.02 12473.98 12473.98 12473.98 12473.98 12474.46 12474.94 12475.38 12475.82 12476.06 12476.30 12476.66 12476.98 12477.14 12477.30 12477.46 12477.58 12477.90 12478.22 12478.38 12478.54 12478.50 12478.42 12478.42 12478.42 12478.38 12478.34 12478.58 12478.78 12479.06 12479.30 12479.58 12479.82 12479.94 12480.06 12480.38 12480.70 12480.58 12480.46 12480.42 12480.38 12480.42 12480.50 12480.62 12480.78 12480.74 12480.70 12480.54 12480.42 12480.34 12480.30 12480.38 12480.50 12480.46 12480.42 12480.30 12480.22 12480.22 12480.26 12480.26 12480.30 12480.14 12480.02 12480.02 12480.02 12479.90 12479.82 12479.78 12479.74 12479.46 12479.18 12478.74 12471.54 12471.54 12471.50 12471.42 12471.34 12471.34 12471.30 12471.30 12471.30 12471.34 12471.34 12471.30 12471.22 12471.30 12471.34 12471.42 12471.46 12471.46 12471.42 12471.26 12471.10 12471.26 12471.42 12471.62 12471.78 12471.82 12471.82 12471.86 12471.90 12472.22 12472.50 12472.38 12472.26 12472.18 12472.10 12472.42 12472.74 12473.06 12473.42 12473.50 12473.58 12473.42 12473.22 12473.38 12473.50 12473.46 12473.42 12473.42 12473.38 12473.94 12474.46 12474.94 12475.42 12475.70 12475.94 12476.50 12477.06 12477.42 12477.74 12477.86 12477.98 12478.10 12478.22 12478.22 12478.18 12478.18 12478.14 12478.22 12478.26 12478.22 12478.14 12478.42 12478.70 12479.14 12479.58 12479.98 12480.34 12480.30 12480.22 12480.54 12480.82 12480.78 12480.74 12480.74 12480.70 12480.78 12480.82 12481.02 12481.22 12481.06 12480.94 12480.70 12480.46 12480.46 12480.42 12480.46 12480.50 12480.58 12480.66 12480.66 12480.62 12480.62 12480.58 12480.46 12480.34 12480.22 12480.06 12480.34 12480.62 12480.66 12480.66 12480.46 12480.26 12479.98 12479.70 12479.34 12470.98 12470.86 12470.78 12470.66 12470.58 12470.70 12470.86 12470.82 12470.78 12470.82 12470.82 12470.78 12470.70 12470.66 12470.66 12470.58 12470.50 12470.50 12470.50 12470.54 12470.58 12470.94 12471.26 12471.30 12471.34 12471.18 12471.02 12471.26 12471.50 12471.54 12471.62 12471.46 12471.30 12471.30 12471.34 12471.74 12472.18 12472.58 12472.94 12473.14 12473.30 12473.26 12473.18 12473.50 12473.82 12473.74 12473.70 12473.78 12473.86 12474.34 12474.78 12475.26 12475.74 12476.14 12476.58 12477.02 12477.50 12477.66 12477.82 12477.98 12478.14 12478.34 12478.58 12478.54 12478.54 12478.42 12478.34 12478.42 12478.50 12478.54 12478.54 12478.74 12478.98 12479.34 12479.70 12480.06 12480.38 12480.30 12480.26 12480.50 12480.78 12481.06 12481.34 12481.38 12481.46 12481.38 12481.34 12481.42 12481.54 12481.34 12481.18 12480.90 12480.58 12480.66 12480.74 12480.86 12481.02 12480.98 12480.94 12480.94 12480.94 12480.94 12480.94 12480.82 12480.66 12480.62 12480.62 12480.86 12481.10 12481.02 12480.94 12480.58 12480.22 12480.02 12479.78 12479.74 12470.38 12470.22 12470.02 12469.90 12469.78 12470.10 12470.42 12470.34 12470.26 12470.30 12470.30 12470.26 12470.18 12470.06 12469.94 12469.74 12469.50 12469.54 12469.58 12469.82 12470.06 12470.58 12471.10 12470.98 12470.90 12470.58 12470.22 12470.66 12471.06 12470.90 12470.74 12470.54 12470.34 12470.46 12470.54 12471.10 12471.62 12472.06 12472.46 12472.74 12473.02 12473.06 12473.14 12473.62 12474.10 12474.06 12473.98 12474.18 12474.34 12474.74 12475.10 12475.58 12476.06 12476.62 12477.18 12477.58 12477.94 12477.94 12477.94 12478.10 12478.26 12478.58 12478.90 12478.90 12478.90 12478.70 12478.50 12478.62 12478.74 12478.82 12478.94 12479.06 12479.22 12479.54 12479.82 12480.14 12480.42 12480.34 12480.26 12480.50 12480.70 12481.34 12481.94 12482.06 12482.18 12481.98 12481.82 12481.82 12481.82 12481.62 12481.42 12481.06 12480.70 12480.86 12481.02 12481.30 12481.54 12481.38 12481.22 12481.22 12481.22 12481.26 12481.30 12481.14 12480.98 12481.06 12481.14 12481.34 12481.54 12481.38 12481.22 12480.70 12480.18 12480.02 12479.86 12480.14 12470.06 12469.94 12469.86 12469.66 12469.50 12469.62 12469.78 12469.74 12469.74 12469.66 12469.58 12469.46 12469.34 12469.22 12469.10 12468.94 12468.74 12468.78 12468.82 12468.98 12469.14 12469.54 12469.94 12469.82 12469.74 12469.70 12469.66 12469.86 12470.10 12470.02 12469.98 12469.94 12469.94 12470.38 12470.82 12471.42 12472.06 12472.34 12472.66 12472.86 12473.06 12473.38 12473.70 12474.06 12474.42 12474.50 12474.54 12474.90 12475.26 12475.74 12476.22 12476.58 12476.98 12477.38 12477.82 12477.98 12478.14 12477.94 12477.74 12477.90 12478.06 12478.22 12478.38 12478.58 12478.78 12478.90 12479.06 12479.06 12479.06 12479.22 12479.38 12479.74 12480.06 12480.22 12480.34 12480.34 12480.38 12480.38 12480.38 12480.70 12481.06 12481.66 12482.30 12482.26 12482.18 12482.06 12481.98 12481.98 12481.98 12481.70 12481.42 12481.18 12480.98 12481.10 12481.22 12481.46 12481.70 12481.54 12481.42 12481.46 12481.46 12481.50 12481.54 12481.50 12481.50 12481.54 12481.58 12481.34 12481.14 12480.82 12480.50 12480.14 12479.78 12479.70 12479.66 12479.90 12469.74 12469.70 12469.66 12469.46 12469.22 12469.18 12469.10 12469.14 12469.18 12468.98 12468.82 12468.66 12468.46 12468.38 12468.26 12468.14 12467.98 12468.02 12468.06 12468.14 12468.18 12468.50 12468.78 12468.66 12468.54 12468.82 12469.06 12469.10 12469.14 12469.18 12469.18 12469.34 12469.50 12470.30 12471.06 12471.78 12472.46 12472.66 12472.82 12472.98 12473.14 12473.70 12474.22 12474.50 12474.74 12474.90 12475.10 12475.66 12476.18 12476.78 12477.34 12477.62 12477.86 12478.18 12478.46 12478.42 12478.34 12477.94 12477.54 12477.74 12477.90 12477.86 12477.82 12478.22 12478.62 12479.10 12479.58 12479.46 12479.34 12479.58 12479.82 12480.38 12480.90 12480.90 12480.86 12480.58 12480.30 12480.42 12480.50 12480.94 12481.38 12482.02 12482.66 12482.42 12482.18 12482.14 12482.10 12482.10 12482.10 12481.74 12481.38 12481.30 12481.22 12481.30 12481.38 12481.62 12481.82 12481.74 12481.62 12481.66 12481.70 12481.74 12481.74 12481.90 12482.02 12482.02 12482.02 12481.38 12480.70 12480.26 12479.78 12479.58 12479.34 12479.42 12479.46 12479.66 12468.70 12468.82 12468.94 12468.82 12468.70 12468.62 12468.50 12468.58 12468.62 12468.54 12468.42 12468.22 12468.02 12467.82 12467.66 12467.66 12467.66 12467.74 12467.82 12467.78 12467.78 12467.90 12468.06 12468.14 12468.22 12468.58 12468.98 12468.82 12468.66 12468.62 12468.62 12468.86 12469.14 12469.94 12470.78 12471.42 12472.10 12472.38 12472.70 12473.18 12473.62 12474.14 12474.66 12474.90 12475.18 12475.26 12475.38 12475.90 12476.46 12476.90 12477.38 12477.50 12477.66 12477.82 12477.98 12477.70 12477.42 12477.18 12476.94 12477.06 12477.18 12477.18 12477.18 12477.62 12478.06 12478.50 12478.98 12479.18 12479.38 12479.86 12480.34 12480.70 12481.06 12480.98 12480.90 12480.82 12480.70 12480.74 12480.78 12480.98 12481.14 12481.42 12481.70 12481.62 12481.50 12481.62 12481.70 12481.82 12481.90 12481.90 12481.90 12481.86 12481.78 12481.74 12481.74 12481.70 12481.66 12481.54 12481.42 12481.38 12481.34 12481.38 12481.46 12481.58 12481.70 12481.66 12481.62 12481.06 12480.50 12480.10 12479.74 12479.70 12479.70 12479.70 12479.74 12479.78 12467.62 12467.90 12468.18 12468.18 12468.18 12468.06 12467.90 12467.98 12468.06 12468.06 12468.02 12467.82 12467.58 12467.30 12467.02 12467.18 12467.34 12467.46 12467.54 12467.46 12467.34 12467.34 12467.30 12467.58 12467.86 12468.38 12468.86 12468.50 12468.14 12468.06 12468.02 12468.38 12468.74 12469.62 12470.46 12471.10 12471.70 12472.14 12472.58 12473.34 12474.10 12474.62 12475.10 12475.34 12475.58 12475.62 12475.62 12476.18 12476.70 12477.06 12477.38 12477.42 12477.42 12477.46 12477.46 12476.98 12476.46 12476.42 12476.34 12476.38 12476.42 12476.50 12476.54 12477.02 12477.46 12477.94 12478.38 12478.90 12479.38 12480.14 12480.86 12481.06 12481.22 12481.10 12480.98 12481.06 12481.10 12481.06 12481.06 12480.98 12480.90 12480.82 12480.74 12480.78 12480.82 12481.06 12481.30 12481.54 12481.74 12482.06 12482.42 12482.38 12482.34 12482.22 12482.06 12481.78 12481.46 12481.34 12481.18 12481.06 12480.94 12481.06 12481.14 12481.26 12481.38 12481.30 12481.18 12480.74 12480.30 12479.98 12479.66 12479.86 12480.02 12479.98 12479.98 12479.94 12466.82 12467.14 12467.46 12467.54 12467.62 12467.66 12467.74 12467.74 12467.74 12467.62 12467.50 12467.38 12467.26 12467.06 12466.86 12466.98 12467.10 12467.22 12467.30 12467.22 12467.14 12467.06 12466.98 12467.22 12467.46 12467.94 12468.46 12468.26 12468.06 12468.22 12468.34 12468.70 12469.06 12469.78 12470.50 12471.02 12471.58 12472.10 12472.62 12473.30 12473.98 12474.30 12474.58 12474.78 12475.02 12475.22 12475.46 12475.90 12476.34 12476.58 12476.78 12476.78 12476.82 12476.58 12476.38 12476.02 12475.70 12475.78 12475.90 12475.90 12475.94 12475.98 12475.98 12476.46 12476.94 12477.38 12477.82 12478.38 12478.94 12479.50 12480.06 12480.14 12480.22 12480.30 12480.38 12480.42 12480.50 12480.58 12480.66 12480.66 12480.70 12480.66 12480.62 12480.54 12480.50 12480.66 12480.82 12481.06 12481.38 12481.82 12482.30 12482.34 12482.34 12482.10 12481.86 12481.66 12481.46 12481.42 12481.38 12481.30 12481.22 12481.22 12481.22 12481.30 12481.42 12481.30 12481.18 12480.86 12480.54 12480.34 12480.14 12480.26 12480.38 12480.38 12480.38 12480.22 12465.98 12466.34 12466.70 12466.90 12467.06 12467.30 12467.54 12467.46 12467.38 12467.18 12466.98 12466.98 12466.94 12466.82 12466.70 12466.78 12466.86 12466.98 12467.06 12466.98 12466.94 12466.78 12466.62 12466.86 12467.06 12467.54 12468.02 12468.02 12468.02 12468.34 12468.62 12468.98 12469.34 12469.94 12470.50 12470.98 12471.42 12472.02 12472.62 12473.26 12473.86 12473.98 12474.06 12474.26 12474.42 12474.86 12475.26 12475.62 12475.98 12476.06 12476.18 12476.18 12476.18 12475.74 12475.26 12475.10 12474.94 12475.18 12475.42 12475.46 12475.46 12475.46 12475.42 12475.94 12476.42 12476.86 12477.26 12477.86 12478.46 12478.90 12479.30 12479.26 12479.18 12479.46 12479.74 12479.82 12479.90 12480.06 12480.22 12480.34 12480.46 12480.46 12480.46 12480.34 12480.18 12480.26 12480.30 12480.66 12480.98 12481.58 12482.18 12482.26 12482.34 12482.02 12481.66 12481.58 12481.46 12481.50 12481.54 12481.50 12481.46 12481.38 12481.26 12481.34 12481.42 12481.30 12481.14 12480.98 12480.78 12480.70 12480.62 12480.66 12480.70 12480.74 12480.78 12480.54 12464.90 12465.26 12465.62 12465.86 12466.10 12466.34 12466.58 12466.58 12466.54 12466.50 12466.46 12466.46 12466.46 12466.42 12466.42 12466.70 12466.98 12467.10 12467.26 12467.10 12466.94 12466.94 12466.94 12467.02 12467.06 12467.42 12467.74 12468.14 12468.50 12469.06 12469.66 12470.18 12470.74 12470.74 12470.74 12470.74 12470.74 12471.06 12471.42 12471.78 12472.10 12472.26 12472.46 12472.66 12472.90 12473.34 12473.82 12474.26 12474.70 12475.02 12475.30 12475.42 12475.54 12475.22 12474.90 12474.90 12474.90 12475.14 12475.34 12475.34 12475.38 12475.42 12475.46 12475.82 12476.22 12476.66 12477.06 12477.62 12478.14 12478.38 12478.62 12478.50 12478.42 12478.74 12479.06 12479.22 12479.38 12479.46 12479.50 12479.58 12479.66 12479.82 12479.94 12479.98 12479.98 12479.90 12479.78 12479.98 12480.22 12480.82 12481.42 12481.42 12481.46 12481.26 12481.10 12481.14 12481.18 12481.34 12481.50 12481.46 12481.46 12481.34 12481.22 12481.26 12481.30 12481.14 12480.98 12480.82 12480.62 12480.58 12480.50 12480.50 12480.54 12480.54 12480.54 12480.30 12463.86 12464.18 12464.50 12464.82 12465.14 12465.38 12465.62 12465.66 12465.70 12465.82 12465.94 12465.98 12465.98 12466.06 12466.10 12466.58 12467.06 12467.26 12467.46 12467.22 12466.94 12467.10 12467.26 12467.18 12467.06 12467.26 12467.46 12468.22 12468.98 12469.82 12470.66 12471.38 12472.10 12471.54 12470.98 12470.50 12470.02 12470.14 12470.22 12470.30 12470.34 12470.58 12470.82 12471.06 12471.34 12471.86 12472.34 12472.90 12473.42 12473.94 12474.42 12474.66 12474.86 12474.70 12474.54 12474.74 12474.90 12475.06 12475.22 12475.26 12475.26 12475.38 12475.46 12475.74 12476.02 12476.46 12476.90 12477.34 12477.78 12477.82 12477.90 12477.78 12477.66 12478.06 12478.42 12478.66 12478.86 12478.82 12478.78 12478.82 12478.86 12479.14 12479.42 12479.62 12479.82 12479.54 12479.22 12479.34 12479.46 12480.06 12480.62 12480.62 12480.58 12480.54 12480.50 12480.70 12480.86 12481.18 12481.46 12481.46 12481.42 12481.30 12481.14 12481.18 12481.18 12481.02 12480.86 12480.66 12480.46 12480.42 12480.38 12480.38 12480.34 12480.30 12480.26 12480.06 </TempDataArray>
    </BinaryData>
    <End xmlns="" EndString="7777"/>
</gribObject>
