<?xml version="1.0" encoding="UTF-8" standalone="yes"?>
<gribObject xmlns:xsi="http://www.w3.org/2001/XMLSchema-instance" xmlns:xsd="http://www.w3.org/2001/XMLSchema" xmlns="http://c4i.mlt/ICDU/schema" ForecastTime="2025-09-28T12:00:00.000Z" RunTime="2025-09-28T12:00:00.000Z" ParameterName="Geopotential height" FileName="newsingapore">
    <Indicator xmlns="" GribHeader="GRIB" NumOfOctets="21" GribType="2"/>
    <ProductDefinition xmlns="" NumOfOctets="4" ParamTableVersion="2" OrigCenter="7" ProcessID="81" GridID="36" GDS_BDS_Flag="128" ParamAndUnits="156" LevelType="0" Level="100" ReferenceTime="28" Month="9" Day="28" Hour="12" Minute="0" ForecastTimeUnits="1" PeriodOfTime1="12" PeriodOfTime2="0" TimeRangeIndicator="1" NumInAverage="16605" NumMissingAverage="0" CenturyOfReference="21" SubcenterID="0" DecimalScaleFactor="2" Reserved1="0" Lat1="-11000" Lon1="91000" Lat2="-9500" Lon2="105375" Di="125" Dj="125"/>
    <GridDescription xmlns="" NumOfOctets="72" NV="0" PV="255" DataRepresentationType="0">
        <LatLonProjection Ni="116" Nj="13" Flags="128" ScanFlags="64" Reserved="0"/>
    </GridDescription>
    <BinaryData xmlns="" NumOfOctets="6032" FlagsAndUnused="12" BinaryScaleFactor="2" ReferenceValue="1658761.125000" DatumPacked="1508" OptionalFlags="0">
        <TempDataArray>16598.53 16598.49 16598.41 16598.65 16598.85 16599.21 16599.53 16599.53 16599.49 16599.41 16599.33 16599.65 16599.93 16600.33 16600.73 16600.93 16601.13 16601.21 16601.25 16601.61 16601.93 16602.13 16602.33 16602.61 16602.89 16603.05 16603.17 16603.17 16603.17 16603.37 16603.57 16604.05 16604.53 16605.33 16606.09 16606.45 16606.77 16607.13 16607.49 16607.97 16608.45 16608.97 16609.45 16609.73 16610.05 16610.41 16610.77 16610.89 16610.97 16610.89 16610.81 16610.97 16611.09 16611.05 16611.05 16610.73 16610.41 16610.25 16610.09 16610.21 16610.33 16610.93 16611.53 16611.85 16612.13 16611.93 16611.73 16611.61 16611.49 16611.41 16611.33 16611.21 16611.09 16611.01 16610.89 16610.89 16610.93 16611.21 16611.53 16612.05 16612.53 16612.37 16612.25 16612.53 16612.81 16613.61 16614.41 16614.81 16615.17 16615.29 16615.37 16615.73 16616.13 16616.29 16616.41 16616.65 16616.89 16617.61 16618.33 16619.09 16619.85 16620.29 16620.73 16620.89 16621.09 16621.05 16621.05 16621.13 16621.17 16621.21 16621.29 16621.21 16621.17 16621.17 16621.17 16621.41 16597.97 16597.93 16597.89 16598.17 16598.45 16598.69 16598.97 16598.93 16598.93 16599.01 16599.13 16599.53 16599.97 16600.45 16600.93 16601.01 16601.09 16600.93 16600.77 16600.89 16601.01 16601.21 16601.45 16601.73 16601.97 16602.21 16602.41 16602.61 16602.81 16603.13 16603.45 16603.69 16603.93 16604.45 16604.97 16605.45 16605.97 16606.45 16606.93 16607.33 16607.77 16608.09 16608.41 16608.45 16608.49 16608.69 16608.89 16609.01 16609.13 16609.09 16609.05 16609.21 16609.33 16609.37 16609.45 16609.17 16608.89 16608.81 16608.73 16608.89 16609.09 16609.45 16609.85 16609.93 16610.05 16609.97 16609.89 16610.01 16610.05 16610.21 16610.37 16610.45 16610.53 16610.57 16610.57 16610.61 16610.61 16610.89 16611.21 16611.65 16612.13 16612.29 16612.45 16612.93 16613.37 16613.89 16614.37 16614.81 16615.25 16615.45 16615.69 16616.09 16616.53 16616.85 16617.17 16617.49 16617.81 16618.45 16619.05 16619.37 16619.73 16619.97 16620.17 16620.25 16620.33 16620.25 16620.17 16620.49 16620.81 16620.97 16621.13 16621.13 16621.13 16621.05 16621.01 16621.29 16597.37 16597.37 16597.33 16597.69 16598.01 16598.21 16598.37 16598.37 16598.33 16598.61 16598.89 16599.41 16599.97 16600.57 16601.13 16601.09 16601.05 16600.69 16600.29 16600.17 16600.05 16600.29 16600.57 16600.81 16601.05 16601.37 16601.65 16602.05 16602.41 16602.89 16603.33 16603.33 16603.33 16603.57 16603.81 16604.49 16605.13 16605.73 16606.33 16606.73 16607.09 16607.21 16607.37 16607.17 16606.93 16607.01 16607.05 16607.17 16607.29 16607.29 16607.29 16607.41 16607.57 16607.73 16607.85 16607.61 16607.33 16607.33 16607.33 16607.61 16607.85 16608.01 16608.13 16608.05 16607.93 16608.01 16608.09 16608.37 16608.65 16609.05 16609.41 16609.69 16609.97 16610.13 16610.29 16610.29 16610.29 16610.57 16610.85 16611.29 16611.69 16612.17 16612.65 16613.29 16613.97 16614.17 16614.33 16614.85 16615.33 16615.65 16615.97 16616.45 16616.93 16617.41 16617.89 16618.29 16618.73 16619.25 16619.77 16619.69 16619.61 16619.61 16619.61 16619.57 16619.57 16619.41 16619.29 16619.89 16620.45 16620.73 16620.97 16621.01 16621.05 16620.97 16620.85 16621.13 16597.69 16597.49 16597.29 16597.37 16597.49 16597.53 16597.57 16597.81 16598.01 16598.45 16598.89 16599.29 16599.73 16600.01 16600.29 16600.13 16599.97 16599.45 16598.93 16598.73 16598.53 16598.89 16599.25 16599.65 16600.01 16600.21 16600.41 16600.77 16601.13 16601.57 16602.01 16602.13 16602.21 16602.49 16602.73 16603.37 16603.97 16604.45 16604.97 16605.25 16605.57 16605.69 16605.81 16605.73 16605.61 16605.73 16605.81 16605.93 16606.05 16606.05 16606.05 16606.01 16606.01 16606.37 16606.73 16606.57 16606.37 16606.21 16606.05 16606.13 16606.21 16606.41 16606.65 16606.77 16606.89 16607.17 16607.45 16607.69 16607.93 16608.33 16608.73 16609.17 16609.57 16609.85 16610.17 16610.29 16610.37 16610.61 16610.81 16611.29 16611.85 16612.53 16613.25 16613.85 16614.41 16614.61 16614.77 16615.17 16615.53 16615.85 16616.17 16616.65 16617.13 16617.57 16617.97 16618.25 16618.57 16618.89 16619.21 16619.17 16619.09 16619.05 16619.05 16619.01 16618.97 16619.01 16619.05 16619.53 16619.97 16620.21 16620.41 16620.49 16620.57 16620.61 16620.65 16620.97 16597.97 16597.57 16597.21 16597.09 16596.97 16596.89 16596.81 16597.21 16597.65 16598.25 16598.89 16599.21 16599.49 16599.49 16599.45 16599.17 16598.85 16598.21 16597.57 16597.29 16597.01 16597.49 16597.97 16598.45 16598.93 16599.05 16599.21 16599.53 16599.85 16600.29 16600.69 16600.89 16601.13 16601.41 16601.69 16602.21 16602.77 16603.17 16603.57 16603.81 16604.05 16604.17 16604.25 16604.29 16604.29 16604.41 16604.57 16604.73 16604.85 16604.81 16604.77 16604.61 16604.41 16605.05 16605.65 16605.53 16605.37 16605.05 16604.77 16604.69 16604.57 16604.85 16605.13 16605.53 16605.89 16606.33 16606.77 16607.01 16607.21 16607.65 16608.05 16608.61 16609.17 16609.61 16610.01 16610.25 16610.49 16610.61 16610.73 16611.37 16611.97 16612.89 16613.85 16614.37 16614.89 16615.05 16615.21 16615.49 16615.73 16616.05 16616.37 16616.85 16617.33 16617.69 16618.05 16618.21 16618.37 16618.53 16618.69 16618.65 16618.57 16618.53 16618.49 16618.45 16618.37 16618.57 16618.81 16619.17 16619.49 16619.69 16619.89 16619.97 16620.05 16620.25 16620.45 16620.81 16597.49 16597.05 16596.61 16596.49 16596.37 16596.29 16596.17 16596.41 16596.69 16597.17 16597.69 16597.85 16598.05 16597.97 16597.89 16597.53 16597.21 16596.81 16596.37 16596.13 16595.89 16595.93 16595.93 16596.05 16596.21 16596.37 16596.57 16597.01 16597.45 16598.01 16598.61 16599.09 16599.57 16600.05 16600.49 16601.01 16601.53 16601.61 16601.69 16601.81 16601.89 16602.01 16602.13 16602.33 16602.57 16602.77 16603.01 16603.17 16603.37 16603.53 16603.73 16603.77 16603.81 16604.49 16605.17 16605.09 16605.01 16604.53 16604.09 16604.05 16604.01 16604.37 16604.77 16605.21 16605.61 16605.93 16606.25 16606.45 16606.69 16607.25 16607.85 16608.45 16609.09 16609.37 16609.69 16609.93 16610.21 16610.45 16610.65 16611.29 16611.97 16612.81 16613.69 16614.09 16614.53 16614.81 16615.05 16615.53 16615.97 16616.21 16616.45 16616.73 16617.05 16617.33 16617.65 16617.73 16617.81 16617.77 16617.69 16617.69 16617.69 16617.77 16617.89 16617.97 16618.05 16618.29 16618.57 16618.65 16618.77 16618.89 16619.01 16619.21 16619.41 16619.89 16620.33 16620.77 16596.97 16596.49 16596.01 16595.89 16595.77 16595.65 16595.53 16595.65 16595.73 16596.09 16596.45 16596.53 16596.57 16596.45 16596.33 16595.93 16595.53 16595.37 16595.21 16595.01 16594.81 16594.37 16593.89 16593.69 16593.45 16593.69 16593.93 16594.49 16595.01 16595.77 16596.49 16597.29 16598.05 16598.69 16599.29 16599.81 16600.29 16600.05 16599.81 16599.77 16599.73 16599.85 16599.97 16600.37 16600.81 16601.13 16601.45 16601.65 16601.85 16602.25 16602.65 16602.93 16603.21 16603.97 16604.69 16604.65 16604.61 16604.01 16603.41 16603.45 16603.45 16603.93 16604.41 16604.89 16605.33 16605.53 16605.73 16605.93 16606.13 16606.89 16607.61 16608.33 16609.01 16609.17 16609.33 16609.65 16609.93 16610.25 16610.57 16611.25 16611.97 16612.73 16613.49 16613.85 16614.17 16614.53 16614.89 16615.57 16616.21 16616.37 16616.49 16616.61 16616.73 16617.01 16617.25 16617.25 16617.25 16616.97 16616.69 16616.73 16616.77 16617.01 16617.25 16617.49 16617.73 16618.05 16618.33 16618.17 16618.01 16618.05 16618.13 16618.49 16618.81 16619.49 16620.17 16620.77 16596.13 16595.69 16595.29 16595.17 16595.05 16594.89 16594.81 16594.77 16594.77 16594.97 16595.21 16595.17 16595.13 16594.97 16594.77 16594.41 16594.05 16594.13 16594.21 16594.05 16593.89 16593.57 16593.29 16592.89 16592.49 16592.37 16592.29 16592.57 16592.85 16593.85 16594.89 16595.69 16596.45 16597.05 16597.65 16598.05 16598.49 16598.29 16598.13 16598.09 16598.05 16598.29 16598.49 16598.81 16599.13 16599.41 16599.73 16599.97 16600.21 16600.73 16601.25 16601.81 16602.37 16602.97 16603.61 16603.65 16603.73 16603.33 16602.97 16602.89 16602.85 16603.21 16603.57 16604.01 16604.45 16604.73 16605.01 16605.37 16605.73 16606.57 16607.41 16608.13 16608.85 16609.05 16609.21 16609.69 16610.13 16610.49 16610.85 16611.37 16611.89 16612.61 16613.33 16613.69 16614.05 16614.37 16614.69 16615.13 16615.57 16615.65 16615.73 16615.85 16616.01 16616.21 16616.41 16616.45 16616.45 16616.21 16615.97 16616.05 16616.13 16616.37 16616.61 16616.89 16617.13 16617.37 16617.65 16617.61 16617.61 16617.69 16617.73 16618.13 16618.49 16619.17 16619.81 16620.05 16595.25 16594.89 16594.53 16594.41 16594.29 16594.17 16594.05 16593.93 16593.81 16593.89 16593.97 16593.85 16593.73 16593.45 16593.17 16592.89 16592.61 16592.89 16593.17 16593.05 16592.97 16592.85 16592.69 16592.09 16591.49 16591.05 16590.65 16590.65 16590.65 16591.97 16593.29 16594.05 16594.85 16595.41 16595.97 16596.33 16596.69 16596.57 16596.45 16596.41 16596.37 16596.69 16597.01 16597.21 16597.41 16597.69 16597.97 16598.25 16598.57 16599.21 16599.85 16600.69 16601.49 16602.01 16602.49 16602.69 16602.85 16602.69 16602.49 16602.37 16602.21 16602.49 16602.73 16603.13 16603.53 16603.89 16604.25 16604.81 16605.37 16606.29 16607.21 16607.97 16608.69 16608.89 16609.13 16609.73 16610.29 16610.69 16611.09 16611.45 16611.81 16612.49 16613.17 16613.57 16613.97 16614.21 16614.45 16614.69 16614.89 16614.89 16614.93 16615.09 16615.25 16615.41 16615.57 16615.61 16615.65 16615.45 16615.25 16615.37 16615.49 16615.73 16615.97 16616.25 16616.57 16616.73 16616.93 16617.05 16617.21 16617.29 16617.37 16617.77 16618.17 16618.81 16619.45 16619.37 16594.09 16593.73 16593.33 16593.13 16592.89 16592.73 16592.57 16592.49 16592.41 16592.41 16592.41 16592.25 16592.05 16591.89 16591.69 16591.53 16591.37 16591.69 16592.01 16592.01 16592.01 16591.97 16591.89 16591.57 16591.21 16590.93 16590.61 16590.73 16590.89 16591.81 16592.69 16593.21 16593.73 16594.25 16594.77 16595.01 16595.29 16595.05 16594.85 16594.81 16594.81 16595.05 16595.29 16595.49 16595.69 16596.05 16596.41 16596.81 16597.21 16597.97 16598.73 16599.65 16600.53 16601.01 16601.49 16601.81 16602.17 16602.29 16602.37 16602.33 16602.29 16602.29 16602.29 16602.57 16602.89 16603.25 16603.65 16604.33 16605.01 16605.81 16606.57 16607.33 16608.05 16608.49 16608.89 16609.45 16610.05 16610.45 16610.89 16611.17 16611.41 16611.81 16612.17 16612.57 16612.97 16613.13 16613.33 16613.61 16613.89 16614.05 16614.21 16614.49 16614.73 16614.89 16615.05 16615.13 16615.21 16615.05 16614.85 16614.89 16614.93 16615.09 16615.25 16615.37 16615.49 16615.57 16615.65 16615.89 16616.13 16616.05 16616.01 16616.17 16616.29 16617.01 16617.73 16617.69 16592.93 16592.53 16592.13 16591.85 16591.53 16591.33 16591.13 16591.05 16591.01 16590.97 16590.89 16590.65 16590.37 16590.29 16590.21 16590.21 16590.17 16590.53 16590.85 16590.97 16591.05 16591.09 16591.13 16591.05 16590.97 16590.77 16590.57 16590.85 16591.13 16591.61 16592.09 16592.37 16592.61 16593.09 16593.57 16593.73 16593.85 16593.53 16593.21 16593.21 16593.21 16593.37 16593.53 16593.73 16593.97 16594.41 16594.89 16595.37 16595.89 16596.77 16597.65 16598.57 16599.53 16600.01 16600.49 16600.97 16601.45 16601.89 16602.29 16602.33 16602.33 16602.13 16601.89 16602.05 16602.21 16602.61 16603.01 16603.81 16604.61 16605.29 16605.97 16606.69 16607.41 16608.05 16608.65 16609.21 16609.77 16610.21 16610.69 16610.85 16611.01 16611.09 16611.17 16611.57 16611.97 16612.09 16612.21 16612.57 16612.89 16613.21 16613.49 16613.85 16614.21 16614.37 16614.57 16614.69 16614.81 16614.61 16614.41 16614.37 16614.33 16614.45 16614.57 16614.49 16614.37 16614.37 16614.37 16614.73 16615.05 16614.85 16614.65 16614.53 16614.41 16615.21 16616.01 16616.05 16592.05 16591.69 16591.33 16590.97 16590.65 16590.41 16590.21 16590.13 16590.05 16589.81 16589.53 16589.25 16589.01 16589.05 16589.09 16589.13 16589.21 16589.53 16589.89 16589.97 16590.05 16590.17 16590.25 16590.21 16590.21 16590.17 16590.13 16590.49 16590.89 16591.21 16591.57 16591.81 16592.09 16592.29 16592.49 16592.49 16592.45 16592.25 16592.05 16592.25 16592.49 16592.41 16592.37 16592.57 16592.77 16593.25 16593.73 16594.41 16595.13 16596.01 16596.89 16597.77 16598.69 16599.13 16599.57 16600.05 16600.53 16601.21 16601.89 16602.45 16603.05 16602.89 16602.81 16602.81 16602.85 16602.89 16602.93 16603.49 16604.01 16604.77 16605.49 16606.17 16606.81 16607.53 16608.25 16608.89 16609.49 16609.97 16610.49 16610.41 16610.37 16610.21 16610.09 16610.45 16610.85 16610.97 16611.13 16611.61 16612.09 16612.61 16613.13 16613.53 16613.97 16614.01 16614.05 16614.01 16613.97 16613.81 16613.65 16613.61 16613.57 16613.53 16613.53 16613.49 16613.49 16613.45 16613.45 16613.69 16613.89 16613.77 16613.65 16613.57 16613.53 16614.13 16614.69 16614.85 16591.13 16590.81 16590.49 16590.13 16589.73 16589.49 16589.25 16589.17 16589.09 16588.65 16588.17 16587.89 16587.61 16587.81 16587.97 16588.09 16588.21 16588.57 16588.89 16589.01 16589.09 16589.21 16589.37 16589.41 16589.45 16589.57 16589.69 16590.17 16590.61 16590.81 16591.01 16591.29 16591.57 16591.49 16591.41 16591.21 16591.05 16590.97 16590.89 16591.29 16591.73 16591.49 16591.21 16591.37 16591.57 16592.05 16592.53 16593.45 16594.33 16595.21 16596.13 16596.97 16597.81 16598.21 16598.61 16599.13 16599.61 16600.57 16601.49 16602.61 16603.73 16603.73 16603.69 16603.57 16603.45 16603.17 16602.85 16603.13 16603.41 16604.21 16605.01 16605.61 16606.21 16607.05 16607.89 16608.57 16609.21 16609.73 16610.25 16610.01 16609.73 16609.37 16609.01 16609.37 16609.69 16609.89 16610.05 16610.69 16611.29 16612.01 16612.73 16613.21 16613.73 16613.65 16613.53 16613.33 16613.13 16613.01 16612.85 16612.81 16612.77 16612.61 16612.45 16612.53 16612.57 16612.57 16612.53 16612.65 16612.77 16612.69 16612.61 16612.65 16612.65 16613.01 16613.37 16613.65 </TempDataArray>
    </BinaryData>
    <End xmlns="" EndString="7777"/>
</gribObject>
