<?xml version="1.0" encoding="UTF-8" standalone="yes"?>
<gribObject xmlns:xsi="http://www.w3.org/2001/XMLSchema-instance" xmlns:xsd="http://www.w3.org/2001/XMLSchema" xmlns="http://c4i.mlt/ICDU/schema" ForecastTime="2025-09-25T12:00:00.000Z" RunTime="2025-09-25T12:00:00.000Z" ParameterName="Temperature" FileName="newsingapore">
    <Indicator xmlns="" GribHeader="GRIB" NumOfOctets="21" GribType="2"/>
    <ProductDefinition xmlns="" NumOfOctets="4" ParamTableVersion="2" OrigCenter="7" ProcessID="81" GridID="36" GDS_BDS_Flag="128" ParamAndUnits="130" LevelType="0" Level="100" ReferenceTime="25" Month="9" Day="25" Hour="12" Minute="0" ForecastTimeUnits="1" PeriodOfTime1="12" PeriodOfTime2="0" TimeRangeIndicator="1" NumInAverage="298" NumMissingAverage="0" CenturyOfReference="21" SubcenterID="0" DecimalScaleFactor="2" Reserved1="0" Lat1="-11000" Lon1="91000" Lat2="-9500" Lon2="105375" Di="125" Dj="125"/>
    <GridDescription xmlns="" NumOfOctets="72" NV="0" PV="255" DataRepresentationType="0">
        <LatLonProjection Ni="116" Nj="13" Flags="128" ScanFlags="64" Reserved="0"/>
    </GridDescription>
    <BinaryData xmlns="" NumOfOctets="6032" FlagsAndUnused="12" BinaryScaleFactor="0" ReferenceValue="29774.707031" DatumPacked="1508" OptionalFlags="0">
        <TempDataArray>299.43 299.46 299.49 299.47 299.46 299.45 299.45 299.42 299.40 299.38 299.36 299.32 299.29 299.26 299.23 299.21 299.20 299.19 299.17 299.14 299.12 299.09 299.05 299.01 298.98 298.96 298.94 298.96 298.99 299.00 299.01 299.05 299.09 299.13 299.17 299.17 299.17 299.15 299.13 299.05 298.97 298.94 298.92 298.87 298.81 298.76 298.71 298.72 298.73 298.75 298.77 298.73 298.70 298.57 298.45 298.32 298.20 298.13 298.06 298.13 298.21 298.40 298.60 298.42 298.25 298.14 298.04 298.03 298.03 298.00 297.97 297.94 297.91 297.90 297.90 297.89 297.88 297.88 297.88 297.88 297.89 297.84 297.80 297.82 297.85 297.92 297.99 298.01 298.03 298.05 298.07 298.13 298.20 298.31 298.42 298.44 298.47 298.43 298.39 298.38 298.36 298.36 298.36 298.34 298.32 298.28 298.24 298.21 298.19 298.16 298.14 298.10 298.06 298.01 297.96 297.95 299.34 299.38 299.41 299.46 299.51 299.52 299.52 299.48 299.45 299.42 299.39 299.35 299.32 299.29 299.27 299.25 299.24 299.23 299.22 299.21 299.20 299.17 299.15 299.12 299.08 299.06 299.04 299.08 299.12 299.12 299.13 299.15 299.18 299.19 299.19 299.18 299.16 299.15 299.14 299.06 298.99 298.97 298.95 298.91 298.87 298.83 298.78 298.78 298.77 298.78 298.79 298.82 298.85 298.77 298.68 298.54 298.40 298.32 298.23 298.28 298.33 298.45 298.57 298.38 298.18 298.13 298.07 298.05 298.02 297.98 297.94 297.91 297.88 297.87 297.86 297.85 297.85 297.85 297.85 297.85 297.84 297.82 297.80 297.84 297.88 297.94 297.99 298.01 298.02 298.05 298.07 298.16 298.25 298.35 298.45 298.46 298.48 298.45 298.42 298.41 298.39 298.38 298.36 298.33 298.30 298.26 298.23 298.20 298.16 298.12 298.08 298.04 298.00 297.96 297.92 297.90 299.25 299.29 299.34 299.45 299.56 299.58 299.60 299.54 299.49 299.45 299.42 299.38 299.35 299.33 299.31 299.29 299.28 299.27 299.27 299.27 299.27 299.26 299.26 299.22 299.18 299.16 299.15 299.20 299.24 299.24 299.24 299.26 299.27 299.25 299.22 299.19 299.15 299.15 299.15 299.08 299.01 299.00 298.99 298.96 298.94 298.90 298.86 298.84 298.82 298.82 298.82 298.91 299.01 298.96 298.91 298.76 298.61 298.51 298.40 298.42 298.45 298.50 298.55 298.33 298.11 298.11 298.11 298.07 298.02 297.96 297.91 297.88 297.85 297.83 297.82 297.82 297.82 297.82 297.82 297.81 297.80 297.80 297.80 297.85 297.91 297.95 297.99 298.01 298.02 298.05 298.08 298.19 298.29 298.38 298.48 298.48 298.49 298.47 298.46 298.44 298.42 298.39 298.36 298.32 298.28 298.25 298.22 298.18 298.14 298.08 298.03 297.99 297.95 297.92 297.89 297.86 299.17 299.23 299.29 299.40 299.50 299.54 299.58 299.56 299.54 299.50 299.46 299.42 299.38 299.36 299.33 299.32 299.31 299.31 299.31 299.31 299.32 299.32 299.32 299.29 299.26 299.26 299.26 299.28 299.28 299.28 299.28 299.31 299.33 299.33 299.33 299.26 299.19 299.19 299.20 299.18 299.16 299.11 299.06 299.02 298.99 298.97 298.95 298.89 298.84 298.79 298.75 298.78 298.82 298.81 298.81 298.75 298.70 298.66 298.63 298.63 298.63 298.60 298.57 298.38 298.19 298.15 298.10 298.05 298.00 297.94 297.89 297.86 297.83 297.83 297.83 297.82 297.80 297.81 297.82 297.84 297.85 297.88 297.89 297.93 297.96 298.00 298.03 298.05 298.07 298.13 298.18 298.26 298.34 298.42 298.49 298.48 298.48 298.46 298.45 298.42 298.40 298.37 298.34 298.30 298.26 298.22 298.19 298.14 298.10 298.07 298.03 298.00 297.96 297.93 297.89 297.86 299.10 299.17 299.25 299.34 299.44 299.50 299.57 299.58 299.60 299.56 299.51 299.46 299.42 299.39 299.36 299.35 299.34 299.34 299.34 299.35 299.36 299.37 299.37 299.36 299.35 299.37 299.38 299.35 299.33 299.33 299.33 299.36 299.39 299.41 299.44 299.33 299.22 299.23 299.25 299.28 299.32 299.22 299.12 299.08 299.04 299.04 299.04 298.95 298.86 298.76 298.67 298.65 298.63 298.67 298.71 298.75 298.79 298.82 298.85 298.83 298.82 298.70 298.58 298.43 298.28 298.18 298.09 298.03 297.97 297.92 297.88 297.84 297.81 297.83 297.85 297.81 297.78 297.80 297.82 297.87 297.91 297.95 297.99 298.01 298.02 298.04 298.07 298.10 298.13 298.20 298.28 298.34 298.40 298.45 298.50 298.48 298.47 298.45 298.43 298.40 298.38 298.35 298.32 298.28 298.24 298.20 298.15 298.11 298.07 298.06 298.04 298.01 297.98 297.94 297.90 297.85 299.08 299.14 299.19 299.17 299.14 299.19 299.23 299.37 299.50 299.52 299.53 299.50 299.47 299.43 299.39 299.38 299.37 299.37 299.38 299.38 299.39 299.40 299.42 299.41 299.40 299.38 299.37 299.35 299.33 299.34 299.34 299.37 299.39 299.41 299.44 299.38 299.33 299.32 299.31 299.27 299.24 299.21 299.18 299.14 299.10 299.07 299.04 298.97 298.90 298.78 298.65 298.61 298.56 298.58 298.60 298.61 298.62 298.66 298.70 298.69 298.67 298.56 298.44 298.34 298.25 298.18 298.12 298.07 298.02 297.96 297.91 297.87 297.82 297.84 297.85 297.89 297.92 297.93 297.94 297.97 298.01 298.03 298.05 298.07 298.09 298.13 298.15 298.19 298.22 298.28 298.33 298.37 298.40 298.40 298.41 298.40 298.39 298.37 298.36 298.32 298.28 298.26 298.23 298.19 298.15 298.12 298.09 298.06 298.03 298.01 298.00 297.96 297.94 297.90 297.88 297.84 299.07 299.10 299.14 299.00 298.85 298.88 298.90 299.15 299.41 299.48 299.56 299.54 299.52 299.47 299.43 299.41 299.40 299.41 299.42 299.42 299.42 299.44 299.47 299.46 299.45 299.40 299.36 299.34 299.33 299.34 299.36 299.38 299.40 299.41 299.43 299.44 299.45 299.40 299.36 299.26 299.16 299.20 299.24 299.20 299.17 299.10 299.04 298.99 298.94 298.79 298.64 298.57 298.50 298.50 298.50 298.47 298.44 298.50 298.56 298.54 298.52 298.41 298.30 298.26 298.22 298.18 298.14 298.10 298.07 298.00 297.94 297.89 297.84 297.85 297.86 297.96 298.06 298.06 298.05 298.08 298.11 298.11 298.11 298.14 298.17 298.20 298.24 298.28 298.32 298.35 298.38 298.39 298.40 298.36 298.32 298.31 298.31 298.30 298.29 298.24 298.19 298.17 298.15 298.11 298.07 298.05 298.03 298.01 297.99 297.97 297.95 297.92 297.89 297.87 297.85 297.82 299.01 299.03 299.06 298.94 298.82 298.83 298.84 299.02 299.19 299.33 299.47 299.51 299.55 299.51 299.47 299.46 299.45 299.45 299.46 299.46 299.46 299.47 299.48 299.46 299.44 299.42 299.39 299.39 299.40 299.41 299.43 299.43 299.42 299.41 299.40 299.44 299.47 299.48 299.49 299.38 299.28 299.26 299.23 299.24 299.24 299.15 299.06 299.04 299.01 298.93 298.84 298.75 298.66 298.55 298.44 298.42 298.39 298.42 298.45 298.45 298.44 298.34 298.25 298.20 298.15 298.16 298.18 298.16 298.13 298.07 298.01 297.97 297.92 297.97 298.03 298.09 298.14 298.14 298.13 298.14 298.15 298.18 298.20 298.22 298.24 298.26 298.29 298.31 298.34 298.35 298.36 298.33 298.31 298.29 298.27 298.27 298.26 298.24 298.22 298.18 298.14 298.11 298.08 298.04 298.01 298.00 297.98 297.96 297.95 297.93 297.91 297.88 297.86 297.84 297.82 297.79 298.95 298.96 298.98 298.88 298.79 298.79 298.79 298.88 298.97 299.17 299.38 299.48 299.58 299.55 299.52 299.51 299.49 299.50 299.50 299.50 299.50 299.50 299.50 299.47 299.44 299.43 299.42 299.44 299.47 299.48 299.50 299.47 299.45 299.41 299.37 299.44 299.50 299.56 299.62 299.51 299.40 299.32 299.23 299.27 299.31 299.19 299.08 299.08 299.09 299.07 299.05 298.94 298.82 298.60 298.39 298.37 298.35 298.35 298.35 298.35 298.36 298.28 298.20 298.14 298.08 298.15 298.22 298.21 298.20 298.14 298.09 298.04 298.00 298.10 298.20 298.21 298.23 298.22 298.22 298.21 298.20 298.25 298.29 298.30 298.31 298.32 298.34 298.35 298.36 298.35 298.34 298.28 298.22 298.22 298.23 298.22 298.22 298.19 298.15 298.12 298.09 298.05 298.01 297.98 297.95 297.94 297.93 297.91 297.90 297.89 297.87 297.85 297.83 297.81 297.79 297.77 298.81 298.83 298.85 298.78 298.71 298.73 298.75 298.81 298.87 299.02 299.19 299.37 299.55 299.55 299.55 299.54 299.52 299.52 299.52 299.53 299.53 299.54 299.54 299.52 299.50 299.49 299.48 299.51 299.53 299.54 299.55 299.53 299.52 299.50 299.49 299.56 299.62 299.63 299.64 299.55 299.46 299.40 299.34 299.37 299.40 299.34 299.27 299.25 299.23 299.20 299.16 299.08 299.00 298.88 298.76 298.68 298.60 298.52 298.45 298.49 298.52 298.49 298.46 298.40 298.33 298.29 298.24 298.25 298.26 298.23 298.20 298.16 298.12 298.16 298.21 298.25 298.28 298.28 298.28 298.29 298.29 298.32 298.36 298.37 298.38 298.38 298.37 298.37 298.37 298.33 298.28 298.25 298.22 298.22 298.22 298.20 298.19 298.16 298.13 298.09 298.05 298.02 298.00 297.97 297.94 297.93 297.91 297.90 297.89 297.87 297.85 297.83 297.82 297.79 297.77 297.76 298.66 298.69 298.73 298.69 298.64 298.67 298.71 298.73 298.76 298.88 298.99 299.26 299.52 299.55 299.58 299.57 299.56 299.56 299.55 299.56 299.57 299.57 299.58 299.57 299.55 299.54 299.54 299.57 299.60 299.60 299.60 299.59 299.59 299.60 299.61 299.67 299.74 299.70 299.65 299.59 299.52 299.48 299.45 299.47 299.50 299.48 299.46 299.42 299.38 299.32 299.27 299.22 299.18 299.16 299.14 299.00 298.85 298.70 298.55 298.62 298.69 298.70 298.72 298.65 298.59 298.42 298.26 298.29 298.33 298.32 298.32 298.27 298.23 298.23 298.23 298.28 298.34 298.34 298.35 298.37 298.38 298.40 298.43 298.45 298.46 298.43 298.40 298.39 298.38 298.31 298.23 298.22 298.22 298.21 298.21 298.19 298.16 298.13 298.10 298.06 298.01 298.00 297.98 297.96 297.94 297.92 297.90 297.89 297.87 297.85 297.83 297.82 297.80 297.78 297.76 297.75 298.70 298.74 298.77 298.75 298.72 298.71 298.70 298.71 298.71 298.81 298.91 299.13 299.36 299.46 299.56 299.57 299.58 299.58 299.58 299.59 299.60 299.61 299.62 299.60 299.59 299.58 299.57 299.58 299.59 299.60 299.60 299.62 299.62 299.63 299.64 299.67 299.70 299.68 299.65 299.59 299.54 299.51 299.47 299.47 299.46 299.49 299.51 299.46 299.41 299.30 299.19 299.14 299.09 299.07 299.05 298.97 298.89 298.82 298.75 298.79 298.84 298.85 298.87 298.84 298.81 298.66 298.51 298.48 298.45 298.46 298.48 298.42 298.35 298.34 298.33 298.36 298.38 298.41 298.43 298.46 298.48 298.52 298.57 298.57 298.57 298.56 298.54 298.47 298.41 298.32 298.23 298.24 298.24 298.22 298.20 298.18 298.15 298.11 298.07 298.04 298.01 298.00 297.98 297.97 297.96 297.95 297.93 297.91 297.89 297.87 297.84 297.82 297.81 297.78 297.76 297.75 298.74 298.78 298.82 298.81 298.80 298.75 298.69 298.68 298.67 298.75 298.83 299.01 299.20 299.37 299.53 299.56 299.60 299.60 299.61 299.62 299.63 299.64 299.66 299.64 299.62 299.62 299.61 299.60 299.59 299.60 299.61 299.63 299.66 299.66 299.67 299.67 299.67 299.66 299.65 299.60 299.56 299.53 299.50 299.46 299.43 299.50 299.57 299.51 299.45 299.28 299.11 299.06 299.01 298.98 298.96 298.95 298.93 298.94 298.95 298.97 298.99 299.01 299.02 299.02 299.02 298.89 298.77 298.67 298.57 298.60 298.64 298.56 298.48 298.46 298.44 298.44 298.43 298.47 298.51 298.55 298.59 298.64 298.70 298.69 298.69 298.69 298.68 298.56 298.44 298.34 298.24 298.25 298.26 298.23 298.20 298.17 298.14 298.09 298.04 298.02 298.01 298.00 297.99 297.99 297.99 297.97 297.96 297.94 297.92 297.89 297.86 297.83 297.81 297.79 297.77 297.76 </TempDataArray>
    </BinaryData>
    <End xmlns="" EndString="7777"/>
</gribObject>
