<?xml version="1.0" encoding="UTF-8" standalone="yes"?>
<gribObject xmlns:xsi="http://www.w3.org/2001/XMLSchema-instance" xmlns:xsd="http://www.w3.org/2001/XMLSchema" xmlns="http://c4i.mlt/ICDU/schema" ForecastTime="2025-09-25T12:00:00.000Z" RunTime="2025-09-25T12:00:00.000Z" ParameterName="V component of wind" FileName="newsingapore">
    <Indicator xmlns="" GribHeader="GRIB" NumOfOctets="21" GribType="2"/>
    <ProductDefinition xmlns="" NumOfOctets="4" ParamTableVersion="2" OrigCenter="7" ProcessID="81" GridID="36" GDS_BDS_Flag="128" ParamAndUnits="132" LevelType="0" Level="300" ReferenceTime="25" Month="9" Day="25" Hour="12" Minute="0" ForecastTimeUnits="1" PeriodOfTime1="12" PeriodOfTime2="0" TimeRangeIndicator="1" NumInAverage="-3" NumMissingAverage="0" CenturyOfReference="21" SubcenterID="0" DecimalScaleFactor="1" Reserved1="0" Lat1="-11000" Lon1="91000" Lat2="-9500" Lon2="105375" Di="125" Dj="125"/>
    <GridDescription xmlns="" NumOfOctets="72" NV="0" PV="255" DataRepresentationType="0">
        <LatLonProjection Ni="116" Nj="13" Flags="128" ScanFlags="64" Reserved="0"/>
    </GridDescription>
    <BinaryData xmlns="" NumOfOctets="6032" FlagsAndUnused="12" BinaryScaleFactor="0" ReferenceValue="-75.478516" DatumPacked="1508" OptionalFlags="0">
        <TempDataArray>-1.85 -1.15 -0.35 0.25 0.95 0.35 -0.25 -0.65 -1.15 -1.65 -2.15 -2.25 -2.35 -2.35 -2.35 -2.65 -2.95 -3.05 -3.15 -3.15 -3.15 -3.05 -2.95 -2.85 -2.65 -2.65 -2.75 -2.85 -2.85 -2.65 -2.45 -2.55 -2.55 -2.65 -2.75 -2.85 -2.95 -2.95 -2.85 -2.75 -2.65 -2.75 -2.95 -2.75 -2.55 -2.25 -1.85 -1.65 -1.45 -1.45 -1.35 -1.45 -1.45 -1.55 -1.65 -1.75 -1.85 -1.95 -2.05 -2.25 -2.45 -2.65 -2.85 -3.15 -3.45 -3.65 -3.75 -3.75 -3.65 -3.55 -3.45 -3.35 -3.25 -3.15 -3.05 -2.95 -2.95 -3.05 -3.05 -3.05 -3.05 -3.35 -3.55 -3.75 -3.85 -3.85 -3.75 -3.95 -4.05 -4.35 -4.75 -4.85 -4.95 -4.85 -4.75 -4.45 -4.15 -3.85 -3.55 -3.75 -4.05 -3.95 -3.95 -3.95 -3.95 -3.95 -3.95 -3.85 -3.65 -3.35 -3.05 -2.95 -2.75 -2.65 -2.45 -2.65 -1.05 -0.45 0.35 0.85 1.55 0.95 0.35 -0.45 -1.15 -1.55 -1.85 -2.15 -2.45 -2.75 -2.95 -3.45 -3.85 -3.55 -3.25 -3.15 -2.95 -2.95 -2.85 -2.85 -2.85 -3.15 -3.35 -3.35 -3.25 -2.95 -2.55 -2.45 -2.45 -2.55 -2.75 -2.85 -2.95 -3.05 -3.05 -2.95 -2.75 -2.75 -2.55 -2.45 -2.25 -2.05 -1.75 -1.65 -1.45 -1.35 -1.25 -1.35 -1.35 -1.45 -1.55 -1.75 -1.85 -1.95 -1.95 -2.25 -2.55 -2.95 -3.25 -3.65 -3.85 -3.85 -3.85 -3.75 -3.65 -3.35 -3.15 -2.95 -2.85 -2.85 -2.75 -2.75 -2.75 -2.85 -2.85 -3.05 -3.15 -3.45 -3.75 -3.85 -3.95 -3.95 -3.95 -4.15 -4.35 -4.65 -4.85 -4.85 -4.85 -4.75 -4.55 -4.35 -4.15 -3.95 -3.65 -3.85 -3.95 -4.05 -4.05 -4.05 -3.95 -3.85 -3.65 -3.45 -3.15 -2.95 -2.65 -2.55 -2.45 -2.45 -2.35 -2.55 -0.35 0.25 0.95 1.45 2.05 1.55 0.95 -0.15 -1.25 -1.35 -1.55 -2.05 -2.55 -3.05 -3.55 -4.15 -4.75 -4.05 -3.35 -3.15 -2.85 -2.85 -2.85 -2.95 -3.05 -3.55 -3.95 -3.85 -3.75 -3.15 -2.65 -2.45 -2.35 -2.55 -2.75 -2.95 -3.05 -3.15 -3.25 -3.15 -2.95 -2.65 -2.25 -2.15 -2.05 -1.85 -1.75 -1.55 -1.45 -1.35 -1.25 -1.25 -1.25 -1.45 -1.55 -1.75 -1.85 -1.95 -1.95 -2.35 -2.65 -3.25 -3.75 -4.05 -4.35 -4.15 -3.95 -3.85 -3.65 -3.25 -2.85 -2.65 -2.45 -2.45 -2.55 -2.55 -2.55 -2.65 -2.75 -3.05 -3.25 -3.65 -4.05 -4.05 -4.05 -4.15 -4.15 -4.45 -4.75 -4.85 -4.95 -4.85 -4.75 -4.55 -4.45 -4.35 -4.25 -4.05 -3.85 -3.85 -3.95 -4.05 -4.25 -4.15 -3.95 -3.65 -3.35 -3.05 -2.75 -2.45 -2.25 -2.25 -2.25 -2.25 -2.25 -2.35 -0.55 -0.15 0.45 0.95 1.55 0.95 0.55 -0.55 -1.55 -1.35 -1.15 -1.55 -1.95 -2.65 -3.35 -4.15 -4.95 -4.45 -3.95 -3.45 -2.85 -2.95 -2.95 -3.25 -3.45 -4.15 -4.75 -4.75 -4.75 -4.45 -4.05 -3.45 -2.85 -2.75 -2.65 -2.95 -3.15 -3.15 -3.05 -3.05 -3.05 -2.55 -1.95 -1.75 -1.55 -1.45 -1.25 -1.25 -1.15 -1.15 -1.15 -1.15 -1.05 -1.15 -1.25 -1.45 -1.55 -1.75 -1.85 -2.25 -2.65 -3.25 -3.85 -4.25 -4.55 -4.15 -3.75 -3.55 -3.35 -3.05 -2.75 -2.55 -2.45 -2.55 -2.65 -2.65 -2.55 -2.65 -2.75 -3.05 -3.25 -3.45 -3.65 -3.85 -4.05 -4.15 -4.25 -4.55 -4.75 -4.65 -4.55 -4.35 -4.15 -4.15 -4.15 -4.15 -4.05 -4.05 -3.95 -3.95 -3.95 -4.05 -4.05 -3.95 -3.65 -3.35 -2.95 -2.75 -2.45 -2.35 -2.15 -2.25 -2.15 -2.15 -2.05 -2.05 -0.85 -0.55 -0.15 0.35 0.95 0.45 0.05 -0.95 -1.95 -1.45 -0.85 -1.05 -1.35 -2.25 -3.25 -4.25 -5.15 -4.85 -4.55 -3.75 -2.95 -3.05 -3.05 -3.55 -3.95 -4.85 -5.65 -5.75 -5.85 -5.65 -5.55 -4.45 -3.35 -2.95 -2.65 -2.95 -3.25 -3.15 -2.95 -3.05 -3.25 -2.45 -1.75 -1.35 -1.05 -0.95 -0.75 -0.85 -0.95 -1.05 -1.05 -1.05 -0.95 -0.95 -0.95 -1.15 -1.35 -1.65 -1.85 -2.25 -2.65 -3.35 -4.05 -4.45 -4.75 -4.25 -3.65 -3.35 -3.15 -2.85 -2.65 -2.55 -2.45 -2.55 -2.75 -2.75 -2.65 -2.65 -2.75 -3.05 -3.35 -3.35 -3.35 -3.75 -4.05 -4.25 -4.45 -4.55 -4.75 -4.45 -4.05 -3.85 -3.65 -3.75 -3.85 -3.85 -3.85 -3.95 -4.05 -4.05 -4.05 -4.05 -3.95 -3.65 -3.45 -2.95 -2.55 -2.35 -2.25 -2.25 -2.15 -2.15 -2.15 -2.05 -1.95 -1.75 -0.65 -0.45 -0.15 0.25 0.65 0.25 -0.05 -1.05 -1.85 -1.35 -0.85 -0.55 -0.35 -1.75 -3.15 -3.75 -4.25 -4.05 -3.85 -3.45 -3.05 -2.95 -2.85 -3.25 -3.55 -4.45 -5.25 -5.45 -5.65 -5.65 -5.65 -4.95 -4.15 -3.65 -3.15 -3.25 -3.45 -3.15 -2.95 -3.05 -3.05 -2.55 -2.05 -1.75 -1.45 -1.25 -1.15 -1.15 -1.15 -1.35 -1.55 -1.55 -1.55 -1.55 -1.55 -1.95 -2.15 -2.55 -2.75 -3.15 -3.45 -3.75 -4.05 -4.25 -4.45 -4.05 -3.55 -3.55 -3.45 -3.55 -3.65 -3.55 -3.45 -3.45 -3.25 -3.05 -2.75 -2.65 -2.45 -2.55 -2.55 -2.65 -2.65 -3.15 -3.55 -3.85 -4.15 -4.15 -4.05 -3.85 -3.55 -3.65 -3.75 -3.95 -4.05 -4.05 -4.15 -4.15 -4.15 -4.05 -3.85 -3.75 -3.55 -3.35 -3.05 -2.55 -2.15 -2.05 -1.85 -1.95 -1.85 -1.95 -1.95 -1.85 -1.75 -1.35 -0.55 -0.35 -0.15 0.05 0.25 -0.05 -0.25 -1.05 -1.85 -1.35 -0.85 -0.15 0.65 -1.15 -3.05 -3.25 -3.35 -3.25 -3.15 -3.15 -3.15 -2.95 -2.65 -2.95 -3.25 -4.05 -4.85 -5.15 -5.45 -5.55 -5.75 -5.35 -5.05 -4.35 -3.65 -3.65 -3.65 -3.25 -2.95 -2.95 -2.95 -2.65 -2.45 -2.15 -1.85 -1.65 -1.55 -1.45 -1.35 -1.75 -2.15 -2.15 -2.15 -2.25 -2.25 -2.65 -3.05 -3.45 -3.75 -4.05 -4.25 -4.15 -4.05 -4.15 -4.25 -3.85 -3.45 -3.65 -3.85 -4.25 -4.65 -4.65 -4.55 -4.25 -3.85 -3.35 -2.85 -2.55 -2.25 -1.95 -1.75 -1.95 -2.05 -2.55 -3.15 -3.45 -3.85 -3.65 -3.45 -3.35 -3.15 -3.55 -3.85 -4.05 -4.25 -4.35 -4.45 -4.35 -4.25 -3.95 -3.75 -3.55 -3.25 -2.95 -2.65 -2.15 -1.75 -1.65 -1.55 -1.65 -1.65 -1.75 -1.75 -1.65 -1.55 -0.95 -0.85 -0.65 -0.35 -0.15 0.05 -0.15 -0.35 -1.05 -1.75 -1.35 -0.75 0.25 1.35 -0.35 -1.95 -2.15 -2.35 -2.25 -2.05 -2.35 -2.65 -2.55 -2.45 -2.75 -3.05 -3.55 -4.15 -4.65 -5.15 -5.25 -5.35 -5.15 -5.05 -4.45 -3.85 -3.85 -3.75 -3.85 -3.85 -3.85 -3.75 -3.35 -2.95 -2.75 -2.45 -2.35 -2.15 -1.95 -1.85 -2.15 -2.45 -2.45 -2.55 -2.75 -2.95 -3.45 -3.85 -4.15 -4.35 -4.25 -4.05 -3.85 -3.75 -3.95 -4.05 -3.85 -3.45 -3.65 -3.85 -4.25 -4.55 -4.55 -4.55 -4.35 -4.05 -3.65 -3.25 -2.95 -2.55 -2.35 -2.15 -2.45 -2.65 -3.15 -3.65 -3.85 -4.05 -3.85 -3.65 -3.65 -3.65 -3.85 -3.95 -4.05 -4.25 -4.25 -4.25 -4.25 -4.15 -3.75 -3.35 -2.95 -2.55 -2.35 -2.15 -2.05 -2.05 -2.05 -2.05 -2.15 -2.15 -2.35 -2.55 -2.35 -2.05 -1.65 -1.25 -0.95 -0.55 -0.35 -0.15 -0.35 -0.45 -1.05 -1.75 -1.25 -0.75 0.65 2.05 0.55 -0.85 -1.15 -1.35 -1.25 -1.05 -1.65 -2.25 -2.25 -2.25 -2.55 -2.85 -3.15 -3.45 -4.15 -4.85 -4.85 -4.95 -4.95 -4.95 -4.55 -4.15 -4.05 -3.95 -4.35 -4.75 -4.75 -4.65 -4.05 -3.45 -3.25 -3.15 -2.95 -2.75 -2.55 -2.35 -2.55 -2.75 -2.85 -2.95 -3.35 -3.75 -4.25 -4.75 -4.85 -4.95 -4.35 -3.85 -3.65 -3.45 -3.75 -3.95 -3.75 -3.55 -3.75 -3.85 -4.25 -4.55 -4.55 -4.55 -4.35 -4.25 -3.95 -3.75 -3.35 -2.95 -2.75 -2.65 -2.95 -3.35 -3.75 -4.25 -4.25 -4.25 -4.05 -3.85 -4.05 -4.25 -4.15 -4.05 -4.15 -4.25 -4.25 -4.15 -4.15 -4.05 -3.55 -3.05 -2.45 -1.95 -1.85 -1.65 -2.05 -2.35 -2.55 -2.65 -2.65 -2.75 -3.05 -3.35 -2.95 -2.55 -2.35 -1.45 -1.25 -0.85 -0.65 -0.45 -0.25 -0.05 -0.75 -1.45 -1.55 -1.45 -0.35 0.85 0.55 0.35 0.15 0.05 -0.15 -0.35 -1.05 -1.65 -1.75 -1.75 -2.05 -2.35 -2.95 -3.45 -4.25 -5.05 -4.95 -4.95 -5.05 -5.15 -4.75 -4.35 -4.35 -4.25 -4.65 -4.95 -4.95 -4.95 -4.45 -3.95 -3.85 -3.65 -3.35 -3.05 -2.95 -2.75 -3.05 -3.25 -3.45 -3.75 -3.95 -4.05 -4.35 -4.65 -4.55 -4.45 -3.85 -3.25 -3.35 -3.55 -3.85 -4.05 -3.85 -3.55 -3.55 -3.65 -4.05 -4.35 -4.35 -4.35 -4.35 -4.25 -4.05 -3.85 -3.65 -3.35 -3.45 -3.45 -3.95 -4.35 -4.55 -4.65 -4.75 -4.85 -4.95 -4.95 -4.95 -4.95 -4.85 -4.65 -4.65 -4.55 -4.45 -4.35 -4.25 -4.05 -3.25 -2.45 -2.15 -1.85 -2.05 -2.25 -2.55 -2.75 -3.15 -3.45 -3.55 -3.55 -3.85 -4.05 -3.55 -3.05 -2.95 -1.75 -1.55 -1.25 -1.05 -0.75 -0.25 0.25 -0.45 -1.25 -1.75 -2.25 -1.35 -0.45 0.45 1.45 1.45 1.45 0.85 0.25 -0.45 -1.15 -1.15 -1.25 -1.55 -1.95 -2.65 -3.45 -4.35 -5.25 -5.15 -4.95 -5.15 -5.35 -4.95 -4.55 -4.55 -4.55 -4.85 -5.15 -5.15 -5.25 -4.85 -4.55 -4.35 -4.15 -3.75 -3.35 -3.25 -3.25 -3.45 -3.75 -4.15 -4.55 -4.45 -4.35 -4.45 -4.55 -4.25 -3.95 -3.25 -2.65 -3.15 -3.65 -3.95 -4.25 -3.95 -3.55 -3.45 -3.45 -3.75 -4.15 -4.25 -4.25 -4.25 -4.35 -4.15 -3.95 -3.85 -3.75 -4.05 -4.25 -4.85 -5.45 -5.25 -5.15 -5.35 -5.55 -5.85 -6.05 -5.95 -5.75 -5.55 -5.35 -5.15 -4.95 -4.75 -4.55 -4.35 -4.15 -3.05 -1.95 -1.85 -1.75 -2.35 -2.95 -3.05 -3.25 -3.75 -4.35 -4.35 -4.45 -4.55 -4.75 -4.15 -3.55 -3.55 -1.75 -1.65 -1.45 -1.35 -1.15 -0.75 -0.15 -0.75 -1.25 -1.75 -2.25 -1.75 -1.25 -0.05 1.35 1.65 1.95 1.45 0.95 0.45 -0.05 -0.05 -0.15 -0.55 -0.85 -2.05 -3.25 -4.25 -5.15 -5.05 -4.95 -5.15 -5.35 -4.95 -4.45 -4.45 -4.35 -4.65 -4.85 -4.95 -5.05 -4.85 -4.65 -4.55 -4.35 -3.95 -3.55 -3.45 -3.35 -3.95 -4.65 -5.05 -5.35 -5.25 -5.05 -4.95 -4.85 -4.55 -4.25 -3.85 -3.45 -3.85 -4.25 -4.45 -4.65 -4.45 -4.25 -4.15 -4.05 -4.25 -4.55 -4.45 -4.45 -4.55 -4.55 -4.55 -4.55 -4.55 -4.65 -4.95 -5.25 -5.55 -5.95 -5.85 -5.75 -6.15 -6.45 -6.65 -6.75 -6.65 -6.55 -6.35 -6.05 -5.85 -5.55 -5.15 -4.85 -4.45 -3.95 -3.25 -2.45 -2.65 -2.75 -3.05 -3.25 -3.45 -3.65 -4.45 -5.15 -5.05 -5.05 -4.75 -4.45 -4.15 -3.75 -3.85 -1.85 -1.85 -1.75 -1.65 -1.65 -1.15 -0.65 -0.95 -1.25 -1.75 -2.35 -2.25 -2.15 -0.55 1.15 1.75 2.45 1.95 1.55 1.25 1.05 1.05 0.95 0.55 0.15 -1.45 -3.15 -4.15 -5.05 -5.05 -4.95 -5.15 -5.35 -4.85 -4.35 -4.25 -4.15 -4.35 -4.55 -4.65 -4.85 -4.75 -4.75 -4.75 -4.65 -4.25 -3.85 -3.65 -3.45 -4.55 -5.55 -5.85 -6.15 -5.95 -5.75 -5.45 -5.25 -4.95 -4.55 -4.45 -4.25 -4.65 -4.95 -5.05 -5.15 -5.05 -4.95 -4.75 -4.65 -4.75 -4.85 -4.75 -4.75 -4.75 -4.85 -4.95 -5.05 -5.35 -5.55 -5.95 -6.25 -6.35 -6.45 -6.45 -6.45 -6.95 -7.35 -7.45 -7.55 -7.45 -7.35 -7.05 -6.75 -6.45 -6.15 -5.65 -5.15 -4.45 -3.85 -3.45 -2.95 -3.35 -3.75 -3.65 -3.65 -3.85 -4.15 -5.15 -6.05 -5.75 -5.55 -4.85 -4.25 -4.15 -4.05 -4.15 </TempDataArray>
    </BinaryData>
    <End xmlns="" EndString="7777"/>
</gribObject>
