<?xml version="1.0" encoding="UTF-8" standalone="yes"?>
<gribObject xmlns:xsi="http://www.w3.org/2001/XMLSchema-instance" xmlns:xsd="http://www.w3.org/2001/XMLSchema" xmlns="http://c4i.mlt/ICDU/schema" ForecastTime="2025-09-26T12:00:00.000Z" RunTime="2025-09-26T12:00:00.000Z" ParameterName="U component of wind" FileName="newsingapore">
    <Indicator xmlns="" GribHeader="GRIB" NumOfOctets="21" GribType="2"/>
    <ProductDefinition xmlns="" NumOfOctets="4" ParamTableVersion="2" OrigCenter="7" ProcessID="81" GridID="36" GDS_BDS_Flag="128" ParamAndUnits="131" LevelType="0" Level="100" ReferenceTime="26" Month="9" Day="26" Hour="12" Minute="0" ForecastTimeUnits="1" PeriodOfTime1="12" PeriodOfTime2="0" TimeRangeIndicator="1" NumInAverage="-14" NumMissingAverage="0" CenturyOfReference="21" SubcenterID="0" DecimalScaleFactor="2" Reserved1="0" Lat1="-11000" Lon1="91000" Lat2="-9500" Lon2="105375" Di="125" Dj="125"/>
    <GridDescription xmlns="" NumOfOctets="72" NV="0" PV="255" DataRepresentationType="0">
        <LatLonProjection Ni="116" Nj="13" Flags="128" ScanFlags="64" Reserved="0"/>
    </GridDescription>
    <BinaryData xmlns="" NumOfOctets="6032" FlagsAndUnused="12" BinaryScaleFactor="0" ReferenceValue="-1935.273193" DatumPacked="1508" OptionalFlags="0">
        <TempDataArray>-17.29 -16.98 -16.66 -16.69 -16.72 -17.03 -17.34 -17.74 -18.14 -18.16 -18.19 -17.64 -17.10 -16.67 -16.25 -16.32 -16.39 -16.73 -17.06 -17.23 -17.41 -17.23 -17.05 -16.41 -15.76 -15.97 -16.19 -16.44 -16.69 -16.82 -16.94 -17.03 -17.12 -17.23 -17.35 -17.06 -16.77 -16.61 -16.44 -16.50 -16.56 -16.46 -16.36 -16.05 -15.73 -15.57 -15.42 -15.18 -14.95 -14.62 -14.29 -14.32 -14.34 -14.10 -13.85 -13.80 -13.76 -13.85 -13.95 -14.38 -14.80 -14.68 -14.56 -14.43 -14.31 -14.57 -14.82 -14.80 -14.78 -14.77 -14.75 -14.84 -14.93 -14.89 -14.85 -14.59 -14.32 -14.24 -14.16 -14.10 -14.03 -13.51 -12.99 -12.37 -11.76 -11.09 -10.42 -10.13 -9.84 -9.87 -9.90 -10.17 -10.43 -10.54 -10.65 -10.83 -11.00 -11.10 -11.20 -11.33 -11.47 -11.64 -11.82 -11.93 -12.04 -12.02 -12.00 -11.95 -11.89 -11.86 -11.83 -11.70 -11.57 -11.53 -11.49 -11.46 -17.42 -17.18 -16.94 -16.71 -16.47 -16.69 -16.92 -17.35 -17.79 -17.74 -17.69 -17.33 -16.97 -16.70 -16.44 -16.49 -16.55 -16.77 -17.00 -16.93 -16.86 -16.70 -16.53 -16.17 -15.80 -16.11 -16.41 -16.61 -16.81 -16.98 -17.15 -17.24 -17.34 -17.32 -17.29 -17.03 -16.77 -16.62 -16.47 -16.44 -16.40 -16.28 -16.15 -15.92 -15.68 -15.63 -15.58 -15.50 -15.43 -15.09 -14.74 -14.55 -14.36 -14.20 -14.03 -13.97 -13.90 -13.95 -14.00 -14.39 -14.77 -14.64 -14.52 -14.41 -14.31 -14.53 -14.74 -14.66 -14.58 -14.62 -14.66 -14.72 -14.78 -14.85 -14.92 -14.87 -14.81 -14.71 -14.61 -14.34 -14.06 -13.57 -13.08 -12.40 -11.72 -11.05 -10.37 -10.17 -9.97 -10.10 -10.22 -10.46 -10.68 -10.79 -10.89 -11.08 -11.26 -11.43 -11.59 -11.67 -11.75 -11.88 -12.00 -12.15 -12.29 -12.29 -12.28 -12.09 -11.90 -11.73 -11.57 -11.48 -11.39 -11.53 -11.68 -11.78 -17.55 -17.39 -17.22 -16.72 -16.22 -16.36 -16.50 -16.97 -17.44 -17.31 -17.18 -17.01 -16.84 -16.73 -16.62 -16.66 -16.70 -16.82 -16.95 -16.63 -16.31 -16.16 -16.01 -15.93 -15.84 -16.24 -16.64 -16.79 -16.94 -17.15 -17.36 -17.46 -17.56 -17.40 -17.24 -17.01 -16.77 -16.64 -16.51 -16.38 -16.25 -16.09 -15.94 -15.79 -15.64 -15.69 -15.74 -15.83 -15.91 -15.55 -15.19 -14.79 -14.38 -14.30 -14.22 -14.13 -14.04 -14.05 -14.06 -14.40 -14.74 -14.61 -14.48 -14.40 -14.31 -14.49 -14.67 -14.53 -14.38 -14.48 -14.57 -14.60 -14.63 -14.81 -15.00 -15.16 -15.31 -15.19 -15.06 -14.57 -14.09 -13.64 -13.18 -12.43 -11.69 -11.01 -10.33 -10.21 -10.10 -10.32 -10.55 -10.75 -10.94 -11.04 -11.14 -11.33 -11.52 -11.75 -11.99 -12.01 -12.03 -12.11 -12.19 -12.37 -12.55 -12.56 -12.57 -12.24 -11.91 -11.61 -11.31 -11.26 -11.21 -11.54 -11.87 -12.09 -17.49 -17.32 -17.14 -16.71 -16.28 -16.24 -16.20 -16.67 -17.14 -17.15 -17.16 -17.00 -16.83 -16.87 -16.90 -16.80 -16.71 -16.61 -16.52 -16.39 -16.27 -16.34 -16.42 -16.41 -16.40 -16.73 -17.05 -17.13 -17.21 -17.36 -17.53 -17.56 -17.59 -17.34 -17.08 -16.84 -16.59 -16.53 -16.46 -16.21 -15.96 -15.75 -15.55 -15.69 -15.83 -15.98 -16.12 -16.10 -16.08 -15.82 -15.56 -15.21 -14.86 -14.75 -14.64 -14.42 -14.20 -14.11 -14.03 -14.25 -14.48 -14.32 -14.15 -14.15 -14.15 -14.53 -14.91 -14.71 -14.50 -14.47 -14.42 -14.53 -14.63 -14.81 -14.99 -14.93 -14.85 -14.67 -14.49 -14.25 -14.02 -13.69 -13.35 -12.72 -12.09 -11.57 -11.06 -10.92 -10.78 -10.90 -11.01 -11.18 -11.34 -11.45 -11.56 -11.65 -11.74 -11.86 -11.98 -12.00 -12.02 -12.08 -12.14 -12.25 -12.36 -12.30 -12.23 -12.03 -11.82 -11.69 -11.57 -11.51 -11.45 -11.76 -12.06 -12.30 -17.44 -17.25 -17.06 -16.70 -16.33 -16.12 -15.91 -16.38 -16.85 -17.00 -17.15 -16.99 -16.82 -17.01 -17.19 -16.95 -16.71 -16.40 -16.09 -16.15 -16.22 -16.52 -16.83 -16.90 -16.97 -17.21 -17.46 -17.46 -17.47 -17.58 -17.69 -17.66 -17.63 -17.28 -16.92 -16.67 -16.42 -16.41 -16.41 -16.04 -15.67 -15.41 -15.16 -15.59 -16.02 -16.27 -16.51 -16.38 -16.26 -16.09 -15.92 -15.63 -15.34 -15.21 -15.07 -14.72 -14.36 -14.18 -14.00 -14.11 -14.22 -14.02 -13.83 -13.91 -13.99 -14.57 -15.15 -14.89 -14.63 -14.46 -14.28 -14.46 -14.64 -14.81 -14.99 -14.69 -14.40 -14.16 -13.92 -13.93 -13.95 -13.74 -13.52 -13.00 -12.49 -12.14 -11.79 -11.63 -11.47 -11.47 -11.48 -11.61 -11.75 -11.87 -11.98 -11.98 -11.97 -11.96 -11.96 -11.98 -12.01 -12.05 -12.09 -12.14 -12.18 -12.04 -11.90 -11.81 -11.73 -11.78 -11.83 -11.76 -11.70 -11.98 -12.26 -12.50 -17.22 -17.00 -16.78 -16.55 -16.31 -16.35 -16.38 -16.63 -16.88 -17.11 -17.34 -17.25 -17.15 -17.21 -17.28 -16.94 -16.60 -16.25 -15.90 -16.12 -16.33 -16.64 -16.94 -16.92 -16.90 -17.11 -17.32 -17.38 -17.45 -17.54 -17.64 -17.64 -17.63 -17.31 -16.99 -16.65 -16.31 -16.25 -16.19 -16.08 -15.96 -15.82 -15.67 -15.95 -16.22 -16.43 -16.63 -16.52 -16.42 -16.20 -15.99 -15.81 -15.63 -15.59 -15.54 -15.11 -14.68 -14.45 -14.21 -14.24 -14.27 -14.15 -14.03 -14.11 -14.20 -14.72 -15.24 -14.96 -14.68 -14.43 -14.17 -14.29 -14.40 -14.35 -14.31 -14.03 -13.75 -13.61 -13.46 -13.56 -13.67 -13.57 -13.46 -13.22 -12.98 -12.77 -12.56 -12.36 -12.16 -12.01 -11.85 -11.91 -11.97 -12.19 -12.40 -12.47 -12.53 -12.30 -12.08 -11.98 -11.87 -11.86 -11.85 -11.96 -12.07 -12.03 -11.99 -11.92 -11.84 -11.96 -12.08 -12.02 -11.96 -12.11 -12.26 -12.53 -17.00 -16.75 -16.49 -16.40 -16.30 -16.58 -16.86 -16.89 -16.92 -17.23 -17.54 -17.51 -17.48 -17.42 -17.37 -16.93 -16.49 -16.11 -15.72 -16.08 -16.45 -16.75 -17.04 -16.93 -16.83 -17.00 -17.18 -17.30 -17.42 -17.50 -17.59 -17.61 -17.63 -17.35 -17.06 -16.64 -16.21 -16.10 -15.98 -16.12 -16.26 -16.23 -16.19 -16.31 -16.43 -16.59 -16.75 -16.66 -16.58 -16.32 -16.06 -15.99 -15.92 -15.96 -16.01 -15.51 -15.01 -14.72 -14.43 -14.38 -14.33 -14.28 -14.23 -14.32 -14.41 -14.87 -15.33 -15.03 -14.73 -14.40 -14.07 -14.12 -14.17 -13.90 -13.62 -13.36 -13.11 -13.05 -13.00 -13.19 -13.39 -13.40 -13.41 -13.44 -13.47 -13.40 -13.34 -13.10 -12.86 -12.54 -12.23 -12.21 -12.19 -12.51 -12.83 -12.96 -13.09 -12.65 -12.20 -11.97 -11.74 -11.67 -11.61 -11.78 -11.96 -12.02 -12.09 -12.02 -11.95 -12.14 -12.33 -12.27 -12.22 -12.24 -12.27 -12.55 -17.46 -17.25 -17.03 -16.82 -16.61 -17.13 -17.66 -17.47 -17.28 -17.18 -17.07 -17.01 -16.96 -17.01 -17.06 -17.06 -17.05 -16.97 -16.88 -17.00 -17.11 -17.36 -17.61 -17.64 -17.67 -17.71 -17.75 -17.89 -18.04 -17.95 -17.87 -18.01 -18.14 -17.91 -17.68 -17.31 -16.94 -16.78 -16.61 -16.56 -16.51 -16.50 -16.49 -16.62 -16.74 -16.82 -16.90 -16.77 -16.64 -16.43 -16.22 -16.15 -16.07 -16.11 -16.15 -15.61 -15.06 -14.88 -14.68 -14.53 -14.36 -14.48 -14.59 -14.58 -14.58 -14.76 -14.94 -14.84 -14.74 -14.53 -14.32 -14.27 -14.22 -14.00 -13.78 -13.54 -13.30 -13.20 -13.10 -13.02 -12.93 -12.93 -12.93 -13.24 -13.54 -13.53 -13.51 -13.41 -13.31 -12.96 -12.62 -12.60 -12.57 -12.82 -13.07 -13.19 -13.30 -12.91 -12.52 -12.20 -11.89 -11.82 -11.75 -11.89 -12.03 -12.01 -11.98 -11.90 -11.82 -12.07 -12.31 -12.38 -12.44 -12.47 -12.50 -12.65 -17.93 -17.76 -17.58 -17.25 -16.91 -17.68 -18.46 -18.05 -17.64 -17.12 -16.60 -16.52 -16.43 -16.59 -16.76 -17.19 -17.62 -17.84 -18.05 -17.91 -17.77 -17.97 -18.17 -18.34 -18.51 -18.42 -18.32 -18.49 -18.66 -18.40 -18.15 -18.40 -18.66 -18.48 -18.30 -17.98 -17.66 -17.46 -17.25 -17.00 -16.76 -16.77 -16.79 -16.93 -17.06 -17.06 -17.05 -16.88 -16.71 -16.54 -16.38 -16.30 -16.23 -16.26 -16.29 -15.70 -15.12 -15.03 -14.94 -14.67 -14.40 -14.68 -14.95 -14.85 -14.75 -14.65 -14.55 -14.65 -14.75 -14.66 -14.57 -14.42 -14.27 -14.11 -13.94 -13.71 -13.49 -13.34 -13.20 -12.84 -12.48 -12.47 -12.45 -13.03 -13.62 -13.65 -13.69 -13.72 -13.75 -13.38 -13.02 -12.99 -12.96 -13.14 -13.32 -13.41 -13.51 -13.17 -12.83 -12.44 -12.04 -11.97 -11.90 -12.01 -12.11 -11.99 -11.87 -11.78 -11.70 -11.99 -12.29 -12.48 -12.67 -12.70 -12.74 -12.75 -17.42 -17.53 -17.63 -17.46 -17.28 -17.58 -17.88 -17.84 -17.81 -17.33 -16.85 -16.58 -16.30 -16.52 -16.74 -17.23 -17.72 -17.84 -17.96 -17.86 -17.76 -17.96 -18.16 -18.31 -18.46 -18.43 -18.39 -18.58 -18.76 -18.52 -18.28 -18.56 -18.86 -18.72 -18.58 -18.22 -17.86 -17.52 -17.17 -16.88 -16.60 -16.65 -16.70 -16.87 -17.04 -17.04 -17.05 -16.90 -16.75 -16.59 -16.42 -16.30 -16.17 -16.12 -16.08 -15.59 -15.09 -15.15 -15.21 -14.94 -14.68 -14.91 -15.14 -14.93 -14.71 -14.54 -14.36 -14.48 -14.59 -14.48 -14.36 -14.16 -13.95 -13.82 -13.67 -13.51 -13.35 -13.32 -13.28 -13.03 -12.78 -12.78 -12.78 -13.09 -13.39 -13.31 -13.22 -13.24 -13.25 -13.26 -13.26 -13.26 -13.27 -13.36 -13.46 -13.32 -13.17 -13.01 -12.84 -12.77 -12.69 -12.53 -12.37 -12.19 -12.00 -11.82 -11.64 -11.69 -11.73 -12.08 -12.44 -12.61 -12.79 -12.75 -12.70 -12.68 -16.91 -17.30 -17.69 -17.68 -17.66 -17.48 -17.30 -17.64 -17.98 -17.54 -17.10 -16.64 -16.17 -16.44 -16.72 -17.27 -17.82 -17.84 -17.86 -17.80 -17.75 -17.95 -18.15 -18.28 -18.40 -18.44 -18.47 -18.66 -18.86 -18.63 -18.40 -18.72 -19.05 -18.95 -18.86 -18.47 -18.07 -17.58 -17.09 -16.77 -16.44 -16.52 -16.60 -16.81 -17.01 -17.03 -17.04 -16.92 -16.80 -16.63 -16.47 -16.29 -16.11 -15.99 -15.87 -15.47 -15.06 -15.27 -15.48 -15.22 -14.96 -15.15 -15.34 -15.00 -14.67 -14.42 -14.18 -14.30 -14.43 -14.29 -14.15 -13.90 -13.64 -13.52 -13.41 -13.31 -13.21 -13.29 -13.37 -13.22 -13.08 -13.10 -13.12 -13.14 -13.16 -12.96 -12.75 -12.76 -12.76 -13.13 -13.50 -13.54 -13.58 -13.59 -13.60 -13.22 -12.84 -12.85 -12.86 -13.09 -13.33 -13.09 -12.85 -12.37 -11.89 -11.65 -11.41 -11.59 -11.76 -12.17 -12.58 -12.74 -12.91 -12.79 -12.67 -12.60 -16.53 -16.61 -16.70 -17.26 -17.83 -17.63 -17.42 -17.60 -17.79 -17.60 -17.41 -17.26 -17.12 -17.26 -17.40 -17.90 -18.39 -18.48 -18.56 -18.47 -18.37 -18.51 -18.64 -18.76 -18.88 -18.85 -18.83 -18.85 -18.88 -18.60 -18.32 -18.46 -18.61 -18.42 -18.23 -17.94 -17.65 -17.23 -16.81 -16.44 -16.05 -16.01 -15.96 -16.14 -16.31 -16.40 -16.48 -16.55 -16.62 -16.62 -16.63 -16.56 -16.48 -16.37 -16.27 -15.84 -15.41 -15.39 -15.37 -15.15 -14.92 -15.01 -15.09 -14.81 -14.53 -14.30 -14.08 -14.21 -14.33 -14.19 -14.05 -13.81 -13.58 -13.57 -13.56 -13.53 -13.49 -13.54 -13.59 -13.59 -13.58 -13.53 -13.46 -13.33 -13.19 -13.00 -12.82 -12.84 -12.87 -13.15 -13.42 -13.56 -13.70 -13.71 -13.72 -13.35 -12.98 -12.89 -12.79 -13.00 -13.20 -13.04 -12.87 -12.57 -12.27 -12.15 -12.03 -12.15 -12.26 -12.70 -13.13 -13.22 -13.31 -13.05 -12.80 -12.76 -16.15 -15.92 -15.70 -16.85 -18.00 -17.77 -17.54 -17.57 -17.59 -17.66 -17.72 -17.89 -18.06 -18.08 -18.09 -18.53 -18.97 -19.12 -19.27 -19.13 -19.00 -19.06 -19.12 -19.24 -19.35 -19.27 -19.19 -19.04 -18.90 -18.57 -18.24 -18.20 -18.16 -17.88 -17.60 -17.41 -17.23 -16.89 -16.54 -16.11 -15.67 -15.50 -15.32 -15.47 -15.61 -15.76 -15.92 -16.18 -16.43 -16.61 -16.79 -16.82 -16.85 -16.76 -16.67 -16.21 -15.76 -15.52 -15.27 -15.07 -14.88 -14.86 -14.85 -14.62 -14.39 -14.18 -13.98 -14.11 -14.24 -14.09 -13.95 -13.73 -13.52 -13.61 -13.71 -13.74 -13.78 -13.80 -13.82 -13.96 -14.09 -13.95 -13.81 -13.51 -13.22 -13.05 -12.88 -12.93 -12.98 -13.16 -13.34 -13.58 -13.82 -13.83 -13.84 -13.48 -13.12 -12.92 -12.73 -12.90 -13.07 -12.99 -12.90 -12.78 -12.65 -12.65 -12.66 -12.71 -12.76 -13.22 -13.69 -13.70 -13.71 -13.32 -12.93 -12.91 </TempDataArray>
    </BinaryData>
    <End xmlns="" EndString="7777"/>
</gribObject>
