<?xml version="1.0" encoding="UTF-8" standalone="yes"?>
<gribObject xmlns:xsi="http://www.w3.org/2001/XMLSchema-instance" xmlns:xsd="http://www.w3.org/2001/XMLSchema" xmlns="http://c4i.mlt/ICDU/schema" ForecastTime="2025-09-26T12:00:00.000Z" RunTime="2025-09-26T12:00:00.000Z" ParameterName="U component of wind" FileName="newsingapore">
    <Indicator xmlns="" GribHeader="GRIB" NumOfOctets="21" GribType="2"/>
    <ProductDefinition xmlns="" NumOfOctets="4" ParamTableVersion="2" OrigCenter="7" ProcessID="81" GridID="36" GDS_BDS_Flag="128" ParamAndUnits="131" LevelType="0" Level="200" ReferenceTime="26" Month="9" Day="26" Hour="12" Minute="0" ForecastTimeUnits="1" PeriodOfTime1="12" PeriodOfTime2="0" TimeRangeIndicator="1" NumInAverage="-8" NumMissingAverage="0" CenturyOfReference="21" SubcenterID="0" DecimalScaleFactor="1" Reserved1="0" Lat1="-11000" Lon1="91000" Lat2="-9500" Lon2="105375" Di="125" Dj="125"/>
    <GridDescription xmlns="" NumOfOctets="72" NV="0" PV="255" DataRepresentationType="0">
        <LatLonProjection Ni="116" Nj="13" Flags="128" ScanFlags="64" Reserved="0"/>
    </GridDescription>
    <BinaryData xmlns="" NumOfOctets="6032" FlagsAndUnused="12" BinaryScaleFactor="0" ReferenceValue="-147.959564" DatumPacked="1508" OptionalFlags="0">
        <TempDataArray>-11.50 -10.50 -9.60 -10.20 -10.70 -10.60 -10.50 -9.60 -8.80 -8.30 -7.90 -8.70 -9.40 -10.30 -11.20 -10.20 -9.30 -8.50 -7.80 -8.10 -8.30 -9.00 -9.70 -9.30 -8.90 -7.80 -6.80 -5.10 -3.50 -4.10 -4.60 -4.90 -5.30 -5.60 -5.90 -5.30 -4.70 -4.40 -4.00 -3.90 -3.80 -3.80 -3.90 -4.20 -4.50 -4.30 -4.10 -4.20 -4.20 -4.60 -4.90 -5.30 -5.60 -5.10 -4.60 -5.70 -6.70 -6.40 -6.20 -4.60 -3.10 -2.90 -2.70 -3.40 -4.20 -5.20 -6.10 -4.30 -2.60 -2.30 -2.10 -2.20 -2.40 -3.10 -3.70 -3.10 -2.60 -3.00 -3.40 -3.70 -4.10 -3.40 -2.70 -2.80 -2.90 -2.60 -2.40 -2.60 -2.80 -3.40 -4.00 -4.40 -4.80 -4.70 -4.50 -4.30 -4.10 -3.90 -3.70 -3.70 -3.80 -4.00 -4.20 -3.20 -2.30 -1.80 -1.30 -1.40 -1.60 -2.40 -3.30 -3.40 -3.50 -3.50 -3.50 -3.80 -11.60 -11.10 -10.60 -10.90 -11.10 -11.00 -10.80 -10.40 -10.00 -9.50 -9.00 -10.00 -10.90 -11.50 -12.00 -11.30 -10.70 -10.10 -9.50 -9.00 -8.50 -9.40 -10.30 -10.00 -9.70 -8.50 -7.30 -5.90 -4.50 -4.80 -5.00 -5.40 -5.70 -5.90 -6.00 -5.70 -5.20 -4.90 -4.50 -4.20 -3.90 -4.10 -4.40 -4.70 -5.00 -4.90 -4.90 -4.70 -4.40 -4.40 -4.40 -5.20 -6.00 -5.80 -5.60 -6.70 -7.80 -8.00 -8.20 -6.90 -5.60 -4.50 -3.30 -3.50 -3.70 -5.20 -6.60 -5.30 -3.90 -3.60 -3.20 -3.50 -3.70 -3.90 -4.10 -3.90 -3.60 -4.00 -4.40 -4.50 -4.70 -4.30 -3.90 -3.90 -3.80 -3.30 -2.90 -3.10 -3.30 -3.70 -4.10 -4.40 -4.70 -4.60 -4.50 -4.40 -4.20 -4.50 -4.80 -5.00 -5.20 -5.60 -6.00 -5.10 -4.30 -3.40 -2.50 -2.60 -2.60 -3.00 -3.40 -3.40 -3.40 -3.60 -3.80 -3.90 -11.70 -11.60 -11.60 -11.60 -11.50 -11.40 -11.20 -11.10 -11.10 -10.60 -10.10 -11.20 -12.40 -12.60 -12.80 -12.50 -12.10 -11.70 -11.20 -10.00 -8.80 -9.90 -11.00 -10.80 -10.60 -9.20 -7.80 -6.70 -5.60 -5.50 -5.50 -5.80 -6.20 -6.20 -6.20 -6.00 -5.80 -5.40 -5.00 -4.50 -4.00 -4.40 -4.90 -5.20 -5.50 -5.60 -5.70 -5.10 -4.60 -4.30 -4.00 -5.20 -6.40 -6.50 -6.60 -7.80 -8.90 -9.60 -10.20 -9.20 -8.20 -6.00 -3.90 -3.50 -3.20 -5.20 -7.10 -6.20 -5.30 -4.80 -4.30 -4.70 -5.00 -4.80 -4.50 -4.60 -4.60 -5.00 -5.40 -5.30 -5.30 -5.20 -5.20 -5.00 -4.70 -4.10 -3.40 -3.60 -3.80 -4.00 -4.30 -4.40 -4.60 -4.60 -4.60 -4.50 -4.30 -5.10 -5.90 -6.20 -6.60 -7.20 -7.80 -7.00 -6.30 -5.00 -3.80 -3.70 -3.70 -3.60 -3.60 -3.50 -3.30 -3.70 -4.10 -4.00 -11.50 -11.90 -12.30 -12.00 -11.60 -11.00 -10.40 -11.50 -12.50 -11.90 -11.30 -12.20 -13.10 -13.00 -12.80 -12.20 -11.50 -12.10 -12.60 -11.80 -11.10 -11.30 -11.50 -11.50 -11.30 -9.80 -8.30 -7.40 -6.40 -6.40 -6.40 -6.40 -6.40 -6.20 -5.90 -5.80 -5.70 -5.40 -5.00 -4.60 -4.20 -5.20 -6.10 -6.30 -6.40 -6.10 -5.80 -5.70 -5.60 -5.20 -4.80 -5.50 -6.10 -6.90 -7.70 -8.80 -9.70 -9.40 -8.90 -8.80 -8.50 -7.20 -5.90 -5.30 -4.70 -5.80 -6.90 -6.60 -6.30 -5.80 -5.30 -5.30 -5.20 -5.10 -4.90 -5.10 -5.20 -5.60 -6.00 -5.80 -5.60 -5.70 -5.70 -5.60 -5.50 -5.20 -4.90 -4.90 -4.90 -4.90 -5.00 -4.80 -4.60 -4.70 -4.70 -4.90 -5.00 -5.50 -6.00 -6.30 -6.60 -6.90 -7.10 -6.70 -6.30 -5.10 -3.90 -3.70 -3.50 -3.60 -3.70 -3.70 -3.70 -3.90 -4.00 -4.00 -11.40 -12.20 -13.10 -12.40 -11.70 -10.70 -9.70 -11.80 -13.80 -13.20 -12.60 -13.20 -13.90 -13.40 -12.90 -12.00 -11.00 -12.50 -14.00 -13.70 -13.40 -12.70 -12.10 -12.10 -12.10 -10.50 -8.90 -8.00 -7.20 -7.20 -7.30 -7.00 -6.70 -6.20 -5.70 -5.70 -5.60 -5.40 -5.10 -4.80 -4.40 -5.90 -7.40 -7.30 -7.30 -6.60 -6.00 -6.30 -6.60 -6.10 -5.60 -5.70 -5.80 -7.40 -8.90 -9.70 -10.60 -9.20 -7.70 -8.30 -8.90 -8.40 -7.90 -7.00 -6.20 -6.50 -6.70 -7.10 -7.40 -6.90 -6.40 -5.90 -5.40 -5.40 -5.30 -5.60 -5.80 -6.20 -6.60 -6.30 -6.00 -6.10 -6.20 -6.30 -6.30 -6.40 -6.40 -6.20 -6.00 -5.90 -5.70 -5.20 -4.70 -4.80 -4.80 -5.30 -5.70 -6.00 -6.20 -6.40 -6.60 -6.50 -6.40 -6.30 -6.30 -5.10 -4.00 -3.60 -3.30 -3.50 -3.80 -4.00 -4.20 -4.10 -3.90 -4.00 -12.00 -12.90 -13.70 -12.60 -11.40 -11.60 -11.70 -12.30 -12.80 -13.00 -13.20 -13.10 -13.00 -13.40 -13.70 -12.90 -12.00 -12.60 -13.10 -13.30 -13.50 -12.80 -12.00 -12.20 -12.30 -11.40 -10.60 -9.60 -8.70 -8.50 -8.30 -7.70 -7.10 -6.70 -6.20 -6.30 -6.40 -6.30 -6.20 -5.90 -5.70 -7.10 -8.40 -8.50 -8.50 -7.90 -7.20 -7.30 -7.30 -7.20 -7.00 -7.20 -7.30 -8.40 -9.30 -9.90 -10.50 -9.30 -7.90 -8.10 -8.30 -8.40 -8.50 -8.00 -7.50 -7.10 -6.50 -6.70 -6.90 -6.70 -6.50 -6.10 -5.70 -5.90 -6.00 -6.50 -6.90 -7.00 -7.00 -6.80 -6.60 -6.60 -6.60 -6.90 -7.20 -7.10 -6.90 -6.70 -6.40 -6.70 -6.90 -6.30 -5.70 -5.30 -4.90 -5.30 -5.70 -6.20 -6.50 -6.80 -7.00 -7.10 -7.10 -6.80 -6.50 -5.60 -4.70 -4.40 -4.00 -4.00 -4.00 -3.70 -3.50 -3.70 -3.80 -3.90 -12.70 -13.50 -14.40 -12.80 -11.10 -12.50 -13.80 -12.80 -11.80 -12.80 -13.90 -13.00 -12.20 -13.40 -14.60 -13.80 -13.10 -12.70 -12.20 -13.00 -13.70 -12.80 -12.00 -12.30 -12.50 -12.40 -12.30 -11.20 -10.10 -9.70 -9.30 -8.40 -7.50 -7.20 -6.80 -7.00 -7.20 -7.20 -7.30 -7.10 -7.00 -8.20 -9.50 -9.70 -9.80 -9.10 -8.40 -8.20 -8.00 -8.30 -8.50 -8.70 -8.90 -9.30 -9.80 -10.10 -10.50 -9.40 -8.20 -8.00 -7.70 -8.40 -9.20 -9.10 -8.90 -7.60 -6.40 -6.40 -6.40 -6.50 -6.70 -6.40 -6.00 -6.40 -6.80 -7.40 -8.10 -7.80 -7.50 -7.40 -7.30 -7.20 -7.10 -7.60 -8.10 -7.80 -7.50 -7.10 -6.80 -7.50 -8.20 -7.40 -6.70 -5.80 -5.00 -5.40 -5.80 -6.40 -6.90 -7.20 -7.50 -7.70 -7.80 -7.30 -6.80 -6.10 -5.50 -5.10 -4.80 -4.50 -4.20 -3.50 -2.80 -3.30 -3.80 -3.80 -13.60 -13.40 -13.20 -11.40 -9.50 -11.60 -13.70 -12.70 -11.70 -12.30 -12.90 -12.90 -12.90 -13.00 -13.00 -12.80 -12.60 -12.70 -12.70 -12.90 -13.00 -12.30 -11.50 -12.00 -12.30 -12.50 -12.70 -11.80 -10.80 -10.20 -9.70 -9.00 -8.20 -8.00 -7.70 -8.10 -8.40 -8.40 -8.50 -8.60 -8.70 -9.40 -10.20 -10.70 -11.20 -10.40 -9.50 -9.10 -8.60 -8.70 -8.90 -9.00 -9.00 -9.20 -9.30 -10.00 -10.70 -9.40 -8.20 -8.20 -8.20 -8.90 -9.60 -9.20 -8.70 -7.70 -6.70 -6.70 -6.60 -6.50 -6.50 -6.40 -6.20 -6.70 -7.20 -7.60 -8.00 -8.10 -8.00 -7.90 -7.80 -7.70 -7.60 -8.10 -8.50 -8.40 -8.20 -8.00 -7.70 -8.20 -8.70 -8.20 -7.80 -6.80 -5.80 -5.80 -5.80 -6.00 -6.20 -6.50 -6.80 -7.30 -7.70 -7.60 -7.40 -7.00 -6.50 -5.90 -5.40 -5.30 -5.20 -4.20 -3.30 -3.40 -3.40 -3.60 -14.60 -13.30 -12.00 -10.00 -7.90 -10.80 -13.60 -12.60 -11.60 -11.80 -11.90 -12.70 -13.60 -12.50 -11.50 -11.80 -12.10 -12.70 -13.30 -12.80 -12.30 -11.70 -11.10 -11.60 -12.20 -12.70 -13.20 -12.30 -11.50 -10.80 -10.10 -9.60 -9.00 -8.90 -8.70 -9.20 -9.60 -9.60 -9.60 -10.00 -10.40 -10.60 -10.90 -11.80 -12.60 -11.60 -10.70 -10.00 -9.20 -9.20 -9.30 -9.20 -9.10 -9.00 -8.90 -9.80 -10.80 -9.50 -8.10 -8.40 -8.70 -9.30 -10.00 -9.30 -8.60 -7.80 -7.10 -7.00 -6.80 -6.50 -6.30 -6.40 -6.50 -7.10 -7.60 -7.80 -8.00 -8.30 -8.60 -8.40 -8.30 -8.20 -8.10 -8.60 -9.00 -9.00 -9.00 -8.80 -8.60 -8.90 -9.10 -9.00 -9.00 -7.80 -6.60 -6.30 -5.90 -5.70 -5.50 -5.90 -6.20 -6.90 -7.60 -7.80 -8.10 -7.80 -7.50 -6.70 -6.00 -6.10 -6.20 -5.00 -3.80 -3.40 -3.10 -3.50 -13.60 -12.40 -11.20 -9.90 -8.50 -11.10 -13.60 -13.30 -13.10 -12.90 -12.60 -12.90 -13.10 -12.80 -12.40 -12.50 -12.50 -12.80 -13.10 -12.80 -12.30 -12.00 -11.70 -11.70 -11.80 -12.00 -12.20 -11.90 -11.50 -10.90 -10.30 -10.00 -9.60 -9.40 -9.20 -9.20 -9.20 -9.30 -9.40 -10.10 -10.80 -11.10 -11.40 -12.40 -13.40 -12.40 -11.50 -11.00 -10.50 -10.30 -10.20 -10.30 -10.40 -10.10 -9.70 -10.20 -10.60 -10.20 -9.70 -9.60 -9.50 -9.70 -10.00 -9.70 -9.50 -8.50 -7.50 -7.60 -7.50 -7.70 -7.70 -7.10 -6.40 -6.90 -7.40 -7.60 -7.80 -8.30 -8.70 -8.80 -9.00 -9.00 -9.10 -9.40 -9.70 -9.60 -9.60 -9.60 -9.70 -9.60 -9.50 -9.60 -9.70 -9.00 -8.30 -7.80 -7.30 -6.80 -6.30 -6.30 -6.30 -7.10 -7.80 -7.90 -8.00 -8.00 -7.90 -7.20 -6.50 -6.60 -6.70 -5.80 -5.00 -4.70 -4.40 -4.60 -12.60 -11.40 -10.30 -9.80 -9.20 -11.40 -13.60 -14.10 -14.60 -14.00 -13.40 -13.00 -12.70 -13.00 -13.40 -13.20 -13.00 -13.00 -13.00 -12.70 -12.40 -12.30 -12.30 -11.80 -11.40 -11.40 -11.30 -11.40 -11.50 -11.00 -10.50 -10.40 -10.20 -10.00 -9.80 -9.30 -8.80 -9.00 -9.20 -10.30 -11.30 -11.60 -12.00 -13.10 -14.20 -13.30 -12.30 -12.10 -11.80 -11.40 -11.00 -11.40 -11.70 -11.10 -10.60 -10.50 -10.40 -10.90 -11.30 -10.80 -10.30 -10.10 -10.00 -10.20 -10.40 -9.20 -8.00 -8.20 -8.30 -8.80 -9.20 -7.80 -6.40 -6.80 -7.20 -7.40 -7.60 -8.30 -8.90 -9.30 -9.60 -9.80 -10.10 -10.20 -10.30 -10.30 -10.20 -10.50 -10.70 -10.20 -9.80 -10.10 -10.40 -10.20 -10.10 -9.40 -8.70 -7.90 -7.10 -6.70 -6.40 -7.20 -8.00 -8.00 -8.00 -8.20 -8.30 -7.60 -7.00 -7.10 -7.20 -6.70 -6.20 -5.90 -5.70 -5.80 -11.30 -10.80 -10.30 -10.30 -10.20 -11.70 -13.00 -13.50 -14.00 -14.10 -14.10 -13.40 -12.70 -12.60 -12.40 -12.50 -12.60 -12.50 -12.50 -12.30 -12.10 -12.70 -13.30 -12.50 -11.70 -11.50 -11.20 -11.60 -11.90 -11.80 -11.70 -11.20 -10.70 -10.50 -10.30 -9.90 -9.50 -9.80 -10.20 -11.20 -12.20 -12.60 -13.00 -13.30 -13.60 -13.00 -12.40 -12.30 -12.20 -11.50 -10.80 -10.80 -10.70 -11.10 -11.40 -10.80 -10.10 -10.90 -11.50 -10.90 -10.20 -10.10 -10.10 -10.40 -10.60 -9.80 -9.10 -8.60 -8.20 -9.20 -10.30 -9.10 -7.90 -7.90 -7.80 -8.10 -8.30 -8.90 -9.50 -9.90 -10.20 -10.40 -10.50 -10.40 -10.30 -10.50 -10.60 -10.80 -11.00 -10.80 -10.60 -10.80 -11.10 -10.70 -10.40 -9.90 -9.50 -8.50 -7.50 -7.20 -6.80 -7.50 -8.30 -8.50 -8.60 -8.60 -8.60 -8.00 -7.30 -6.90 -6.40 -6.10 -5.80 -5.90 -6.00 -6.30 -10.10 -10.20 -10.30 -10.80 -11.30 -11.90 -12.50 -13.00 -13.50 -14.20 -14.80 -13.70 -12.70 -12.10 -11.50 -11.90 -12.20 -12.10 -12.00 -11.90 -11.80 -13.10 -14.30 -13.10 -12.00 -11.60 -11.10 -11.70 -12.40 -12.60 -12.80 -12.00 -11.30 -11.10 -10.90 -10.50 -10.10 -10.60 -11.20 -12.20 -13.10 -13.50 -14.00 -13.50 -13.10 -12.80 -12.50 -12.60 -12.60 -11.60 -10.70 -10.30 -9.80 -11.00 -12.20 -11.00 -9.90 -10.90 -11.80 -10.90 -10.00 -10.10 -10.20 -10.50 -10.80 -10.50 -10.20 -9.10 -8.00 -9.70 -11.40 -10.40 -9.50 -9.00 -8.50 -8.70 -9.00 -9.60 -10.20 -10.60 -10.90 -10.90 -10.90 -10.60 -10.30 -10.70 -11.00 -11.20 -11.30 -11.30 -11.40 -11.60 -11.80 -11.20 -10.70 -10.50 -10.30 -9.20 -8.00 -7.60 -7.20 -7.90 -8.60 -8.90 -9.20 -9.10 -8.90 -8.30 -7.70 -6.60 -5.60 -5.50 -5.50 -5.90 -6.30 -6.80 </TempDataArray>
    </BinaryData>
    <End xmlns="" EndString="7777"/>
</gribObject>
