<?xml version="1.0" encoding="UTF-8" standalone="yes"?>
<gribObject xmlns:xsi="http://www.w3.org/2001/XMLSchema-instance" xmlns:xsd="http://www.w3.org/2001/XMLSchema" xmlns="http://c4i.mlt/ICDU/schema" ForecastTime="2025-09-26T12:00:00.000Z" RunTime="2025-09-26T12:00:00.000Z" ParameterName="Relative humidity" FileName="newsingapore">
    <Indicator xmlns="" GribHeader="GRIB" NumOfOctets="21" GribType="2"/>
    <ProductDefinition xmlns="" NumOfOctets="4" ParamTableVersion="2" OrigCenter="7" ProcessID="81" GridID="36" GDS_BDS_Flag="128" ParamAndUnits="157" LevelType="0" Level="300" ReferenceTime="26" Month="9" Day="26" Hour="12" Minute="0" ForecastTimeUnits="1" PeriodOfTime1="12" PeriodOfTime2="0" TimeRangeIndicator="1" NumInAverage="20" NumMissingAverage="0" CenturyOfReference="21" SubcenterID="0" DecimalScaleFactor="1" Reserved1="0" Lat1="-11000" Lon1="91000" Lat2="-9500" Lon2="105375" Di="125" Dj="125"/>
    <GridDescription xmlns="" NumOfOctets="72" NV="0" PV="255" DataRepresentationType="0">
        <LatLonProjection Ni="116" Nj="13" Flags="128" ScanFlags="64" Reserved="0"/>
    </GridDescription>
    <BinaryData xmlns="" NumOfOctets="6032" FlagsAndUnused="12" BinaryScaleFactor="0" ReferenceValue="98.000000" DatumPacked="1508" OptionalFlags="0">
        <TempDataArray>13.80 12.70 11.50 11.40 11.20 11.10 11.00 10.40 9.80 10.20 10.50 11.40 12.30 13.50 14.70 14.40 14.00 14.30 14.60 15.20 15.70 15.90 16.00 16.20 16.40 16.50 16.60 16.40 16.10 16.20 16.20 15.90 15.60 15.80 16.00 14.50 13.00 12.00 11.00 12.00 12.90 12.50 12.10 14.10 16.00 16.70 17.30 17.10 16.80 16.10 15.40 14.80 14.10 14.20 14.30 14.30 14.20 14.10 13.90 14.80 15.70 14.80 13.90 13.50 13.10 13.90 14.70 14.10 13.50 12.30 11.10 12.10 13.00 14.30 15.60 14.80 13.90 14.60 15.20 16.40 17.60 16.40 15.10 18.00 20.90 21.20 21.50 19.80 18.10 17.50 16.90 17.30 17.80 17.80 17.90 19.00 20.00 20.20 20.40 20.00 19.50 18.90 18.20 17.90 17.60 15.90 14.20 12.80 11.30 11.00 10.60 10.50 10.30 12.20 14.00 19.00 14.00 13.40 12.90 12.50 12.10 12.60 13.00 12.20 11.40 11.50 11.60 12.20 12.90 14.00 15.10 15.00 14.90 15.00 15.20 15.60 16.10 16.30 16.60 17.00 17.40 17.20 16.90 16.70 16.50 16.60 16.80 16.50 16.30 16.10 15.90 14.50 13.10 12.90 12.80 13.50 14.30 13.80 13.30 15.00 16.80 17.20 17.60 17.30 17.10 16.40 15.60 15.10 14.70 14.50 14.40 14.50 14.70 14.60 14.50 15.30 16.10 15.30 14.40 13.70 12.90 13.90 14.90 14.00 13.10 12.50 11.90 14.00 16.00 16.10 16.10 15.90 15.70 16.60 17.50 18.30 19.20 18.80 18.40 20.20 22.10 22.00 22.00 20.60 19.30 18.50 17.80 18.50 19.20 19.40 19.70 20.60 21.50 21.80 22.00 21.30 20.60 19.40 18.20 17.80 17.30 15.70 14.20 12.80 11.50 11.10 10.70 10.70 10.80 14.80 18.90 20.50 14.10 14.20 14.30 13.70 13.00 14.00 15.00 14.00 12.90 12.80 12.70 13.10 13.40 14.40 15.40 15.60 15.70 15.80 15.80 16.10 16.40 16.80 17.10 17.80 18.40 17.80 17.20 17.00 16.80 17.10 17.30 17.20 17.00 16.40 15.70 14.50 13.20 13.90 14.50 15.10 15.70 15.10 14.40 16.00 17.50 17.70 17.90 17.70 17.40 16.60 15.80 15.50 15.20 14.80 14.40 14.80 15.20 15.20 15.10 15.80 16.50 15.70 14.90 13.80 12.70 13.90 15.10 13.90 12.70 12.70 12.70 15.90 19.00 17.80 16.60 17.00 17.40 18.60 19.80 20.30 20.70 21.20 21.60 22.40 23.20 22.90 22.50 21.50 20.40 19.60 18.70 19.60 20.50 21.00 21.40 22.20 23.00 23.30 23.60 22.60 21.60 19.90 18.20 17.60 17.00 15.60 14.10 12.90 11.60 11.20 10.70 11.00 11.20 17.50 23.80 22.00 14.60 14.80 15.00 14.60 14.20 15.00 15.80 14.90 14.00 13.50 13.10 13.40 13.80 14.90 16.00 16.30 16.60 16.60 16.60 16.70 16.70 17.40 18.10 18.80 19.50 19.10 18.70 18.10 17.60 17.70 17.80 17.70 17.60 17.40 17.30 16.60 15.80 16.20 16.70 17.20 17.70 17.50 17.30 18.20 19.20 19.40 19.70 18.50 17.30 16.30 15.30 15.20 15.10 14.70 14.30 15.20 16.10 16.10 16.20 16.30 16.50 15.80 15.20 14.00 12.90 13.60 14.40 14.30 14.20 15.00 15.80 18.40 21.10 19.90 18.80 19.20 19.60 20.30 21.10 21.50 21.90 22.40 23.00 23.30 23.70 23.30 23.00 21.90 20.80 20.00 19.30 19.80 20.40 21.30 22.30 23.80 25.30 25.50 25.80 24.20 22.60 20.50 18.40 17.40 16.40 14.90 13.40 12.50 11.60 12.20 12.70 16.10 19.40 22.30 25.10 24.10 15.00 15.30 15.60 15.50 15.30 16.00 16.60 15.80 15.00 14.20 13.40 13.80 14.10 15.40 16.60 17.00 17.40 17.40 17.40 17.20 17.00 18.00 19.00 19.80 20.60 20.40 20.10 19.30 18.40 18.30 18.30 18.20 18.10 18.50 18.90 18.70 18.40 18.60 18.80 19.30 19.70 20.00 20.20 20.50 20.80 21.10 21.40 19.30 17.30 16.10 14.80 14.90 14.90 14.60 14.20 15.60 16.90 17.10 17.20 16.80 16.40 15.90 15.40 14.30 13.10 13.40 13.60 14.60 15.60 17.20 18.80 21.00 23.10 22.00 20.90 21.30 21.80 22.10 22.30 22.70 23.00 23.70 24.30 24.20 24.10 23.80 23.50 22.40 21.20 20.50 19.80 20.00 20.20 21.70 23.20 25.40 27.50 27.70 27.90 25.80 23.60 21.10 18.60 17.20 15.80 14.30 12.70 12.20 11.60 13.20 14.70 21.20 27.60 27.00 26.40 26.10 16.30 16.50 16.80 16.60 16.50 16.40 16.40 15.80 15.30 14.60 13.90 14.30 14.70 15.90 17.10 18.00 19.00 18.90 18.80 18.30 17.80 18.50 19.30 20.50 21.60 21.50 21.40 20.60 19.80 19.40 19.10 18.80 18.50 19.70 20.80 20.80 20.80 20.20 19.60 20.30 20.90 21.50 22.10 22.50 23.00 23.00 23.00 20.50 18.00 16.20 14.50 14.40 14.20 14.40 14.60 16.40 18.30 18.50 18.80 17.50 16.30 15.80 15.40 14.50 13.60 14.30 15.00 16.50 18.00 18.70 19.50 21.30 23.10 22.70 22.30 22.80 23.20 23.30 23.50 23.80 24.10 24.30 24.60 24.50 24.30 24.00 23.80 22.60 21.50 20.90 20.30 20.50 20.70 22.60 24.50 26.80 29.20 28.80 28.40 25.90 23.30 20.90 18.40 17.20 16.00 14.80 13.60 15.00 16.40 21.60 26.90 30.00 33.20 30.30 27.40 27.60 17.50 17.80 18.00 17.80 17.60 16.90 16.10 15.80 15.50 15.00 14.40 14.80 15.20 16.40 17.50 19.00 20.50 20.40 20.20 19.40 18.50 19.10 19.60 21.10 22.60 22.60 22.60 22.00 21.30 20.60 19.80 19.30 18.90 20.80 22.80 23.00 23.10 21.80 20.40 21.30 22.10 23.00 23.90 24.60 25.20 24.90 24.60 21.60 18.60 16.40 14.20 13.90 13.50 14.20 14.90 17.30 19.60 20.00 20.40 18.30 16.10 15.70 15.30 14.70 14.10 15.30 16.40 18.30 20.30 20.30 20.20 21.70 23.10 23.50 23.80 24.20 24.60 24.60 24.60 24.90 25.10 25.00 24.90 24.70 24.50 24.30 24.00 22.90 21.70 21.20 20.70 20.90 21.10 23.50 25.80 28.30 30.80 29.90 28.90 26.00 23.00 20.60 18.20 17.20 16.20 15.40 14.50 17.90 21.20 30.10 39.00 38.90 38.80 33.60 28.30 29.00 20.50 20.60 20.80 19.80 18.80 17.70 16.60 16.10 15.50 15.10 14.80 15.40 16.10 17.40 18.70 20.00 21.30 20.70 20.20 19.50 18.80 19.30 19.80 21.20 22.50 22.80 23.10 22.80 22.50 22.10 21.70 21.70 21.80 23.30 24.80 23.60 22.40 22.00 21.70 22.60 23.50 23.90 24.30 24.30 24.30 23.70 23.10 20.40 17.70 16.30 14.90 15.10 15.30 15.60 15.90 18.50 21.20 21.40 21.70 19.30 16.90 16.30 15.70 15.60 15.50 16.90 18.30 19.30 20.40 20.00 19.70 21.50 23.30 23.90 24.50 24.90 25.30 25.40 25.40 25.80 26.10 26.00 26.00 25.30 24.60 24.30 24.00 23.20 22.50 22.20 21.90 22.70 23.50 25.70 27.90 29.30 30.70 29.80 28.90 26.00 23.10 21.00 18.90 18.40 18.00 18.80 19.60 23.20 26.90 31.80 36.80 36.30 35.90 30.10 24.30 25.00 23.40 23.50 23.60 21.80 19.90 18.50 17.10 16.30 15.50 15.30 15.10 16.10 17.00 18.40 19.80 20.90 22.00 21.10 20.20 19.60 19.00 19.50 20.00 21.20 22.40 23.00 23.60 23.60 23.60 23.60 23.60 24.10 24.60 25.70 26.80 24.30 21.70 22.30 22.90 23.90 24.90 24.80 24.80 24.10 23.30 22.40 21.50 19.20 16.80 16.20 15.50 16.30 17.10 17.00 16.90 19.80 22.70 22.80 22.90 20.30 17.70 16.90 16.10 16.50 16.80 18.50 20.10 20.30 20.50 19.80 19.10 21.30 23.40 24.30 25.10 25.60 26.00 26.10 26.20 26.70 27.10 27.10 27.00 25.90 24.70 24.30 23.90 23.60 23.30 23.20 23.00 24.40 25.80 27.90 29.90 30.30 30.60 29.80 28.90 26.10 23.20 21.40 19.50 19.60 19.70 22.20 24.60 28.60 32.50 33.60 34.60 33.80 32.90 26.60 20.30 21.00 26.80 27.60 28.50 25.80 23.00 21.20 19.50 18.00 16.50 16.40 16.30 17.10 17.90 19.10 20.30 20.70 21.20 20.70 20.30 20.20 20.10 20.20 20.30 21.10 21.90 22.90 23.90 24.10 24.40 24.70 24.90 25.90 27.00 27.00 27.00 25.10 23.20 23.80 24.50 25.30 26.20 26.00 25.80 24.70 23.60 22.60 21.50 19.50 17.50 17.50 17.50 18.10 18.80 18.70 18.60 20.70 22.80 23.70 24.60 22.60 20.60 19.20 17.70 17.80 17.80 19.50 21.20 21.70 22.30 22.60 22.90 24.20 25.50 25.70 25.90 26.30 26.70 26.60 26.60 27.10 27.70 27.50 27.30 26.50 25.80 25.00 24.30 23.90 23.50 23.60 23.80 25.60 27.50 28.60 29.80 30.40 30.90 30.10 29.30 26.50 23.70 21.90 20.20 20.60 21.10 24.80 28.60 30.30 32.10 33.00 33.90 33.00 32.10 26.80 21.50 21.60 30.10 31.80 33.40 29.80 26.10 24.00 21.80 19.60 17.40 17.50 17.50 18.20 18.80 19.80 20.70 20.50 20.30 20.30 20.30 20.70 21.10 20.90 20.60 21.00 21.40 22.80 24.10 24.70 25.20 25.70 26.20 27.80 29.30 28.30 27.20 25.90 24.60 25.30 26.00 26.80 27.50 27.20 26.80 25.30 23.90 22.70 21.50 19.90 18.20 18.80 19.40 20.00 20.50 20.40 20.30 21.60 22.80 24.60 26.30 24.90 23.50 21.40 19.30 19.10 18.90 20.60 22.30 23.20 24.00 25.40 26.70 27.10 27.50 27.10 26.70 27.00 27.30 27.10 26.90 27.60 28.20 27.90 27.60 27.20 26.80 25.80 24.70 24.20 23.60 24.10 24.60 26.90 29.10 29.40 29.70 30.50 31.20 30.50 29.70 27.00 24.20 22.50 20.80 21.70 22.50 27.50 32.50 32.10 31.60 32.40 33.20 32.30 31.30 27.00 22.60 22.20 26.10 28.70 31.40 28.60 25.80 24.00 22.30 20.50 18.70 18.60 18.40 18.80 19.30 19.90 20.50 20.50 20.60 20.60 20.70 21.00 21.20 21.10 20.90 21.60 22.30 23.60 24.90 25.60 26.30 27.10 28.00 28.80 29.70 28.80 27.80 27.50 27.10 28.30 29.50 29.70 29.90 29.40 28.90 28.00 27.10 25.30 23.50 21.80 20.10 20.40 20.70 21.10 21.50 21.60 21.60 22.60 23.60 25.40 27.20 26.70 26.10 24.10 22.10 21.60 21.10 22.30 23.60 24.10 24.70 25.90 27.20 27.70 28.20 27.80 27.50 27.60 27.70 27.70 27.70 28.00 28.40 28.20 28.00 27.50 27.00 26.10 25.30 24.80 24.40 24.90 25.40 27.40 29.50 29.70 29.90 30.30 30.80 30.20 29.60 27.60 25.60 24.00 22.50 23.80 25.20 30.50 35.80 36.30 36.80 35.60 34.50 31.40 28.40 25.60 22.80 22.60 22.00 25.70 29.30 27.40 25.50 24.10 22.70 21.40 20.00 19.70 19.30 19.60 19.80 20.10 20.30 20.60 20.80 21.00 21.10 21.20 21.30 21.30 21.20 22.20 23.20 24.40 25.60 26.50 27.40 28.60 29.70 29.90 30.10 29.30 28.40 29.00 29.60 31.30 33.00 32.70 32.30 31.60 30.90 30.60 30.30 27.90 25.40 23.70 21.90 22.00 22.00 22.30 22.50 22.70 22.90 23.60 24.30 26.20 28.10 28.40 28.70 26.80 24.90 24.10 23.30 24.10 24.90 25.10 25.30 26.50 27.60 28.20 28.80 28.60 28.30 28.20 28.10 28.30 28.40 28.50 28.60 28.50 28.30 27.70 27.10 26.50 25.80 25.50 25.10 25.60 26.10 28.00 29.80 29.90 30.00 30.20 30.40 29.90 29.40 28.20 26.90 25.60 24.20 26.00 27.80 33.40 39.10 40.50 41.90 38.80 35.70 30.60 25.40 24.20 23.00 23.00 </TempDataArray>
    </BinaryData>
    <End xmlns="" EndString="7777"/>
</gribObject>
