<?xml version="1.0" encoding="UTF-8" standalone="yes"?>
<gribObject xmlns:xsi="http://www.w3.org/2001/XMLSchema-instance" xmlns:xsd="http://www.w3.org/2001/XMLSchema" xmlns="http://c4i.mlt/ICDU/schema" ForecastTime="2025-09-26T12:00:00.000Z" RunTime="2025-09-26T12:00:00.000Z" ParameterName="Relative humidity" FileName="newsingapore">
    <Indicator xmlns="" GribHeader="GRIB" NumOfOctets="21" GribType="2"/>
    <ProductDefinition xmlns="" NumOfOctets="4" ParamTableVersion="2" OrigCenter="7" ProcessID="81" GridID="36" GDS_BDS_Flag="128" ParamAndUnits="157" LevelType="0" Level="100" ReferenceTime="26" Month="9" Day="26" Hour="12" Minute="0" ForecastTimeUnits="1" PeriodOfTime1="12" PeriodOfTime2="0" TimeRangeIndicator="1" NumInAverage="79" NumMissingAverage="0" CenturyOfReference="21" SubcenterID="0" DecimalScaleFactor="1" Reserved1="0" Lat1="-11000" Lon1="91000" Lat2="-9500" Lon2="105375" Di="125" Dj="125"/>
    <GridDescription xmlns="" NumOfOctets="72" NV="0" PV="255" DataRepresentationType="0">
        <LatLonProjection Ni="116" Nj="13" Flags="128" ScanFlags="64" Reserved="0"/>
    </GridDescription>
    <BinaryData xmlns="" NumOfOctets="6032" FlagsAndUnused="12" BinaryScaleFactor="0" ReferenceValue="554.000000" DatumPacked="1508" OptionalFlags="0">
        <TempDataArray>73.70 72.60 71.50 69.50 67.50 67.00 66.50 68.00 69.40 71.40 73.40 74.40 75.40 74.30 73.20 71.00 68.70 70.50 72.30 73.90 75.40 74.80 74.10 71.00 67.90 68.10 68.20 70.90 73.50 74.80 76.10 76.60 77.20 77.80 78.30 77.70 77.10 74.30 71.40 71.00 70.60 71.40 72.10 73.10 74.00 75.10 76.10 75.80 75.50 72.70 69.90 69.20 68.40 69.00 69.50 70.50 71.40 72.90 74.30 78.30 82.30 84.80 87.20 86.10 85.10 84.40 83.70 83.60 83.50 84.30 85.10 85.50 85.90 86.60 87.20 89.20 91.20 92.60 94.00 95.90 97.80 98.20 98.60 99.10 99.70 99.50 99.20 97.60 96.00 92.90 89.80 88.90 88.00 87.90 87.80 87.20 86.50 87.00 87.50 87.60 87.70 90.00 92.20 93.90 95.50 95.10 94.70 94.40 94.00 93.40 92.70 90.10 87.40 84.20 81.00 78.80 71.30 70.90 70.60 68.50 66.50 65.60 64.80 66.70 68.70 70.40 72.10 72.80 73.50 72.40 71.40 69.20 67.10 68.40 69.80 70.00 70.20 69.20 68.20 66.50 64.80 65.30 65.90 68.60 71.40 73.50 75.60 76.10 76.60 76.40 76.20 75.50 74.80 73.30 71.80 71.60 71.40 72.30 73.10 73.50 73.90 73.80 73.80 73.70 73.70 72.70 71.70 71.40 71.10 71.50 71.90 72.70 73.40 73.50 73.60 76.40 79.30 81.00 82.80 81.20 79.60 80.40 81.20 82.80 84.30 85.00 85.60 85.20 84.90 85.60 86.40 88.50 90.60 92.00 93.30 95.00 96.60 96.50 96.40 96.10 95.80 95.30 94.70 92.90 91.00 88.70 86.40 86.40 86.50 86.70 86.90 86.50 86.10 86.70 87.30 87.80 88.30 89.90 91.40 93.00 94.50 95.00 95.40 95.10 94.80 94.30 93.80 90.40 87.00 83.40 79.80 77.90 68.80 69.30 69.70 67.60 65.40 64.30 63.10 65.50 67.90 69.30 70.70 71.10 71.50 70.50 69.50 67.50 65.50 66.40 67.20 66.10 64.90 63.60 62.20 61.90 61.60 62.60 63.50 66.40 69.20 72.10 75.10 75.60 76.10 75.10 74.10 73.30 72.40 72.30 72.10 72.10 72.20 73.10 74.10 74.00 73.80 72.60 71.40 71.60 71.80 72.60 73.40 73.60 73.80 74.10 74.30 74.90 75.40 74.20 72.90 74.60 76.20 77.30 78.40 76.30 74.10 76.40 78.70 81.90 85.10 85.60 86.10 85.00 83.80 84.70 85.60 87.90 90.10 91.40 92.60 94.00 95.40 94.80 94.20 93.10 91.90 91.10 90.20 88.10 86.00 84.50 83.00 84.00 84.90 85.40 85.90 85.80 85.70 86.40 87.10 88.00 88.90 89.80 90.60 92.10 93.50 94.80 96.10 95.80 95.50 95.20 94.80 90.70 86.50 82.60 78.60 77.10 65.00 65.30 65.60 64.40 63.20 62.40 61.70 63.50 65.30 67.00 68.80 68.40 68.10 67.40 66.80 65.50 64.30 63.70 63.20 62.40 61.60 61.70 61.90 62.80 63.80 64.80 65.90 67.40 69.00 70.90 72.80 73.50 74.20 74.00 73.70 73.20 72.70 73.40 74.10 73.70 73.30 72.40 71.50 70.90 70.30 70.40 70.60 71.00 71.50 73.00 74.50 76.00 77.50 77.90 78.40 77.50 76.50 74.30 72.10 73.20 74.40 75.80 77.20 76.50 75.80 79.20 82.60 84.30 86.10 84.50 83.00 82.80 82.60 85.30 88.00 90.10 92.30 92.20 92.10 92.60 93.10 92.70 92.40 90.60 88.80 87.40 86.00 84.60 83.20 82.20 81.30 82.20 83.20 84.00 84.90 85.50 86.10 86.60 87.00 87.30 87.70 88.30 89.00 90.30 91.60 92.60 93.60 93.10 92.60 92.30 92.10 88.20 84.40 81.20 78.00 76.50 61.10 61.30 61.40 61.20 61.00 60.60 60.20 61.50 62.70 64.80 66.80 65.70 64.60 64.30 64.00 63.50 63.00 61.10 59.20 58.80 58.30 59.90 61.50 63.70 65.90 67.10 68.30 68.50 68.70 69.60 70.50 71.40 72.30 72.80 73.30 73.10 72.90 74.50 76.00 75.20 74.30 71.60 68.80 67.80 66.70 68.20 69.70 70.40 71.10 73.40 75.60 78.40 81.10 81.80 82.50 80.10 77.60 74.40 71.20 71.90 72.60 74.30 75.90 76.70 77.40 81.90 86.40 86.70 87.00 83.50 79.90 80.60 81.30 85.90 90.40 92.40 94.40 93.10 91.70 91.20 90.70 90.60 90.50 88.10 85.70 83.70 81.70 81.00 80.30 80.00 79.60 80.50 81.40 82.70 83.90 85.30 86.60 86.70 86.80 86.60 86.40 86.90 87.40 88.50 89.60 90.30 91.00 90.40 89.70 89.50 89.30 85.80 82.30 79.80 77.30 75.80 61.40 61.90 62.50 62.50 62.60 63.70 64.80 64.60 64.40 65.50 66.70 67.00 67.40 67.60 67.90 67.80 67.70 64.70 61.70 60.50 59.40 60.60 61.80 62.80 63.70 64.00 64.30 65.00 65.60 66.70 67.70 69.10 70.60 71.10 71.70 70.60 69.60 70.20 70.90 71.80 72.80 71.70 70.60 70.00 69.50 70.20 70.90 72.10 73.20 75.50 77.90 79.70 81.50 81.80 82.20 80.40 78.60 76.90 75.20 75.70 76.30 77.50 78.70 79.50 80.40 84.60 88.80 89.70 90.60 86.30 82.10 82.00 82.00 85.00 88.00 90.10 92.30 91.90 91.60 92.10 92.70 93.30 93.80 91.50 89.30 85.60 81.90 80.80 79.60 79.30 79.10 79.80 80.60 81.50 82.50 84.20 85.90 86.50 87.10 86.60 86.20 86.10 86.10 86.30 86.50 86.60 86.60 86.80 87.00 87.30 87.60 84.80 82.10 79.40 76.70 75.40 61.60 62.60 63.60 63.90 64.10 66.80 69.40 67.80 66.10 66.30 66.50 68.30 70.10 70.90 71.70 72.10 72.40 68.30 64.10 62.30 60.50 61.30 62.10 61.80 61.50 60.90 60.30 61.40 62.50 63.70 64.90 66.90 68.80 69.40 70.00 68.20 66.30 66.00 65.70 68.50 71.20 71.80 72.30 72.30 72.30 72.20 72.10 73.70 75.30 77.70 80.10 81.00 81.80 81.80 81.80 80.70 79.60 79.40 79.20 79.60 79.90 80.70 81.50 82.40 83.30 87.20 91.10 92.60 94.20 89.20 84.20 83.50 82.70 84.10 85.50 87.80 90.10 90.80 91.40 93.10 94.70 95.90 97.10 95.00 92.80 87.50 82.10 80.50 78.90 78.70 78.50 79.20 79.80 80.40 81.00 83.10 85.10 86.30 87.40 86.70 85.90 85.30 84.70 84.10 83.40 82.80 82.20 83.30 84.30 85.10 85.80 83.90 81.90 79.00 76.00 75.00 65.10 66.90 68.60 67.50 66.50 67.90 69.40 69.20 69.10 67.40 65.70 66.00 66.30 67.10 68.00 68.60 69.20 67.70 66.30 65.90 65.50 65.90 66.40 66.10 65.80 64.00 62.10 63.40 64.70 66.30 68.00 70.30 72.50 73.40 74.40 72.50 70.70 69.70 68.70 70.10 71.50 72.20 72.90 73.00 73.10 73.70 74.30 76.10 77.90 79.50 81.00 81.20 81.50 82.70 83.90 84.60 85.40 85.50 85.60 85.60 85.70 86.90 88.10 88.50 89.00 89.40 89.80 91.30 92.90 90.70 88.60 88.30 88.10 88.80 89.60 90.90 92.20 93.30 94.40 94.90 95.40 96.00 96.60 95.60 94.60 90.00 85.40 84.10 82.80 83.10 83.50 84.30 85.00 85.00 84.90 86.40 87.80 88.80 89.80 87.80 85.80 84.50 83.30 82.90 82.50 82.40 82.40 82.90 83.40 83.10 82.80 81.70 80.70 78.80 76.90 76.60 68.70 71.10 73.50 71.20 68.80 69.10 69.30 70.70 72.10 68.50 64.80 63.60 62.40 63.30 64.20 65.10 65.90 67.20 68.50 69.50 70.40 70.60 70.70 70.40 70.10 67.00 63.90 65.40 66.80 69.00 71.10 73.60 76.20 77.50 78.70 76.90 75.10 73.40 71.70 71.80 71.80 72.70 73.50 73.70 73.80 75.20 76.50 78.50 80.50 81.20 81.90 81.50 81.10 83.50 85.90 88.50 91.10 91.50 91.90 91.70 91.50 93.10 94.70 94.60 94.60 91.50 88.40 90.00 91.50 92.30 93.00 93.20 93.40 93.60 93.70 94.00 94.30 95.90 97.40 96.80 96.10 96.10 96.10 96.20 96.30 92.50 88.70 87.60 86.60 87.60 88.50 89.40 90.20 89.50 88.80 89.70 90.50 91.40 92.20 89.00 85.70 83.80 81.80 81.70 81.50 82.10 82.60 82.60 82.50 81.20 79.80 79.60 79.40 78.60 77.80 78.20 66.50 69.80 73.00 72.30 71.50 69.20 67.00 68.40 69.90 68.00 66.10 64.90 63.80 63.00 62.20 63.10 64.00 65.40 66.90 67.60 68.30 68.20 68.20 68.50 68.70 67.50 66.30 67.40 68.60 69.50 70.50 72.60 74.60 77.10 79.50 78.00 76.50 74.60 72.70 72.20 71.70 71.20 70.70 71.50 72.30 74.20 76.00 77.80 79.60 79.50 79.40 78.90 78.40 81.20 84.00 86.10 88.20 88.80 89.30 90.30 91.30 93.20 95.10 95.60 96.10 93.30 90.60 90.80 91.00 91.90 92.80 92.60 92.40 92.70 93.10 93.10 93.20 94.10 95.00 95.50 96.00 96.30 96.60 96.40 96.30 94.60 93.00 92.30 91.70 92.20 92.60 93.60 94.50 94.30 94.10 93.50 93.00 92.70 92.40 89.80 87.30 85.90 84.60 84.40 84.30 84.50 84.80 84.00 83.20 81.80 80.50 80.40 80.40 80.00 79.60 80.00 64.30 68.40 72.50 73.40 74.20 69.40 64.60 66.10 67.70 67.50 67.30 66.30 65.20 62.70 60.20 61.20 62.10 63.70 65.20 65.60 66.10 65.90 65.70 66.50 67.30 68.00 68.60 69.50 70.30 70.10 69.90 71.50 73.10 76.70 80.30 79.10 77.80 75.80 73.70 72.60 71.50 69.70 67.90 69.40 70.80 73.20 75.50 77.10 78.60 77.80 76.90 76.30 75.70 78.90 82.00 83.70 85.30 86.00 86.70 88.90 91.00 93.30 95.60 96.60 97.50 95.20 92.80 91.60 90.40 91.50 92.60 92.00 91.40 91.90 92.40 92.20 92.00 92.30 92.60 94.20 95.80 96.40 97.00 96.60 96.20 96.70 97.20 97.00 96.80 96.80 96.70 97.80 98.80 99.10 99.30 97.40 95.40 94.00 92.50 90.70 88.80 88.10 87.30 87.20 87.00 87.00 86.90 85.40 83.80 82.50 81.20 81.30 81.30 81.30 81.30 81.80 62.60 63.30 64.00 66.50 69.10 67.30 65.50 65.60 65.70 65.80 65.90 66.40 66.90 64.40 61.90 62.60 63.20 65.50 67.80 68.50 69.30 68.50 67.70 68.40 69.10 70.20 71.40 72.30 73.30 72.50 71.60 72.10 72.60 74.50 76.50 75.40 74.40 73.20 72.00 71.50 71.00 68.90 66.80 67.70 68.60 71.30 74.10 76.00 77.90 77.70 77.60 77.80 78.00 81.10 84.30 87.30 90.20 90.70 91.10 91.90 92.70 93.70 94.70 96.20 97.70 95.70 93.60 91.50 89.40 90.10 90.90 90.20 89.60 90.00 90.50 90.60 90.60 91.20 91.80 93.90 96.00 96.30 96.60 96.60 96.60 97.50 98.40 98.40 98.40 98.40 98.40 98.90 99.40 99.50 99.70 98.70 97.70 96.80 96.00 94.30 92.60 91.20 89.90 89.00 88.10 88.50 88.90 87.70 86.60 85.30 84.10 84.40 84.80 84.50 84.10 84.30 60.80 58.10 55.40 59.70 64.00 65.20 66.40 65.10 63.70 64.10 64.50 66.50 68.50 66.10 63.60 64.00 64.30 67.40 70.40 71.40 72.40 71.10 69.70 70.30 70.90 72.50 74.10 75.20 76.30 74.80 73.30 72.70 72.10 72.40 72.60 71.80 70.90 70.60 70.20 70.40 70.50 68.10 65.60 66.00 66.40 69.50 72.60 74.90 77.10 77.70 78.30 79.30 80.20 83.40 86.60 90.90 95.10 95.40 95.60 95.00 94.40 94.10 93.80 95.90 97.90 96.20 94.40 91.40 88.30 88.70 89.10 88.40 87.70 88.10 88.60 88.90 89.20 90.10 90.90 93.50 96.10 96.10 96.20 96.60 97.10 98.40 99.60 99.80 100.00 100.00 100.00 100.00 100.00 100.00 100.00 100.00 99.90 99.70 99.50 98.00 96.40 94.40 92.40 90.80 89.20 90.00 90.80 90.10 89.30 88.10 86.90 87.60 88.30 87.60 86.90 86.80 </TempDataArray>
    </BinaryData>
    <End xmlns="" EndString="7777"/>
</gribObject>
