<?xml version="1.0" encoding="UTF-8" standalone="yes"?>
<gribObject xmlns:xsi="http://www.w3.org/2001/XMLSchema-instance" xmlns:xsd="http://www.w3.org/2001/XMLSchema" xmlns="http://c4i.mlt/ICDU/schema" ForecastTime="2025-09-26T12:00:00.000Z" RunTime="2025-09-26T12:00:00.000Z" ParameterName="Relative humidity" FileName="newsingapore">
    <Indicator xmlns="" GribHeader="GRIB" NumOfOctets="21" GribType="2"/>
    <ProductDefinition xmlns="" NumOfOctets="4" ParamTableVersion="2" OrigCenter="7" ProcessID="81" GridID="36" GDS_BDS_Flag="128" ParamAndUnits="157" LevelType="0" Level="200" ReferenceTime="26" Month="9" Day="26" Hour="12" Minute="0" ForecastTimeUnits="1" PeriodOfTime1="12" PeriodOfTime2="0" TimeRangeIndicator="1" NumInAverage="41" NumMissingAverage="0" CenturyOfReference="21" SubcenterID="0" DecimalScaleFactor="1" Reserved1="0" Lat1="-11000" Lon1="91000" Lat2="-9500" Lon2="105375" Di="125" Dj="125"/>
    <GridDescription xmlns="" NumOfOctets="72" NV="0" PV="255" DataRepresentationType="0">
        <LatLonProjection Ni="116" Nj="13" Flags="128" ScanFlags="64" Reserved="0"/>
    </GridDescription>
    <BinaryData xmlns="" NumOfOctets="6032" FlagsAndUnused="12" BinaryScaleFactor="0" ReferenceValue="272.000000" DatumPacked="1508" OptionalFlags="0">
        <TempDataArray>51.30 49.90 48.50 47.00 45.40 42.60 39.80 39.10 38.30 39.30 40.20 40.90 41.50 40.30 39.00 36.50 34.00 34.80 35.50 36.30 37.10 38.60 40.10 40.70 41.20 40.20 39.10 37.70 36.30 39.50 42.70 42.50 42.20 41.10 40.00 39.70 39.40 42.10 44.70 44.50 44.30 40.60 36.80 37.40 38.00 37.50 37.00 37.60 38.10 37.90 37.60 38.80 40.00 39.20 38.40 37.60 36.80 36.90 36.90 36.40 35.90 35.40 34.90 33.50 32.00 33.70 35.30 34.50 33.70 31.70 29.60 30.00 30.40 30.20 29.90 30.50 31.10 33.60 36.10 36.20 36.20 36.30 36.40 36.70 37.00 35.30 33.50 33.60 33.70 35.20 36.70 39.90 43.00 46.70 50.30 56.10 61.80 64.50 67.20 66.10 65.10 63.10 61.10 61.90 62.70 60.00 57.20 49.70 42.20 42.40 42.50 45.10 47.70 44.90 42.10 45.10 51.00 50.20 49.40 46.00 42.70 41.10 39.60 39.10 38.60 39.20 39.70 40.80 42.00 41.30 40.70 39.30 37.80 38.20 38.50 37.80 37.00 38.20 39.40 41.40 43.50 43.20 43.00 41.00 39.10 40.50 42.00 41.50 41.00 40.20 39.40 41.00 42.60 47.10 51.60 49.60 47.60 43.00 38.40 39.20 40.00 39.00 38.00 37.40 36.90 36.60 36.30 37.80 39.40 38.80 38.20 37.60 37.00 37.50 37.90 37.60 37.30 36.10 34.90 32.80 30.80 32.70 34.60 33.90 33.10 31.00 28.90 29.20 29.40 30.10 30.70 32.80 34.90 36.40 37.80 38.90 40.00 40.20 40.50 40.20 39.90 39.60 39.30 38.20 37.10 36.80 36.50 38.90 41.30 44.70 48.10 55.00 61.90 64.20 66.50 64.60 62.70 61.10 59.60 59.50 59.50 55.80 52.20 45.90 39.60 41.00 42.50 44.50 46.50 44.70 42.90 45.70 50.70 50.50 50.30 45.10 39.90 39.60 39.30 39.10 38.90 39.10 39.20 40.80 42.40 42.40 42.40 42.00 41.60 41.60 41.50 39.20 36.90 37.80 38.60 42.20 45.70 46.30 46.90 44.40 41.80 41.60 41.30 40.50 39.70 39.30 38.80 42.30 45.70 52.10 58.40 54.60 50.80 45.40 40.00 41.00 41.90 40.40 38.90 37.30 35.60 35.30 35.00 36.90 38.70 38.40 38.00 37.60 37.20 38.10 38.90 38.80 38.70 36.80 34.80 32.20 29.50 31.70 33.90 33.20 32.50 30.40 28.20 28.30 28.40 30.00 31.50 35.10 38.70 39.10 39.50 41.60 43.70 44.10 44.50 43.60 42.70 43.90 45.00 42.80 40.50 38.40 36.20 37.90 39.60 42.70 45.80 53.90 62.00 63.90 65.80 63.10 60.30 59.20 58.00 57.10 56.20 51.70 47.10 42.10 37.00 39.70 42.40 43.90 45.30 44.60 43.80 46.40 57.40 52.90 48.40 43.60 38.80 39.30 39.70 40.10 40.50 39.70 39.00 39.20 39.40 39.40 39.30 39.20 39.10 41.20 43.40 40.70 38.10 38.40 38.70 41.90 45.00 44.30 43.70 41.80 39.90 40.30 40.70 40.70 40.60 40.70 40.90 44.10 47.40 50.80 54.30 49.60 44.80 41.00 37.20 38.30 39.30 38.00 36.60 35.50 34.30 34.10 33.80 35.20 36.70 36.90 37.20 36.80 36.50 36.50 36.50 36.90 37.40 35.80 34.30 32.00 29.60 31.40 33.20 33.00 32.90 31.30 29.80 30.50 31.30 33.00 34.60 36.70 38.80 39.00 39.30 42.20 45.10 45.40 45.80 46.20 46.60 46.90 47.20 44.70 42.20 41.00 39.90 40.60 41.30 44.80 48.30 56.00 63.60 63.80 63.90 61.40 58.80 57.10 55.30 54.80 54.30 50.90 47.60 42.60 37.50 39.50 41.60 43.00 44.40 45.10 45.80 48.30 64.00 55.30 46.50 42.10 37.70 38.90 40.10 41.10 42.00 40.40 38.70 37.60 36.40 36.30 36.20 36.40 36.50 40.90 45.30 42.30 39.20 39.00 38.80 41.60 44.30 42.40 40.40 39.20 37.90 39.00 40.10 40.80 41.50 42.20 42.90 46.00 49.00 49.60 50.20 44.50 38.80 36.60 34.40 35.60 36.70 35.50 34.30 33.70 33.00 32.80 32.60 33.60 34.60 35.40 36.30 36.00 35.70 34.90 34.10 35.10 36.00 34.90 33.80 31.80 29.70 31.10 32.40 32.90 33.30 32.30 31.30 32.80 34.20 36.00 37.70 38.30 38.90 39.00 39.00 42.70 46.40 46.70 47.00 48.80 50.50 50.00 49.40 46.60 43.80 43.70 43.50 43.20 42.90 46.90 50.80 58.00 65.20 63.60 62.00 59.70 57.30 55.00 52.60 52.50 52.30 50.20 48.10 43.10 38.00 39.40 40.70 42.20 43.60 45.70 47.70 50.10 59.80 51.50 43.20 40.40 37.70 38.30 38.90 39.70 40.50 39.40 38.30 37.30 36.30 36.30 36.30 36.80 37.30 40.90 44.60 44.50 44.40 42.50 40.60 42.80 45.00 43.20 41.40 39.70 38.00 39.40 40.80 41.50 42.20 43.00 43.80 46.10 48.50 49.00 49.50 44.80 40.20 37.60 35.10 36.20 37.30 35.50 33.60 33.20 32.70 33.20 33.60 33.90 34.10 34.60 35.20 34.80 34.50 34.00 33.40 34.40 35.40 35.20 34.90 34.30 33.60 34.20 34.70 34.20 33.70 33.40 33.10 34.60 36.20 37.00 37.80 38.10 38.50 39.30 40.10 43.80 47.60 47.40 47.30 50.50 53.70 53.20 52.70 50.50 48.30 49.10 49.90 49.90 49.90 50.70 51.40 57.00 62.70 60.90 59.20 56.80 54.50 52.70 50.90 51.10 51.30 50.70 50.10 46.30 42.60 41.70 40.80 41.00 41.30 43.10 45.00 47.90 55.50 47.70 39.80 38.70 37.60 37.70 37.80 38.40 38.90 38.40 37.90 37.10 36.20 36.30 36.40 37.20 38.00 40.90 43.80 46.70 49.60 45.90 42.30 44.00 45.70 44.10 42.40 40.30 38.10 39.80 41.40 42.10 42.80 43.80 44.70 46.30 47.90 48.30 48.70 45.20 41.60 38.70 35.70 36.80 37.90 35.40 32.90 32.70 32.40 33.50 34.60 34.10 33.60 33.80 34.00 33.70 33.30 33.10 32.80 33.80 34.80 35.40 36.10 36.80 37.50 37.30 37.00 35.50 34.00 34.40 34.80 36.40 38.10 38.00 37.90 38.00 38.00 39.60 41.20 45.00 48.70 48.20 47.60 52.20 56.80 56.40 55.90 54.30 52.70 54.50 56.20 56.60 56.90 54.50 52.00 56.10 60.10 58.30 56.40 54.00 51.60 50.40 49.10 49.70 50.20 51.20 52.10 49.60 47.10 43.90 40.80 39.90 38.90 40.60 42.30 45.70 46.50 42.70 38.80 38.00 37.30 36.90 36.60 37.00 37.40 37.60 37.80 38.10 38.40 37.80 37.30 39.10 40.90 41.70 42.60 45.20 47.90 47.00 46.10 46.30 46.50 45.90 45.40 43.00 40.70 41.20 41.60 41.80 41.90 43.10 44.30 45.70 47.10 47.10 47.10 44.50 41.90 38.90 35.90 36.40 37.00 35.00 33.00 33.00 33.00 33.20 33.40 32.70 31.90 32.10 32.40 32.30 32.30 32.30 32.30 33.20 34.20 34.60 35.00 35.20 35.40 35.10 34.80 34.70 34.70 35.20 35.80 37.00 38.20 38.50 38.90 38.80 38.80 40.00 41.30 45.30 49.30 49.60 49.90 52.90 55.90 55.70 55.60 54.20 52.90 53.40 53.90 54.20 54.50 51.60 48.80 51.70 54.70 54.40 54.20 51.60 49.10 48.20 47.30 47.60 47.90 49.30 50.70 49.40 48.10 45.90 43.70 42.60 41.40 41.90 42.30 44.70 37.50 37.70 37.80 37.40 36.90 36.10 35.30 35.60 35.80 36.70 37.60 39.10 40.50 39.40 38.20 41.00 43.80 42.60 41.30 43.80 46.20 48.00 49.80 48.50 47.20 47.80 48.30 45.80 43.30 42.60 41.80 41.40 41.00 42.40 43.80 45.00 46.20 45.90 45.50 43.90 42.20 39.10 36.00 36.00 36.00 34.60 33.10 33.30 33.50 32.90 32.30 31.30 30.20 30.50 30.70 31.00 31.20 31.50 31.70 32.60 33.50 33.70 33.90 33.60 33.20 32.90 32.60 33.90 35.30 36.10 36.80 37.60 38.30 39.10 39.80 39.70 39.50 40.50 41.40 45.70 49.90 51.10 52.30 53.70 55.00 55.10 55.20 54.10 53.00 52.30 51.60 51.80 52.00 48.80 45.50 47.40 49.20 50.60 51.90 49.20 46.50 46.00 45.40 45.50 45.50 47.40 49.20 49.20 49.10 47.90 46.60 45.30 43.90 43.10 42.30 43.70 38.40 38.20 38.10 37.50 36.90 35.70 34.40 35.10 35.70 37.20 38.80 41.10 43.40 42.50 41.60 43.10 44.60 43.40 42.20 43.30 44.50 45.30 46.10 45.20 44.30 45.50 46.70 46.00 45.30 43.50 41.70 40.30 38.90 39.10 39.30 39.40 39.60 39.30 39.10 39.40 39.60 38.20 36.80 36.10 35.40 34.00 32.60 32.50 32.40 31.90 31.50 30.80 30.10 30.20 30.40 30.50 30.70 31.10 31.40 32.20 33.00 33.50 34.00 34.60 35.30 34.70 34.10 35.30 36.50 37.00 37.50 37.30 37.10 38.00 38.90 38.90 38.90 39.60 40.40 44.20 48.00 50.60 53.20 53.40 53.70 53.60 53.50 51.90 50.40 50.60 50.90 50.70 50.50 49.10 47.80 48.30 48.90 49.80 50.70 48.30 45.90 45.00 44.00 44.20 44.50 45.90 47.30 47.60 47.90 47.00 46.20 45.10 44.00 43.40 42.80 43.20 39.30 38.80 38.30 37.60 36.90 35.30 33.60 34.60 35.60 37.80 39.90 43.10 46.30 45.60 44.90 45.20 45.40 44.20 43.00 42.90 42.80 42.60 42.40 41.90 41.40 43.30 45.10 46.20 47.20 44.40 41.60 39.20 36.80 35.80 34.80 33.90 32.90 32.80 32.70 34.90 37.00 37.30 37.60 36.20 34.80 33.40 32.10 31.70 31.20 30.90 30.60 30.30 29.90 30.00 30.00 30.10 30.20 30.70 31.10 31.80 32.50 33.30 34.00 35.70 37.30 36.40 35.50 36.60 37.70 38.00 38.20 37.00 35.80 36.90 38.00 38.20 38.30 38.80 39.30 42.70 46.00 50.00 54.00 53.20 52.40 52.10 51.80 49.80 47.70 48.90 50.10 49.60 49.00 49.50 50.00 49.30 48.50 49.00 49.50 47.40 45.30 43.90 42.60 43.00 43.40 44.40 45.40 46.00 46.60 46.20 45.80 44.90 44.10 43.70 43.20 42.70 46.30 46.30 46.30 43.70 41.10 38.20 35.40 35.30 35.30 36.00 36.70 39.50 42.30 42.20 42.10 42.60 43.00 42.00 41.00 42.00 43.10 42.90 42.70 42.30 42.00 43.60 45.30 46.20 47.10 45.20 43.40 40.10 36.80 35.10 33.40 32.80 32.20 32.40 32.70 34.10 35.60 36.10 36.60 34.90 33.20 32.00 30.90 30.50 30.20 29.90 29.70 29.60 29.50 29.40 29.20 29.00 28.70 29.20 29.60 30.30 31.10 32.20 33.40 35.60 37.80 37.70 37.60 38.00 38.40 38.10 37.80 37.20 36.60 37.10 37.60 37.80 38.10 38.60 39.10 41.80 44.50 47.80 51.20 51.20 51.20 50.20 49.20 47.60 46.00 46.70 47.40 47.60 47.80 48.40 49.00 47.60 46.20 45.30 44.50 43.60 42.60 43.10 43.60 44.20 44.80 45.00 45.20 45.50 45.90 45.90 45.90 45.40 44.90 44.40 43.80 42.40 53.20 53.70 54.20 49.80 45.30 41.20 37.10 36.10 35.00 34.20 33.40 35.90 38.30 38.80 39.30 39.90 40.60 39.80 39.00 41.20 43.30 43.10 42.90 42.80 42.60 44.00 45.40 46.20 47.00 46.10 45.10 40.90 36.70 34.40 32.00 31.70 31.40 32.10 32.70 33.40 34.10 34.90 35.60 33.60 31.50 30.60 29.60 29.40 29.10 28.90 28.70 28.90 29.10 28.80 28.40 27.80 27.20 27.70 28.10 28.90 29.60 31.20 32.80 35.60 38.30 38.90 39.60 39.40 39.10 38.30 37.40 37.40 37.30 37.30 37.20 37.50 37.80 38.30 38.80 40.90 42.90 45.60 48.30 49.20 50.00 48.30 46.50 45.40 44.30 44.40 44.60 45.60 46.60 47.30 47.90 45.90 43.80 41.70 39.50 39.70 39.90 42.20 44.50 45.40 46.20 45.60 45.00 45.10 45.10 45.60 46.10 45.90 45.80 45.10 44.30 42.10 </TempDataArray>
    </BinaryData>
    <End xmlns="" EndString="7777"/>
</gribObject>
