<?xml version="1.0" encoding="UTF-8" standalone="yes"?>
<gribObject xmlns:xsi="http://www.w3.org/2001/XMLSchema-instance" xmlns:xsd="http://www.w3.org/2001/XMLSchema" xmlns="http://c4i.mlt/ICDU/schema" ForecastTime="2025-09-27T12:00:00.000Z" RunTime="2025-09-27T12:00:00.000Z" ParameterName="Relative humidity" FileName="newsingapore">
    <Indicator xmlns="" GribHeader="GRIB" NumOfOctets="21" GribType="2"/>
    <ProductDefinition xmlns="" NumOfOctets="4" ParamTableVersion="2" OrigCenter="7" ProcessID="81" GridID="36" GDS_BDS_Flag="128" ParamAndUnits="157" LevelType="0" Level="300" ReferenceTime="27" Month="9" Day="27" Hour="12" Minute="0" ForecastTimeUnits="1" PeriodOfTime1="12" PeriodOfTime2="0" TimeRangeIndicator="1" NumInAverage="21" NumMissingAverage="0" CenturyOfReference="21" SubcenterID="0" DecimalScaleFactor="1" Reserved1="0" Lat1="-11000" Lon1="91000" Lat2="-9500" Lon2="105375" Di="125" Dj="125"/>
    <GridDescription xmlns="" NumOfOctets="72" NV="0" PV="255" DataRepresentationType="0">
        <LatLonProjection Ni="116" Nj="13" Flags="128" ScanFlags="64" Reserved="0"/>
    </GridDescription>
    <BinaryData xmlns="" NumOfOctets="6032" FlagsAndUnused="12" BinaryScaleFactor="0" ReferenceValue="45.000000" DatumPacked="1508" OptionalFlags="0">
        <TempDataArray>17.10 16.30 15.50 14.40 13.30 12.10 10.80 11.10 11.30 12.20 13.10 15.70 18.20 22.40 26.60 27.30 28.00 27.10 26.10 26.00 25.90 25.80 25.70 25.60 25.40 23.60 21.70 21.70 21.70 23.40 25.10 26.60 28.00 30.00 31.90 32.50 33.10 31.20 29.20 26.60 23.90 23.10 22.30 23.60 24.80 25.30 25.90 25.70 25.40 24.80 24.20 23.70 23.10 21.90 20.70 20.50 20.30 20.70 21.10 21.40 21.60 21.40 21.20 20.80 20.40 19.60 18.70 18.80 18.80 18.10 17.40 16.50 15.60 15.40 15.20 15.10 14.90 14.60 14.30 13.80 13.20 13.70 14.10 14.10 14.10 14.00 13.90 13.60 13.20 13.20 13.20 13.20 13.10 12.60 12.00 11.90 11.70 12.10 12.50 12.90 13.20 12.80 12.30 11.90 11.50 11.40 11.20 11.40 11.60 10.30 8.90 8.30 7.70 7.70 7.70 7.30 18.20 16.90 15.60 14.40 13.30 12.20 11.10 11.90 12.80 15.10 17.40 20.00 22.60 25.50 28.50 28.10 27.80 27.20 26.60 26.40 26.20 26.10 25.90 25.40 25.00 23.50 22.00 22.10 22.30 24.00 25.80 27.20 28.70 30.50 32.40 32.90 33.40 31.00 28.50 25.80 23.00 23.20 23.30 24.40 25.50 25.90 26.30 25.70 25.20 24.80 24.40 24.00 23.60 22.70 21.90 21.60 21.30 21.60 21.90 22.00 22.00 21.50 20.90 20.70 20.50 19.50 18.50 18.40 18.30 17.70 17.10 16.40 15.70 15.60 15.60 15.30 15.10 14.70 14.40 14.00 13.60 13.90 14.10 14.20 14.20 14.20 14.20 13.90 13.60 13.60 13.70 13.50 13.40 13.10 12.70 12.60 12.50 12.70 13.00 12.80 12.70 12.40 12.00 11.90 11.70 11.70 11.60 11.60 11.70 10.40 9.20 8.40 7.50 7.50 7.40 7.20 19.20 17.40 15.60 14.40 13.20 12.30 11.30 12.80 14.20 18.00 21.70 24.40 27.00 28.70 30.30 28.90 27.50 27.30 27.00 26.80 26.50 26.30 26.10 25.30 24.50 23.40 22.30 22.60 22.80 24.60 26.40 27.90 29.30 31.10 32.80 33.30 33.80 30.80 27.80 25.00 22.10 23.30 24.40 25.30 26.20 26.40 26.60 25.80 25.00 24.80 24.50 24.30 24.00 23.60 23.10 22.80 22.40 22.60 22.70 22.60 22.40 21.50 20.60 20.60 20.50 19.40 18.20 18.00 17.80 17.30 16.70 16.20 15.70 15.80 15.90 15.60 15.30 14.90 14.40 14.20 14.00 14.10 14.10 14.20 14.30 14.40 14.50 14.30 14.00 14.10 14.10 13.90 13.70 13.60 13.40 13.30 13.20 13.30 13.40 12.80 12.20 12.00 11.70 11.80 11.90 12.00 12.00 11.90 11.70 10.60 9.50 8.40 7.30 7.20 7.10 7.10 21.80 20.80 19.80 18.10 16.40 16.10 15.80 18.50 21.30 24.60 27.90 29.90 32.00 31.00 30.10 28.80 27.60 27.20 26.80 26.50 26.20 25.90 25.60 25.30 25.00 24.40 23.80 24.20 24.50 25.80 27.20 28.40 29.60 31.50 33.50 33.30 33.20 30.20 27.20 25.50 23.80 24.40 24.90 25.90 26.80 26.90 27.10 26.50 26.00 25.80 25.70 25.00 24.30 24.10 24.00 23.60 23.30 22.90 22.50 22.50 22.60 21.90 21.10 20.90 20.70 19.30 18.00 17.80 17.70 17.30 16.90 16.50 16.20 16.10 16.10 15.80 15.60 15.00 14.50 14.60 14.70 14.60 14.60 14.50 14.40 14.40 14.40 14.30 14.30 14.30 14.40 14.20 14.10 14.00 14.00 13.70 13.50 13.40 13.40 13.00 12.50 12.40 12.20 12.10 12.00 12.00 12.00 11.80 11.50 10.70 9.80 8.60 7.50 6.80 6.10 6.10 24.30 24.20 24.00 21.80 19.60 20.00 20.30 24.30 28.30 31.20 34.10 35.50 36.90 33.40 29.90 28.80 27.60 27.10 26.60 26.30 25.90 25.50 25.10 25.30 25.40 25.30 25.30 25.80 26.20 27.10 27.90 28.90 29.80 32.00 34.20 33.40 32.50 29.50 26.50 26.00 25.50 25.50 25.40 26.40 27.40 27.50 27.50 27.20 26.90 26.90 26.80 25.70 24.50 24.70 24.90 24.50 24.10 23.20 22.20 22.50 22.80 22.20 21.60 21.30 20.90 19.30 17.70 17.70 17.60 17.40 17.10 16.90 16.60 16.40 16.20 16.00 15.80 15.20 14.50 14.90 15.30 15.20 15.00 14.80 14.50 14.40 14.30 14.40 14.50 14.60 14.60 14.60 14.50 14.50 14.50 14.10 13.70 13.60 13.40 13.20 12.90 12.80 12.60 12.40 12.20 12.10 12.00 11.70 11.40 10.80 10.10 8.90 7.60 6.30 5.00 5.20 25.40 25.20 24.90 24.40 23.90 25.30 26.80 28.70 30.70 34.20 37.80 39.00 40.20 36.10 32.10 30.30 28.40 27.80 27.20 26.40 25.60 25.10 24.70 24.80 24.80 25.40 25.90 26.30 26.70 27.60 28.60 30.00 31.50 32.70 34.00 32.00 30.10 28.50 26.90 26.70 26.50 26.60 26.70 27.40 28.20 28.30 28.40 28.30 28.20 28.10 27.90 27.00 26.10 26.30 26.50 25.20 23.90 22.80 21.70 22.30 22.90 22.60 22.30 21.70 21.00 19.40 17.80 17.60 17.50 17.30 17.10 17.00 17.00 16.80 16.60 16.20 15.90 15.40 15.00 15.20 15.50 15.30 15.00 14.80 14.60 14.40 14.30 14.50 14.70 14.50 14.40 14.50 14.50 14.40 14.40 14.10 13.80 13.70 13.60 13.50 13.50 12.90 12.20 11.90 11.50 11.50 11.60 11.40 11.30 10.70 10.20 8.80 7.50 6.30 5.20 5.30 26.50 26.20 25.80 27.00 28.20 30.70 33.20 33.20 33.10 37.30 41.40 42.40 43.40 38.90 34.30 31.80 29.20 28.50 27.70 26.50 25.20 24.80 24.30 24.30 24.30 25.40 26.50 26.80 27.10 28.20 29.20 31.20 33.10 33.40 33.80 30.70 27.60 27.40 27.20 27.30 27.40 27.70 28.00 28.50 28.90 29.10 29.30 29.40 29.50 29.30 29.00 28.30 27.60 27.80 28.00 25.80 23.60 22.40 21.10 22.10 23.00 23.00 23.00 22.10 21.10 19.50 17.80 17.60 17.40 17.20 17.00 17.20 17.40 17.20 16.90 16.50 16.00 15.70 15.40 15.60 15.70 15.40 15.00 14.80 14.60 14.40 14.20 14.50 14.80 14.50 14.20 14.40 14.50 14.40 14.20 14.00 13.80 13.80 13.70 13.90 14.10 13.00 11.80 11.30 10.80 11.00 11.10 11.10 11.10 10.70 10.20 8.80 7.40 6.40 5.30 5.40 26.10 25.50 24.90 25.90 26.90 29.40 31.90 32.70 33.60 37.20 40.90 42.90 44.90 40.50 36.10 32.70 29.30 28.50 27.70 26.50 25.40 24.90 24.40 24.50 24.70 26.00 27.30 27.20 27.00 28.10 29.20 31.60 33.90 34.10 34.20 31.50 28.80 28.80 28.80 28.60 28.40 28.40 28.40 29.30 30.20 30.40 30.60 30.40 30.20 30.60 31.10 30.90 30.70 29.80 28.80 25.90 23.10 22.20 21.30 22.00 22.70 22.90 23.10 21.90 20.70 19.40 18.00 17.70 17.30 17.20 17.10 17.60 18.10 17.80 17.60 16.90 16.20 15.70 15.30 15.30 15.30 15.20 15.20 14.90 14.70 14.60 14.60 14.70 14.90 14.50 14.10 14.30 14.50 14.40 14.40 14.30 14.20 14.10 14.10 14.00 13.80 12.50 11.20 11.00 10.80 10.80 10.90 10.90 10.90 10.60 10.30 9.00 7.80 6.70 5.60 5.60 25.60 24.80 24.00 24.80 25.50 28.10 30.60 32.30 34.00 37.20 40.40 43.40 46.40 42.20 37.90 33.70 29.40 28.60 27.70 26.60 25.50 25.00 24.50 24.80 25.00 26.60 28.10 27.50 26.90 28.10 29.20 32.00 34.80 34.70 34.50 32.20 29.90 30.20 30.40 29.90 29.40 29.10 28.70 30.10 31.40 31.60 31.80 31.30 30.80 32.00 33.20 33.50 33.80 31.70 29.60 26.10 22.50 22.00 21.50 21.90 22.30 22.80 23.20 21.80 20.30 19.30 18.20 17.80 17.30 17.20 17.10 17.90 18.70 18.50 18.30 17.30 16.30 15.70 15.10 15.00 14.80 15.10 15.30 15.10 14.80 14.90 14.90 15.00 15.00 14.50 13.90 14.20 14.40 14.50 14.60 14.60 14.50 14.50 14.50 14.00 13.50 12.10 10.60 10.70 10.80 10.70 10.60 10.60 10.60 10.50 10.40 9.30 8.10 7.00 5.80 5.90 26.60 25.40 24.10 24.60 25.00 28.00 31.10 33.10 35.20 38.10 41.00 44.00 47.00 42.90 38.80 35.30 31.80 30.10 28.50 27.40 26.20 26.20 26.30 26.30 26.30 27.20 28.10 27.90 27.70 29.20 30.80 33.20 35.60 35.40 35.10 33.30 31.60 31.80 32.00 30.80 29.60 29.50 29.50 30.70 31.90 31.40 31.00 30.70 30.50 32.30 34.20 34.30 34.40 31.90 29.40 26.10 22.80 22.40 22.00 22.30 22.70 22.90 23.10 21.70 20.30 19.60 18.80 18.20 17.60 17.60 17.60 18.40 19.20 18.90 18.60 17.70 16.80 16.40 16.00 15.90 15.80 15.80 15.80 15.20 14.70 14.90 15.00 15.00 15.00 14.50 13.90 14.10 14.30 14.50 14.80 14.60 14.40 13.80 13.20 12.70 12.20 11.20 10.30 10.80 11.30 11.00 10.80 10.70 10.60 10.50 10.50 9.80 9.10 7.30 5.60 5.20 27.60 25.90 24.20 24.40 24.50 28.00 31.50 33.90 36.30 38.90 41.50 44.50 47.50 43.60 39.60 36.90 34.10 31.70 29.30 28.10 26.90 27.50 28.00 27.80 27.60 27.80 28.00 28.20 28.40 30.40 32.30 34.40 36.40 36.10 35.70 34.50 33.20 33.40 33.60 31.70 29.80 30.00 30.20 31.30 32.30 31.20 30.10 30.20 30.20 32.70 35.10 35.10 35.10 32.10 29.10 26.10 23.10 22.80 22.40 22.80 23.10 23.00 22.90 21.70 20.40 19.90 19.40 18.70 17.90 18.00 18.00 18.90 19.70 19.30 18.90 18.10 17.20 17.10 16.90 16.80 16.80 16.50 16.20 15.40 14.60 14.90 15.10 15.10 15.00 14.50 13.90 14.10 14.20 14.60 14.90 14.60 14.30 13.10 11.90 11.40 10.90 10.40 9.90 10.80 11.70 11.40 11.00 10.80 10.50 10.50 10.50 10.30 10.00 7.70 5.30 4.50 28.80 28.20 27.60 27.60 27.70 30.00 32.40 34.10 35.90 38.30 40.70 43.90 47.20 44.00 40.80 38.40 36.10 33.90 31.70 30.70 29.70 29.80 30.00 29.30 28.60 28.30 28.00 28.50 28.90 31.00 33.10 34.70 36.30 36.20 36.10 35.40 34.80 34.50 34.20 31.90 29.60 29.70 29.90 31.30 32.70 31.90 31.10 31.40 31.70 33.90 36.10 35.90 35.70 33.20 30.70 27.30 23.80 23.50 23.20 23.30 23.50 23.30 23.20 22.40 21.70 21.00 20.30 19.20 18.00 18.50 19.00 19.70 20.40 19.90 19.50 18.60 17.80 17.70 17.70 17.60 17.60 17.40 17.20 16.10 15.10 15.10 15.10 15.20 15.30 14.60 14.00 14.00 14.00 14.30 14.60 14.00 13.40 12.20 11.00 10.90 10.80 10.60 10.40 11.20 12.00 11.70 11.40 11.00 10.60 9.80 9.10 9.00 9.00 7.60 6.20 5.30 29.90 30.50 31.00 30.90 30.80 32.10 33.30 34.40 35.40 37.60 39.80 43.30 46.80 44.40 41.90 40.00 38.00 36.00 34.00 33.20 32.40 32.20 31.90 30.70 29.50 28.80 28.00 28.70 29.40 31.60 33.80 34.90 36.10 36.30 36.40 36.40 36.40 35.60 34.70 32.10 29.40 29.50 29.50 31.30 33.10 32.60 32.10 32.70 33.20 35.10 37.00 36.70 36.30 34.30 32.30 28.40 24.50 24.20 23.90 23.90 23.90 23.70 23.40 23.20 23.00 22.20 21.30 19.70 18.10 19.00 19.90 20.50 21.00 20.60 20.10 19.20 18.30 18.30 18.40 18.30 18.30 18.30 18.20 16.90 15.50 15.30 15.10 15.30 15.50 14.80 14.10 13.90 13.70 14.00 14.30 13.40 12.50 11.40 10.20 10.50 10.70 10.80 10.80 11.50 12.20 12.00 11.70 11.20 10.60 9.10 7.60 7.80 8.00 7.60 7.10 6.10 </TempDataArray>
    </BinaryData>
    <End xmlns="" EndString="7777"/>
</gribObject>
