<?xml version="1.0" encoding="UTF-8" standalone="yes"?>
<gribObject xmlns:xsi="http://www.w3.org/2001/XMLSchema-instance" xmlns:xsd="http://www.w3.org/2001/XMLSchema" xmlns="http://c4i.mlt/ICDU/schema" ForecastTime="2025-09-27T12:00:00.000Z" RunTime="2025-09-27T12:00:00.000Z" ParameterName="Relative humidity" FileName="newsingapore">
    <Indicator xmlns="" GribHeader="GRIB" NumOfOctets="21" GribType="2"/>
    <ProductDefinition xmlns="" NumOfOctets="4" ParamTableVersion="2" OrigCenter="7" ProcessID="81" GridID="36" GDS_BDS_Flag="128" ParamAndUnits="157" LevelType="0" Level="200" ReferenceTime="27" Month="9" Day="27" Hour="12" Minute="0" ForecastTimeUnits="1" PeriodOfTime1="12" PeriodOfTime2="0" TimeRangeIndicator="1" NumInAverage="37" NumMissingAverage="0" CenturyOfReference="21" SubcenterID="0" DecimalScaleFactor="1" Reserved1="0" Lat1="-11000" Lon1="91000" Lat2="-9500" Lon2="105375" Di="125" Dj="125"/>
    <GridDescription xmlns="" NumOfOctets="72" NV="0" PV="255" DataRepresentationType="0">
        <LatLonProjection Ni="116" Nj="13" Flags="128" ScanFlags="64" Reserved="0"/>
    </GridDescription>
    <BinaryData xmlns="" NumOfOctets="6032" FlagsAndUnused="12" BinaryScaleFactor="0" ReferenceValue="119.000000" DatumPacked="1508" OptionalFlags="0">
        <TempDataArray>59.90 58.50 57.00 52.60 48.10 41.40 34.70 38.70 42.70 47.10 51.40 51.90 52.40 52.40 52.40 52.90 53.40 53.30 53.20 49.70 46.20 43.60 41.00 39.40 37.80 37.30 36.70 42.20 47.70 47.40 47.00 42.70 38.30 38.00 37.70 41.60 45.50 44.80 44.00 44.60 45.10 45.30 45.40 44.70 44.00 41.30 38.60 37.90 37.10 38.40 39.80 43.30 46.80 47.40 48.00 49.10 50.10 50.30 50.40 49.10 47.70 46.70 45.60 42.20 38.80 37.20 35.60 40.10 44.50 45.50 46.40 47.10 47.80 47.70 47.50 47.10 46.70 42.40 38.00 37.00 36.00 35.00 34.00 28.30 22.50 23.30 24.10 24.70 25.20 22.20 19.10 17.40 15.70 14.90 14.10 13.50 12.80 12.70 12.60 13.00 13.30 13.40 13.40 13.10 12.80 12.80 12.70 13.20 13.60 13.00 12.40 12.30 12.20 12.10 12.00 12.40 60.80 58.30 55.90 50.60 45.30 41.50 37.70 42.20 46.80 49.50 52.30 52.60 52.90 53.00 53.10 52.20 51.40 50.30 49.20 44.70 40.30 37.90 35.60 35.00 34.50 34.30 34.00 38.60 43.10 45.80 48.50 45.80 43.10 40.50 37.90 40.70 43.50 43.30 43.20 44.20 45.20 45.20 45.10 44.30 43.50 42.10 40.80 39.60 38.50 40.00 41.60 45.00 48.40 49.20 50.00 50.80 51.70 51.70 51.60 50.40 49.20 47.80 46.40 44.50 42.50 40.70 38.90 40.30 41.80 42.70 43.60 43.60 43.50 43.90 44.30 45.00 45.80 43.20 40.50 39.40 38.30 35.80 33.20 28.90 24.70 25.50 26.40 24.70 23.10 20.00 16.90 16.00 15.20 15.30 15.40 14.50 13.70 13.60 13.50 13.70 13.90 13.90 13.90 13.50 13.20 13.00 12.80 13.00 13.30 12.80 12.40 12.20 12.00 12.10 12.10 12.50 61.70 58.20 54.70 48.60 42.50 41.60 40.60 45.70 50.80 52.00 53.20 53.30 53.40 53.60 53.70 51.60 49.40 47.30 45.20 39.80 34.30 32.20 30.10 30.70 31.20 31.30 31.30 34.90 38.50 44.30 50.00 48.90 47.80 42.90 38.00 39.70 41.40 41.90 42.30 43.80 45.30 45.10 44.80 43.90 42.90 42.90 42.90 41.40 39.90 41.60 43.30 46.70 50.00 51.00 51.90 52.60 53.30 53.10 52.80 51.80 50.70 49.00 47.20 46.70 46.20 44.20 42.10 40.60 39.10 39.90 40.80 40.00 39.20 40.10 41.00 43.00 44.90 44.00 43.00 41.80 40.60 36.50 32.40 29.60 26.80 27.70 28.60 24.80 21.00 17.80 14.60 14.70 14.70 15.70 16.60 15.60 14.60 14.50 14.40 14.40 14.40 14.40 14.30 14.00 13.60 13.20 12.80 12.90 12.90 12.70 12.40 12.20 11.90 12.00 12.10 12.60 63.30 58.40 53.40 49.00 44.70 44.40 44.20 48.40 52.70 53.40 54.10 55.00 56.00 56.40 56.80 55.10 53.40 50.30 47.20 39.80 32.30 32.80 33.40 33.00 32.60 32.20 31.80 37.10 42.40 45.90 49.40 47.80 46.30 43.20 40.20 41.10 42.00 42.10 42.20 42.70 43.30 41.30 39.40 39.90 40.50 41.50 42.50 41.60 40.80 42.60 44.40 46.70 49.00 49.50 50.00 50.90 51.90 51.80 51.80 49.00 46.20 45.20 44.10 43.80 43.50 42.30 41.10 39.60 38.10 38.00 37.90 36.40 34.90 35.30 35.60 38.10 40.60 40.20 39.90 37.90 35.90 32.10 28.20 26.60 25.00 25.60 26.10 23.60 21.20 18.60 16.10 15.90 15.80 16.40 17.10 16.00 14.90 15.30 15.80 15.70 15.60 15.70 15.70 15.50 15.40 14.60 13.90 13.50 13.00 12.80 12.50 12.30 12.00 12.30 12.50 13.30 64.90 58.50 52.10 49.40 46.80 47.30 47.70 51.10 54.50 54.80 55.00 56.80 58.50 59.20 59.90 58.70 57.40 53.30 49.20 39.80 30.30 33.40 36.60 35.30 33.90 33.10 32.30 39.30 46.20 47.50 48.70 46.80 44.80 43.60 42.30 42.40 42.50 42.30 42.00 41.60 41.20 37.60 33.90 36.00 38.10 40.10 42.00 41.80 41.60 43.60 45.60 46.80 47.90 48.00 48.00 49.20 50.40 50.60 50.80 46.30 41.70 41.40 41.00 40.90 40.80 40.40 40.00 38.50 37.00 36.00 34.90 32.80 30.60 30.40 30.20 33.20 36.20 36.50 36.70 34.00 31.30 27.60 23.90 23.60 23.20 23.40 23.60 22.50 21.30 19.40 17.50 17.20 16.90 17.20 17.50 16.30 15.10 16.10 17.10 17.00 16.80 17.00 17.10 17.10 17.10 16.10 15.00 14.10 13.10 12.90 12.70 12.50 12.20 12.50 12.80 14.00 76.50 68.10 59.70 53.60 47.50 49.00 50.50 53.40 56.30 56.50 56.70 58.00 59.30 59.40 59.60 57.80 56.10 50.70 45.40 40.40 35.40 39.20 43.10 43.70 44.40 42.90 41.40 44.50 47.60 48.40 49.20 46.90 44.60 43.60 42.50 42.40 42.40 41.50 40.70 40.20 39.60 37.90 36.20 37.30 38.50 40.00 41.50 44.30 47.00 49.10 51.20 51.00 50.80 49.90 49.10 49.60 50.00 50.10 50.30 46.40 42.50 39.60 36.70 36.90 37.10 36.90 36.80 35.90 35.00 32.90 30.90 28.60 26.30 26.90 27.60 29.50 31.50 30.00 28.60 26.50 24.30 22.50 20.70 20.80 21.00 20.90 20.80 20.00 19.20 18.00 16.70 16.60 16.40 16.60 16.80 16.00 15.10 16.20 17.40 18.00 18.60 19.00 19.50 19.10 18.70 17.50 16.30 15.30 14.30 13.90 13.50 13.00 12.50 13.40 14.30 15.30 88.10 77.70 67.30 57.80 48.20 50.70 53.20 55.60 58.00 58.20 58.40 59.20 60.00 59.70 59.30 57.00 54.70 48.10 41.50 41.00 40.50 45.00 49.50 52.20 54.80 52.60 50.40 49.70 49.00 49.30 49.60 47.00 44.40 43.60 42.70 42.50 42.20 40.80 39.40 38.70 38.00 38.20 38.40 38.70 38.90 40.00 41.00 46.70 52.40 54.60 56.70 55.20 53.60 51.90 50.20 49.90 49.60 49.70 49.70 46.50 43.20 37.80 32.40 32.90 33.30 33.40 33.60 33.30 32.90 29.90 26.80 24.30 21.90 23.40 24.90 25.80 26.70 23.60 20.50 18.90 17.30 17.40 17.50 18.10 18.70 18.40 18.00 17.60 17.10 16.50 15.90 15.90 15.90 16.00 16.10 15.60 15.10 16.40 17.60 19.00 20.30 21.10 21.80 21.10 20.30 18.90 17.50 16.50 15.40 14.80 14.20 13.60 12.90 14.30 15.70 16.50 84.40 74.00 63.50 57.80 52.20 54.70 57.20 57.80 58.40 58.10 57.90 57.80 57.80 56.40 55.00 53.30 51.60 47.80 44.00 43.80 43.70 48.30 52.90 56.70 60.50 60.00 59.50 55.80 52.10 50.40 48.70 46.80 44.80 44.00 43.30 44.00 44.80 44.20 43.70 42.20 40.60 39.50 38.30 38.00 37.70 38.60 39.50 46.90 54.40 57.30 60.30 57.30 54.30 52.20 50.20 50.20 50.20 50.40 50.60 47.40 44.20 39.60 35.00 33.10 31.30 32.00 32.80 32.40 32.10 29.20 26.30 25.10 24.00 25.90 27.80 28.00 28.20 24.90 21.60 19.80 18.10 17.80 17.50 18.10 18.70 18.50 18.40 17.90 17.40 16.90 16.30 16.40 16.40 16.30 16.20 16.50 16.70 18.10 19.50 21.30 23.10 23.10 23.20 22.20 21.30 20.00 18.80 18.00 17.20 16.30 15.50 15.10 14.80 16.00 17.30 17.60 80.70 70.20 59.70 57.90 56.10 58.60 61.10 60.00 58.80 58.10 57.30 56.50 55.60 53.20 50.70 49.60 48.50 47.50 46.50 46.70 46.80 51.50 56.20 61.20 66.20 67.40 68.60 61.90 55.20 51.50 47.80 46.50 45.20 44.50 43.80 45.60 47.30 47.70 48.00 45.60 43.20 40.70 38.20 37.30 36.40 37.20 38.00 47.20 56.30 60.10 63.90 59.50 55.00 52.60 50.10 50.40 50.80 51.20 51.50 48.40 45.20 41.40 37.50 33.40 29.20 30.60 31.90 31.60 31.20 28.50 25.70 25.90 26.10 28.40 30.60 30.10 29.60 26.10 22.60 20.70 18.80 18.20 17.50 18.10 18.60 18.70 18.70 18.20 17.70 17.20 16.70 16.80 16.90 16.60 16.30 17.30 18.30 19.80 21.30 23.60 25.90 25.20 24.50 23.40 22.20 21.10 20.00 19.50 18.90 17.80 16.80 16.70 16.60 17.70 18.80 18.70 77.50 69.60 61.60 59.80 58.00 59.00 60.10 58.80 57.60 56.90 56.20 54.90 53.70 52.40 51.10 50.40 49.80 48.40 47.10 46.70 46.30 49.90 53.50 58.10 62.70 64.40 66.00 62.80 59.50 55.40 51.30 48.90 46.40 45.50 44.60 46.80 49.00 48.60 48.20 46.00 43.90 41.60 39.30 39.70 40.20 44.30 48.50 55.10 61.80 62.20 62.60 58.40 54.20 52.70 51.30 51.60 52.00 52.40 52.90 49.60 46.30 42.90 39.50 36.90 34.20 33.10 31.90 30.90 30.00 28.80 27.60 28.30 29.00 29.80 30.70 30.60 30.50 29.00 27.50 25.60 23.80 22.30 20.80 20.30 19.80 19.20 18.70 18.20 17.70 17.90 18.10 18.40 18.70 18.10 17.60 18.30 19.00 20.10 21.20 22.70 24.20 23.60 23.10 22.10 21.10 20.50 19.90 19.50 19.20 18.40 17.70 17.80 17.80 18.60 19.30 19.30 74.30 68.90 63.50 61.70 59.80 59.40 59.00 57.70 56.40 55.70 55.00 53.40 51.70 51.60 51.50 51.30 51.00 49.40 47.70 46.80 45.80 48.30 50.80 55.00 59.20 61.30 63.40 63.60 63.80 59.30 54.80 51.20 47.60 46.40 45.30 48.00 50.70 49.50 48.30 46.40 44.60 42.40 40.30 42.20 44.00 51.50 58.90 63.10 67.20 64.30 61.30 57.40 53.40 52.90 52.40 52.80 53.10 53.70 54.30 50.80 47.30 44.40 41.50 40.40 39.20 35.60 31.90 30.30 28.70 29.10 29.50 30.70 31.90 31.30 30.70 31.00 31.30 31.90 32.40 30.60 28.70 26.40 24.10 22.50 20.90 19.80 18.60 18.20 17.70 18.60 19.40 19.90 20.40 19.60 18.80 19.30 19.70 20.40 21.10 21.80 22.40 22.00 21.60 20.80 20.00 19.90 19.80 19.60 19.40 19.00 18.60 18.80 19.00 19.40 19.80 20.00 72.90 69.50 66.10 62.50 58.80 57.20 55.50 54.50 53.50 54.60 55.70 54.40 53.10 51.00 48.80 48.90 49.00 48.30 47.50 46.80 46.10 48.20 50.40 53.40 56.50 58.00 59.50 59.70 59.90 56.80 53.70 51.10 48.40 47.60 46.70 47.80 49.00 48.10 47.20 46.90 46.60 45.40 44.30 46.90 49.50 55.30 61.10 62.90 64.70 61.20 57.60 54.60 51.70 51.20 50.80 50.50 50.20 50.20 50.30 47.90 45.50 43.00 40.40 40.00 39.60 37.40 35.30 32.80 30.30 30.10 30.00 30.80 31.60 30.30 29.10 29.70 30.40 31.50 32.50 30.90 29.30 27.30 25.30 24.40 23.60 22.70 21.80 20.60 19.30 20.00 20.60 20.70 20.70 20.40 20.10 20.30 20.50 20.80 21.10 21.80 22.60 22.40 22.20 21.10 20.10 19.90 19.70 19.50 19.30 19.70 20.00 20.90 21.90 22.80 23.80 24.70 71.50 70.10 68.70 63.30 57.80 54.90 52.00 51.30 50.60 53.50 56.40 55.50 54.50 50.30 46.10 46.60 47.00 47.20 47.30 46.80 46.30 48.20 50.00 51.90 53.70 54.60 55.50 55.70 55.90 54.20 52.50 50.90 49.30 48.70 48.00 47.60 47.20 46.70 46.10 47.40 48.60 48.40 48.20 51.60 54.90 59.10 63.20 62.70 62.20 58.10 53.90 51.90 49.90 49.60 49.20 48.20 47.20 46.70 46.20 45.00 43.70 41.50 39.30 39.60 39.90 39.30 38.60 35.20 31.80 31.10 30.40 30.90 31.30 29.40 27.40 28.50 29.50 31.10 32.60 31.30 29.90 28.20 26.50 26.40 26.20 25.60 25.00 23.00 20.90 21.30 21.80 21.40 21.00 21.20 21.40 21.30 21.30 21.20 21.10 21.90 22.70 22.80 22.80 21.50 20.10 19.80 19.50 19.40 19.30 20.30 21.30 23.00 24.70 26.20 27.70 29.40 </TempDataArray>
    </BinaryData>
    <End xmlns="" EndString="7777"/>
</gribObject>
