<?xml version="1.0" encoding="UTF-8" standalone="yes"?>
<gribObject xmlns:xsi="http://www.w3.org/2001/XMLSchema-instance" xmlns:xsd="http://www.w3.org/2001/XMLSchema" xmlns="http://c4i.mlt/ICDU/schema" ForecastTime="2025-09-27T12:00:00.000Z" RunTime="2025-09-27T12:00:00.000Z" ParameterName="Relative humidity" FileName="newsingapore">
    <Indicator xmlns="" GribHeader="GRIB" NumOfOctets="21" GribType="2"/>
    <ProductDefinition xmlns="" NumOfOctets="4" ParamTableVersion="2" OrigCenter="7" ProcessID="81" GridID="36" GDS_BDS_Flag="128" ParamAndUnits="157" LevelType="0" Level="100" ReferenceTime="27" Month="9" Day="27" Hour="12" Minute="0" ForecastTimeUnits="1" PeriodOfTime1="12" PeriodOfTime2="0" TimeRangeIndicator="1" NumInAverage="88" NumMissingAverage="0" CenturyOfReference="21" SubcenterID="0" DecimalScaleFactor="1" Reserved1="0" Lat1="-11000" Lon1="91000" Lat2="-9500" Lon2="105375" Di="125" Dj="125"/>
    <GridDescription xmlns="" NumOfOctets="72" NV="0" PV="255" DataRepresentationType="0">
        <LatLonProjection Ni="116" Nj="13" Flags="128" ScanFlags="64" Reserved="0"/>
    </GridDescription>
    <BinaryData xmlns="" NumOfOctets="6032" FlagsAndUnused="12" BinaryScaleFactor="0" ReferenceValue="661.000000" DatumPacked="1508" OptionalFlags="0">
        <TempDataArray>80.10 81.60 83.20 85.70 88.20 89.00 89.70 89.20 88.70 90.40 92.10 92.90 93.60 93.10 92.70 91.80 90.90 89.60 88.30 85.20 82.10 78.90 75.60 75.50 75.30 77.00 78.70 80.80 82.80 82.80 82.70 79.00 75.30 73.40 71.40 71.90 72.40 73.30 74.10 74.30 74.40 75.90 77.40 78.70 80.00 77.90 75.70 77.30 78.90 83.40 87.80 90.30 92.70 92.80 92.90 92.80 92.70 93.70 94.70 95.30 95.90 93.50 91.00 89.50 88.00 87.30 86.60 85.20 83.80 82.20 80.50 82.50 84.40 86.90 89.30 90.50 91.60 91.10 90.60 91.80 92.90 93.20 93.40 96.70 99.90 100.00 100.00 99.70 99.30 99.00 98.70 98.80 98.80 99.30 99.80 99.90 100.00 100.00 100.00 99.20 98.30 95.90 93.40 94.40 95.40 95.90 96.30 96.30 96.20 97.50 98.80 98.00 97.20 96.50 95.70 95.60 81.60 83.50 85.40 88.30 91.10 92.10 93.10 92.60 92.00 93.10 94.20 95.00 95.80 95.30 94.90 93.90 92.90 91.00 89.10 86.60 84.10 82.30 80.50 79.80 79.10 79.10 79.10 79.60 80.10 79.90 79.60 77.20 74.70 73.50 72.20 72.40 72.60 73.10 73.50 73.00 72.60 73.40 74.30 75.50 76.60 76.10 75.60 78.30 81.00 85.30 89.70 91.60 93.60 93.80 94.00 93.80 93.60 94.60 95.50 95.30 95.10 93.30 91.40 91.60 91.90 91.90 91.90 91.20 90.60 90.00 89.50 90.70 92.00 93.10 94.20 93.60 93.00 92.30 91.60 92.70 93.90 94.30 94.70 97.30 100.00 100.00 100.00 99.80 99.70 99.50 99.40 99.40 99.40 99.70 99.90 100.00 100.00 100.00 100.00 99.30 98.70 96.80 94.90 95.80 96.70 97.40 98.10 97.90 97.60 97.80 98.00 97.20 96.50 96.20 95.80 95.30 83.00 85.30 87.50 90.80 94.10 95.30 96.50 95.90 95.30 95.80 96.30 97.10 97.90 97.50 97.10 96.00 94.80 92.30 89.80 88.00 86.20 85.80 85.30 84.10 82.90 81.30 79.60 78.50 77.40 77.00 76.50 75.30 74.10 73.60 73.00 72.90 72.80 72.90 72.90 71.80 70.70 71.00 71.20 72.20 73.20 74.40 75.50 79.30 83.10 87.30 91.50 93.00 94.50 94.80 95.10 94.80 94.50 95.40 96.30 95.30 94.30 93.10 91.80 93.80 95.70 96.40 97.10 97.20 97.30 97.90 98.40 99.00 99.60 99.30 99.00 96.70 94.30 93.40 92.50 93.70 94.90 95.50 96.00 98.00 100.00 100.00 100.00 100.00 100.00 100.00 100.00 100.00 100.00 100.00 100.00 100.00 100.00 100.00 100.00 99.50 99.00 97.70 96.30 97.20 98.00 99.00 99.90 99.50 99.10 98.10 97.10 96.50 95.80 95.90 95.90 95.00 84.60 87.30 90.10 92.90 95.70 96.40 97.20 97.30 97.50 97.30 97.20 96.90 96.70 95.00 93.40 92.20 91.10 89.60 88.10 87.40 86.60 85.80 84.90 83.80 82.80 81.70 80.60 78.50 76.40 75.00 73.70 72.70 71.70 71.80 72.00 72.20 72.40 72.40 72.40 71.00 69.60 69.40 69.10 69.80 70.60 72.50 74.40 78.30 82.30 85.20 88.20 88.60 89.10 89.20 89.40 90.00 90.70 92.10 93.60 92.20 90.90 90.70 90.60 93.40 96.10 97.10 98.00 97.80 97.60 97.10 96.60 97.10 97.50 97.70 97.90 97.20 96.60 96.40 96.20 96.80 97.50 97.70 98.00 99.00 100.00 100.00 100.00 100.00 100.00 99.30 98.60 98.70 98.80 99.40 99.90 100.00 100.00 100.00 100.00 99.80 99.50 98.80 98.00 97.60 97.30 97.30 97.30 97.80 98.30 97.40 96.60 95.20 93.90 93.80 93.60 92.90 86.10 89.40 92.60 95.00 97.30 97.60 97.80 98.80 99.70 98.90 98.00 96.80 95.50 92.60 89.60 88.50 87.30 86.90 86.40 86.80 87.10 85.80 84.40 83.60 82.70 82.20 81.70 78.60 75.40 73.10 70.80 70.10 69.30 70.10 70.90 71.40 71.90 71.90 71.80 70.20 68.60 67.80 66.90 67.50 68.00 70.60 73.20 77.30 81.40 83.10 84.80 84.30 83.70 83.60 83.60 85.20 86.80 88.90 90.90 89.20 87.40 88.40 89.40 93.00 96.60 97.80 98.90 98.40 97.90 96.40 94.80 95.10 95.40 96.10 96.70 97.80 98.80 99.30 99.80 99.90 100.00 100.00 100.00 100.00 100.00 100.00 100.00 100.00 100.00 98.60 97.20 97.40 97.60 98.70 99.80 99.90 100.00 100.00 100.00 100.00 100.00 99.90 99.70 98.10 96.50 95.60 94.60 96.00 97.40 96.70 96.00 94.00 92.00 91.70 91.30 90.90 87.60 90.80 94.00 96.10 98.10 98.50 98.80 99.30 99.90 99.20 98.50 97.30 96.20 93.80 91.50 91.00 90.60 90.30 90.00 89.50 89.10 87.30 85.60 85.10 84.60 84.30 84.00 80.70 77.50 75.20 72.90 72.40 71.90 72.10 72.30 72.50 72.70 72.50 72.30 70.70 69.10 68.00 66.90 67.00 67.10 68.90 70.70 73.60 76.50 77.60 78.60 78.50 78.50 79.20 80.00 81.40 82.80 84.10 85.40 84.50 83.60 84.50 85.30 88.10 90.80 92.40 93.90 92.40 90.90 88.10 85.20 85.70 86.10 88.70 91.20 94.80 98.40 99.20 99.90 100.00 100.00 100.00 100.00 100.00 100.00 100.00 100.00 100.00 100.00 99.30 98.60 98.40 98.30 98.50 98.80 99.40 100.00 100.00 100.00 99.90 99.90 98.20 96.50 94.00 91.60 90.80 90.10 92.60 95.20 95.40 95.60 94.00 92.50 93.10 93.80 94.10 89.20 92.30 95.40 97.20 98.90 99.40 99.80 99.90 100.00 99.50 98.90 97.90 96.80 95.10 93.30 93.60 93.80 93.70 93.50 92.30 91.00 88.90 86.80 86.70 86.50 86.40 86.20 82.90 79.50 77.20 74.90 74.70 74.40 74.10 73.70 73.60 73.50 73.20 72.80 71.20 69.60 68.20 66.80 66.50 66.10 67.10 68.20 69.90 71.60 72.00 72.40 72.80 73.20 74.80 76.40 77.60 78.70 79.30 79.80 79.80 79.80 80.50 81.20 83.10 85.00 87.00 88.90 86.40 83.90 79.80 75.60 76.20 76.80 81.30 85.70 91.90 98.00 99.00 100.00 100.00 100.00 100.00 100.00 100.00 100.00 100.00 100.00 100.00 100.00 100.00 100.00 99.50 98.90 98.40 97.80 98.90 100.00 100.00 100.00 99.90 99.70 96.50 93.30 90.00 86.60 86.10 85.60 89.30 92.90 94.00 95.10 94.00 92.90 94.60 96.30 97.40 89.90 92.90 95.90 97.70 99.40 99.70 99.90 100.00 100.00 99.20 98.50 97.20 95.90 94.90 94.00 94.60 95.30 95.20 95.10 93.60 92.10 89.70 87.40 87.30 87.20 87.10 86.90 85.00 83.00 81.50 80.00 79.40 78.90 78.20 77.50 76.90 76.30 76.00 75.80 74.70 73.60 72.00 70.40 69.20 68.10 68.20 68.30 68.80 69.30 69.60 69.90 71.00 72.10 74.00 75.90 77.40 79.00 80.50 82.00 81.80 81.60 81.60 81.60 81.50 81.50 82.10 82.80 80.70 78.60 76.00 73.50 74.50 75.50 79.50 83.60 88.10 92.70 93.20 93.70 94.40 95.10 97.20 99.40 99.70 100.00 99.80 99.60 98.90 98.30 99.00 99.70 99.60 99.50 98.80 98.20 99.10 100.00 100.00 100.00 99.80 99.60 96.40 93.10 89.80 86.60 86.40 86.30 89.40 92.50 93.40 94.40 94.20 94.10 96.10 98.00 98.60 90.60 93.50 96.40 98.20 99.90 100.00 100.00 100.00 100.00 99.00 98.00 96.50 95.00 94.80 94.60 95.70 96.80 96.80 96.70 94.90 93.10 90.60 88.00 88.00 87.90 87.80 87.60 87.10 86.50 85.80 85.10 84.20 83.30 82.30 81.30 80.20 79.10 78.90 78.70 78.20 77.70 75.90 74.00 72.00 70.00 69.20 68.40 67.70 66.90 67.10 67.30 69.10 70.90 73.20 75.40 77.30 79.20 81.60 84.10 83.70 83.30 82.70 82.00 80.00 77.90 77.30 76.60 74.90 73.20 72.30 71.40 72.80 74.20 77.80 81.40 84.40 87.40 87.40 87.30 88.80 90.20 94.50 98.70 99.40 100.00 99.60 99.10 97.80 96.50 98.00 99.40 99.70 100.00 99.30 98.60 99.30 99.90 100.00 100.00 99.80 99.60 96.20 92.80 89.70 86.50 86.70 86.90 89.50 92.10 92.90 93.60 94.50 95.30 97.50 99.70 99.80 88.80 89.90 91.00 93.50 96.00 97.40 98.90 99.10 99.30 98.00 96.70 94.00 91.40 91.20 91.10 93.40 95.80 96.90 98.00 96.00 94.00 90.80 87.70 87.50 87.30 87.60 87.90 87.50 87.10 86.40 85.60 84.30 83.00 81.50 80.10 79.20 78.40 78.60 78.80 78.70 78.60 76.50 74.40 72.80 71.20 71.40 71.70 71.20 70.60 70.10 69.70 70.80 71.90 74.30 76.70 78.40 80.00 81.00 82.00 80.80 79.60 79.00 78.50 77.30 76.20 76.70 77.10 76.40 75.70 75.40 75.00 75.70 76.30 78.50 80.80 82.10 83.50 83.80 84.20 85.60 87.00 90.90 94.90 97.10 99.30 98.90 98.60 96.90 95.20 97.20 99.20 99.60 100.00 99.60 99.20 99.60 100.00 100.00 100.00 99.90 99.80 98.10 96.40 94.80 93.20 92.80 92.30 93.70 95.00 95.20 95.40 94.80 94.30 94.70 95.20 95.80 87.00 86.30 85.60 88.80 92.00 94.90 97.70 98.10 98.60 97.00 95.30 91.60 87.80 87.70 87.50 91.20 94.80 97.10 99.30 97.10 94.90 91.10 87.30 87.00 86.60 87.40 88.20 88.00 87.70 86.90 86.10 84.40 82.60 80.80 78.90 78.30 77.60 78.20 78.80 79.10 79.40 77.10 74.80 73.60 72.30 73.70 75.00 74.70 74.30 73.20 72.00 72.50 72.90 75.50 78.00 79.40 80.80 80.40 79.90 77.90 75.80 75.40 74.90 74.70 74.40 76.10 77.70 78.00 78.20 78.40 78.60 78.50 78.40 79.30 80.10 79.80 79.50 80.30 81.00 82.40 83.80 87.40 91.00 94.80 98.60 98.30 98.00 96.00 93.90 96.40 98.90 99.50 100.00 99.90 99.80 99.90 100.00 100.00 100.00 100.00 100.00 100.00 100.00 100.00 99.90 98.80 97.70 97.80 97.90 97.50 97.10 95.10 93.20 92.00 90.70 91.80 79.80 78.60 77.30 80.70 84.00 87.70 91.50 93.90 96.30 95.40 94.60 90.10 85.60 86.10 86.60 90.90 95.20 96.80 98.40 96.60 94.80 91.80 88.80 87.40 86.00 85.80 85.50 84.90 84.40 83.10 81.80 80.80 79.80 79.00 78.20 78.00 77.70 78.10 78.60 78.30 78.00 75.70 73.40 72.60 71.90 73.30 74.70 74.70 74.60 74.00 73.30 73.80 74.40 76.60 78.80 78.90 79.00 76.90 74.90 73.50 72.20 72.00 71.70 72.10 72.40 74.90 77.50 79.30 81.10 83.40 85.60 86.80 87.90 87.10 86.40 86.40 86.50 87.60 88.70 89.60 90.60 92.40 94.30 96.80 99.30 99.20 99.00 98.00 97.00 98.20 99.50 99.70 100.00 100.00 99.90 100.00 100.00 100.00 100.00 100.00 100.00 100.00 100.00 100.00 100.00 99.30 98.60 97.90 97.20 95.00 92.70 90.90 89.10 88.00 87.00 86.90 72.60 70.80 69.00 72.50 76.00 80.60 85.20 89.60 93.90 93.90 93.90 88.60 83.30 84.50 85.70 90.60 95.60 96.60 97.50 96.10 94.60 92.40 90.20 87.80 85.40 84.10 82.80 81.90 81.00 79.20 77.40 77.20 76.90 77.20 77.50 77.70 77.80 78.10 78.30 77.40 76.50 74.30 72.00 71.70 71.40 72.90 74.40 74.70 74.90 74.80 74.60 75.20 75.80 77.70 79.50 78.30 77.10 73.50 69.80 69.20 68.60 68.60 68.50 69.50 70.40 73.80 77.20 80.60 84.10 88.40 92.70 95.00 97.30 95.00 92.70 93.10 93.40 94.90 96.40 96.90 97.30 97.50 97.60 98.80 100.00 100.00 100.00 100.00 100.00 100.00 100.00 100.00 100.00 100.00 100.00 100.00 100.00 100.00 100.00 100.00 100.00 100.00 100.00 100.00 100.00 99.80 99.60 98.10 96.50 92.40 88.30 86.60 84.90 84.10 83.20 82.10 </TempDataArray>
    </BinaryData>
    <End xmlns="" EndString="7777"/>
</gribObject>
