<?xml version="1.0" encoding="UTF-8" standalone="yes"?>
<gribObject xmlns:xsi="http://www.w3.org/2001/XMLSchema-instance" xmlns:xsd="http://www.w3.org/2001/XMLSchema" xmlns="http://c4i.mlt/ICDU/schema" ForecastTime="2025-09-28T12:00:00.000Z" RunTime="2025-09-28T12:00:00.000Z" ParameterName="Relative humidity" FileName="newsingapore">
    <Indicator xmlns="" GribHeader="GRIB" NumOfOctets="21" GribType="2"/>
    <ProductDefinition xmlns="" NumOfOctets="4" ParamTableVersion="2" OrigCenter="7" ProcessID="81" GridID="36" GDS_BDS_Flag="128" ParamAndUnits="157" LevelType="0" Level="300" ReferenceTime="28" Month="9" Day="28" Hour="12" Minute="0" ForecastTimeUnits="1" PeriodOfTime1="12" PeriodOfTime2="0" TimeRangeIndicator="1" NumInAverage="24" NumMissingAverage="0" CenturyOfReference="21" SubcenterID="0" DecimalScaleFactor="1" Reserved1="0" Lat1="-11000" Lon1="91000" Lat2="-9500" Lon2="105375" Di="125" Dj="125"/>
    <GridDescription xmlns="" NumOfOctets="72" NV="0" PV="255" DataRepresentationType="0">
        <LatLonProjection Ni="116" Nj="13" Flags="128" ScanFlags="64" Reserved="0"/>
    </GridDescription>
    <BinaryData xmlns="" NumOfOctets="6032" FlagsAndUnused="12" BinaryScaleFactor="0" ReferenceValue="63.000000" DatumPacked="1508" OptionalFlags="0">
        <TempDataArray>29.90 24.90 19.90 16.30 12.60 14.30 15.90 17.50 19.00 19.50 20.00 22.00 23.90 21.80 19.70 18.00 16.30 17.10 17.90 18.00 18.10 18.60 19.00 18.80 18.50 18.90 19.20 19.30 19.30 20.40 21.50 24.20 26.90 26.00 25.10 25.00 24.90 26.30 27.60 27.60 27.50 27.00 26.50 24.20 21.90 23.00 24.00 24.10 24.10 24.00 23.80 24.40 25.00 28.30 31.50 32.70 33.90 31.10 28.20 26.50 24.80 23.20 21.50 22.90 24.20 25.10 26.00 24.20 22.40 21.00 19.60 17.80 16.00 16.30 16.50 18.30 20.00 21.90 23.70 22.30 20.80 22.50 24.10 23.90 23.60 22.50 21.40 18.40 15.30 15.00 14.70 16.50 18.30 19.60 20.80 19.80 18.80 15.40 12.00 11.70 11.30 11.50 11.60 14.10 16.60 15.70 14.70 13.70 12.60 12.40 12.10 12.30 12.40 11.50 10.70 9.60 32.00 28.30 24.50 22.50 20.60 22.30 24.10 24.50 25.00 25.10 25.10 25.20 25.20 21.80 18.40 18.00 17.60 18.70 19.70 20.10 20.40 20.40 20.50 19.60 18.70 19.60 20.60 20.80 21.00 22.30 23.60 25.80 28.00 27.10 26.30 26.60 26.90 27.80 28.70 28.90 29.10 28.00 26.90 24.90 22.80 23.80 24.80 24.60 24.40 24.10 23.70 24.80 25.90 28.20 30.50 30.50 30.50 28.30 26.00 25.70 25.30 24.60 23.90 24.90 26.00 26.50 27.00 24.80 22.70 21.20 19.80 18.60 17.40 18.40 19.40 20.70 22.00 24.10 26.30 25.00 23.80 24.70 25.70 25.10 24.50 22.50 20.50 17.50 14.50 14.00 13.60 15.40 17.10 18.30 19.60 18.80 18.10 16.10 14.00 12.90 11.80 11.20 10.50 12.30 14.00 13.20 12.50 11.50 10.50 10.90 11.20 11.70 12.20 11.70 11.30 10.50 34.10 31.60 29.10 28.80 28.50 30.40 32.20 31.60 31.00 30.60 30.20 28.40 26.50 21.80 17.00 18.00 18.90 20.20 21.50 22.10 22.70 22.30 21.90 20.40 18.90 20.40 21.90 22.30 22.60 24.20 25.70 27.40 29.10 28.30 27.40 28.20 28.90 29.30 29.70 30.20 30.70 29.00 27.20 25.50 23.80 24.70 25.60 25.20 24.70 24.20 23.60 25.20 26.70 28.10 29.40 28.30 27.10 25.50 23.80 24.80 25.90 26.10 26.20 27.00 27.70 27.90 28.00 25.50 22.90 21.40 19.90 19.30 18.80 20.50 22.20 23.10 23.90 26.40 28.90 27.80 26.70 27.00 27.30 26.40 25.40 22.50 19.60 16.60 13.60 13.10 12.50 14.20 15.90 17.20 18.40 17.90 17.40 16.70 16.00 14.20 12.30 10.90 9.40 10.40 11.40 10.80 10.20 9.30 8.40 9.40 10.30 11.20 12.00 11.90 11.80 11.30 37.10 34.70 32.40 31.10 29.90 31.20 32.40 31.90 31.30 30.60 29.90 28.30 26.80 23.50 20.30 20.20 20.20 20.40 20.60 21.10 21.50 21.40 21.30 21.20 21.10 22.40 23.80 24.30 24.90 26.40 27.90 29.00 30.10 29.60 29.20 30.00 30.80 30.80 30.90 31.30 31.70 29.80 27.90 26.90 25.90 26.20 26.50 25.90 25.30 25.20 25.10 25.50 25.90 26.20 26.40 26.10 25.70 24.50 23.30 24.80 26.40 26.70 27.00 27.60 28.20 28.20 28.20 25.50 22.90 21.80 20.60 21.40 22.20 24.10 26.00 26.00 26.00 26.70 27.40 26.30 25.30 24.80 24.40 22.60 20.80 18.80 16.90 15.70 14.40 14.10 13.90 15.00 16.10 16.70 17.30 17.20 17.00 17.30 17.60 15.40 13.20 10.90 8.50 9.10 9.70 9.00 8.40 7.90 7.40 8.30 9.20 10.00 10.90 10.70 10.60 9.70 40.00 37.80 35.60 33.40 31.30 32.00 32.60 32.10 31.60 30.60 29.50 28.30 27.00 25.30 23.60 22.50 21.40 20.60 19.70 20.00 20.30 20.60 20.80 22.00 23.20 24.50 25.70 26.40 27.10 28.60 30.10 30.60 31.00 31.00 30.90 31.80 32.60 32.30 32.00 32.40 32.70 30.70 28.60 28.30 28.00 27.70 27.30 26.60 25.80 26.20 26.50 25.80 25.10 24.30 23.40 23.80 24.30 23.50 22.70 24.80 26.90 27.40 27.80 28.20 28.60 28.50 28.30 25.60 22.90 22.10 21.30 23.40 25.50 27.60 29.70 28.90 28.10 27.00 25.90 24.80 23.80 22.70 21.50 18.80 16.10 15.20 14.20 14.70 15.20 15.20 15.20 15.80 16.30 16.30 16.30 16.40 16.50 17.80 19.10 16.60 14.10 10.90 7.60 7.80 7.90 7.30 6.60 6.50 6.30 7.20 8.00 8.90 9.70 9.50 9.40 8.20 39.20 37.10 34.90 32.80 30.70 29.90 29.10 27.20 25.40 25.80 26.20 27.00 27.80 25.80 23.70 23.10 22.60 22.20 21.80 21.30 20.70 21.50 22.30 23.30 24.20 25.20 26.10 26.80 27.40 28.90 30.50 31.10 31.70 32.10 32.60 33.10 33.60 33.00 32.40 32.70 33.10 30.70 28.40 27.90 27.40 26.70 26.00 26.10 26.30 26.60 26.90 25.30 23.80 23.60 23.40 24.80 26.20 26.00 25.80 27.20 28.60 28.80 28.90 29.10 29.30 29.20 29.20 26.40 23.60 23.30 23.10 25.90 28.70 30.10 31.40 29.60 27.80 26.00 24.30 22.30 20.30 19.50 18.60 17.20 15.70 14.80 13.80 13.70 13.60 14.10 14.70 15.60 16.50 16.10 15.60 14.70 13.90 14.80 15.80 14.00 12.20 9.80 7.50 7.40 7.30 7.00 6.60 7.30 8.00 9.40 10.80 11.00 11.30 11.00 10.70 8.70 38.30 36.30 34.30 32.20 30.00 27.80 25.50 22.30 19.10 21.00 22.80 25.70 28.60 26.20 23.80 23.80 23.70 23.80 23.90 22.50 21.10 22.50 23.80 24.50 25.20 25.90 26.50 27.10 27.70 29.30 30.80 31.60 32.30 33.30 34.30 34.40 34.50 33.60 32.70 33.10 33.50 30.80 28.10 27.50 26.80 25.70 24.60 25.70 26.70 27.00 27.30 24.80 22.40 22.90 23.40 25.70 28.00 28.40 28.80 29.60 30.30 30.20 30.00 30.00 30.00 30.00 30.00 27.10 24.20 24.50 24.80 28.40 31.90 32.50 33.10 30.30 27.40 25.00 22.60 19.80 16.90 16.30 15.70 15.50 15.30 14.40 13.40 12.70 11.90 13.10 14.20 15.50 16.70 15.80 14.90 13.10 11.20 11.90 12.50 11.40 10.30 8.80 7.30 7.00 6.70 6.70 6.60 8.20 9.70 11.60 13.50 13.20 12.90 12.40 11.90 9.20 36.60 34.40 32.20 30.80 29.40 28.40 27.50 25.70 23.90 24.70 25.50 26.60 27.70 26.90 26.10 26.80 27.50 27.70 27.90 27.00 26.20 26.30 26.50 26.50 26.50 26.40 26.40 26.80 27.20 29.50 31.90 33.80 35.80 35.80 35.70 35.30 34.80 34.10 33.40 32.50 31.60 29.50 27.40 26.20 25.10 24.40 23.80 26.50 29.20 29.70 30.20 29.10 27.90 28.10 28.40 29.30 30.30 30.50 30.70 31.00 31.40 30.80 30.20 30.30 30.40 30.40 30.40 27.70 25.10 25.70 26.30 29.60 32.90 32.70 32.40 30.80 29.10 26.60 24.10 19.80 15.50 15.30 15.10 14.80 14.40 13.20 11.90 11.50 11.00 12.50 13.90 15.30 16.60 15.70 14.70 13.30 11.90 13.70 15.50 14.90 14.30 11.90 9.50 9.10 8.80 9.20 9.50 11.90 14.20 16.20 18.20 16.70 15.30 13.50 11.70 9.10 34.80 32.50 30.10 29.40 28.70 29.10 29.50 29.10 28.60 28.40 28.10 27.50 26.80 27.60 28.30 29.80 31.30 31.60 31.90 31.60 31.20 30.20 29.10 28.40 27.70 27.00 26.30 26.50 26.70 29.80 32.90 36.10 39.30 38.20 37.10 36.10 35.10 34.60 34.00 31.80 29.60 28.10 26.60 25.00 23.30 23.20 23.00 27.40 31.70 32.40 33.10 33.30 33.40 33.40 33.30 32.90 32.60 32.60 32.60 32.50 32.40 31.40 30.30 30.50 30.70 30.70 30.70 28.40 26.00 26.90 27.70 30.80 33.90 32.90 31.80 31.30 30.80 28.20 25.60 19.80 14.00 14.30 14.50 14.00 13.50 12.00 10.40 10.30 10.10 11.90 13.60 15.10 16.50 15.50 14.50 13.50 12.50 15.50 18.50 18.40 18.30 15.00 11.60 11.30 10.90 11.70 12.40 15.60 18.70 20.80 22.80 20.30 17.70 14.60 11.40 9.00 33.40 31.90 30.40 29.60 28.90 28.40 27.90 27.70 27.50 27.90 28.40 28.60 28.80 30.60 32.40 33.80 35.20 35.60 35.90 35.70 35.50 33.50 31.60 29.80 28.00 27.10 26.30 26.80 27.30 31.80 36.30 38.90 41.50 39.10 36.80 36.00 35.30 34.00 32.70 29.90 27.10 26.10 25.20 24.30 23.30 25.10 26.80 29.80 32.90 33.80 34.60 34.70 34.90 34.80 34.80 34.30 33.80 33.20 32.60 32.30 32.00 31.40 30.70 31.00 31.30 31.10 30.90 30.00 29.10 30.70 32.40 34.10 35.70 35.30 34.90 37.10 39.20 35.00 30.80 22.80 14.80 14.30 13.70 13.00 12.30 11.30 10.40 11.60 12.90 14.90 16.90 17.60 18.40 17.70 17.10 16.50 15.90 18.10 20.40 19.90 19.50 17.90 16.30 16.70 17.10 17.20 17.20 19.20 21.30 22.70 24.10 22.80 21.60 17.30 13.00 10.30 32.10 31.40 30.60 29.90 29.10 27.70 26.30 26.30 26.30 27.50 28.70 29.70 30.70 33.70 36.60 37.90 39.10 39.50 39.90 39.80 39.70 36.90 34.10 31.20 28.20 27.20 26.20 27.00 27.80 33.80 39.70 41.70 43.70 40.10 36.40 36.00 35.50 33.40 31.30 27.90 24.50 24.20 23.80 23.60 23.40 27.00 30.50 32.30 34.10 35.10 36.10 36.20 36.30 36.30 36.30 35.60 34.90 33.70 32.50 32.10 31.60 31.40 31.10 31.50 31.80 31.50 31.10 31.60 32.10 34.60 37.10 37.30 37.50 37.80 38.10 42.90 47.60 41.80 35.90 25.80 15.60 14.30 12.90 12.00 11.00 10.70 10.30 13.00 15.60 17.90 20.10 20.20 20.30 20.00 19.60 19.50 19.30 20.80 22.20 21.50 20.70 20.90 21.00 22.20 23.30 22.70 22.00 22.90 23.80 24.60 25.30 25.30 25.40 20.00 14.50 11.70 31.00 30.20 29.50 29.20 28.90 28.50 28.00 29.00 30.10 31.30 32.60 33.20 33.90 35.70 37.40 39.40 41.40 42.30 43.10 41.50 40.00 36.40 32.90 30.10 27.40 26.70 25.90 27.50 29.10 34.80 40.50 41.40 42.40 39.30 36.30 35.30 34.30 31.40 28.60 26.00 23.40 22.80 22.20 24.10 26.00 30.00 33.90 34.50 35.20 35.40 35.60 35.60 35.70 35.70 35.70 34.70 33.80 32.40 31.10 31.40 31.70 31.80 31.90 32.00 32.10 32.70 33.40 34.80 36.20 37.70 39.20 39.00 38.80 41.00 43.20 45.70 48.30 41.20 34.20 25.70 17.30 15.50 13.70 13.80 13.90 14.80 15.80 17.90 20.00 21.90 23.80 22.60 21.40 20.70 19.90 19.60 19.20 19.50 19.80 19.40 19.00 21.10 23.10 24.30 25.50 24.00 22.60 22.80 23.10 23.80 24.60 25.40 26.20 23.10 20.10 16.70 29.80 29.10 28.40 28.60 28.70 29.20 29.70 31.80 33.80 35.20 36.50 36.80 37.00 37.70 38.30 41.00 43.70 45.00 46.30 43.30 40.20 35.90 31.60 29.10 26.60 26.10 25.60 28.00 30.30 35.80 41.30 41.20 41.00 38.60 36.20 34.60 33.00 29.50 25.90 24.10 22.20 21.40 20.60 24.60 28.60 33.00 37.30 36.80 36.20 35.60 35.00 35.10 35.10 35.10 35.00 33.80 32.60 31.20 29.70 30.80 31.80 32.20 32.60 32.40 32.30 33.90 35.60 37.90 40.30 40.80 41.30 40.70 40.10 44.20 48.20 48.60 48.90 40.70 32.40 25.70 18.90 16.70 14.40 15.60 16.80 19.00 21.20 22.80 24.40 25.90 27.40 25.00 22.50 21.40 20.20 19.70 19.10 18.20 17.30 17.30 17.30 21.30 25.20 26.50 27.70 25.40 23.10 22.70 22.30 23.10 23.90 25.50 27.00 26.30 25.60 21.80 </TempDataArray>
    </BinaryData>
    <End xmlns="" EndString="7777"/>
</gribObject>
