<?xml version="1.0" encoding="UTF-8" standalone="yes"?>
<gribObject xmlns:xsi="http://www.w3.org/2001/XMLSchema-instance" xmlns:xsd="http://www.w3.org/2001/XMLSchema" xmlns="http://c4i.mlt/ICDU/schema" ForecastTime="2025-09-28T12:00:00.000Z" RunTime="2025-09-28T12:00:00.000Z" ParameterName="Relative humidity" FileName="newsingapore">
    <Indicator xmlns="" GribHeader="GRIB" NumOfOctets="21" GribType="2"/>
    <ProductDefinition xmlns="" NumOfOctets="4" ParamTableVersion="2" OrigCenter="7" ProcessID="81" GridID="36" GDS_BDS_Flag="128" ParamAndUnits="157" LevelType="0" Level="100" ReferenceTime="28" Month="9" Day="28" Hour="12" Minute="0" ForecastTimeUnits="1" PeriodOfTime1="12" PeriodOfTime2="0" TimeRangeIndicator="1" NumInAverage="74" NumMissingAverage="0" CenturyOfReference="21" SubcenterID="0" DecimalScaleFactor="1" Reserved1="0" Lat1="-11000" Lon1="91000" Lat2="-9500" Lon2="105375" Di="125" Dj="125"/>
    <GridDescription xmlns="" NumOfOctets="72" NV="0" PV="255" DataRepresentationType="0">
        <LatLonProjection Ni="116" Nj="13" Flags="128" ScanFlags="64" Reserved="0"/>
    </GridDescription>
    <BinaryData xmlns="" NumOfOctets="6032" FlagsAndUnused="12" BinaryScaleFactor="0" ReferenceValue="552.000000" DatumPacked="1508" OptionalFlags="0">
        <TempDataArray>59.90 60.00 60.10 60.70 61.20 62.70 64.10 65.00 65.80 66.30 66.70 67.60 68.40 69.40 70.40 72.90 75.40 79.10 82.70 84.90 87.10 87.20 87.30 86.60 85.80 85.40 85.00 85.50 86.00 86.90 87.70 87.60 87.50 86.20 84.90 84.40 83.90 83.30 82.60 82.80 82.90 83.00 83.10 83.10 83.20 84.20 85.20 85.00 84.80 82.80 80.80 78.60 76.40 75.60 74.70 75.50 76.30 77.40 78.40 79.40 80.30 80.60 80.90 79.80 78.70 78.00 77.20 77.00 76.70 76.80 76.90 76.70 76.40 76.60 76.80 79.30 81.80 84.00 86.10 84.40 82.60 82.80 82.90 86.30 89.60 87.60 85.70 85.40 85.10 85.50 85.80 86.90 88.00 90.50 92.90 95.60 98.20 98.40 98.60 98.50 98.40 97.60 96.70 95.00 93.30 91.80 90.20 88.30 86.30 87.00 87.70 89.60 91.50 91.50 91.40 91.20 60.80 60.80 60.80 61.70 62.60 64.20 65.90 66.90 67.90 68.30 68.80 69.70 70.60 71.80 73.00 75.20 77.50 79.80 82.10 82.90 83.70 83.40 83.20 82.70 82.30 82.00 81.70 81.60 81.60 81.50 81.50 81.30 81.10 80.30 79.50 79.10 78.80 78.40 78.10 78.70 79.30 79.60 79.90 80.70 81.60 82.40 83.30 82.30 81.40 79.40 77.40 76.90 76.30 76.60 76.90 77.60 78.30 78.90 79.50 80.80 82.20 82.00 81.80 81.00 80.30 79.70 79.20 78.50 77.90 77.70 77.50 77.10 76.70 77.50 78.30 81.50 84.80 87.20 89.70 88.70 87.70 87.60 87.60 88.60 89.70 88.70 87.70 87.80 87.90 87.90 87.90 88.80 89.70 91.50 93.20 94.20 95.20 94.90 94.50 93.30 92.20 91.10 90.00 88.90 87.80 87.50 87.30 86.20 85.20 86.20 87.30 88.60 90.00 90.00 90.10 90.20 61.70 61.60 61.40 62.70 63.90 65.80 67.60 68.80 69.90 70.40 70.80 71.80 72.80 74.20 75.50 77.60 79.60 80.60 81.60 81.00 80.30 79.70 79.00 78.90 78.80 78.60 78.30 77.70 77.10 76.20 75.30 75.00 74.70 74.40 74.10 73.90 73.60 73.60 73.60 74.60 75.60 76.10 76.60 78.30 79.90 80.70 81.40 79.70 77.90 76.00 74.00 75.10 76.20 77.60 79.00 79.60 80.20 80.40 80.50 82.30 84.10 83.40 82.60 82.20 81.80 81.50 81.20 80.10 79.00 78.50 78.00 77.50 76.90 78.30 79.70 83.70 87.70 90.50 93.30 93.10 92.80 92.50 92.20 91.00 89.80 89.80 89.70 90.20 90.70 90.30 89.90 90.70 91.40 92.50 93.50 92.90 92.20 91.30 90.40 88.20 85.90 84.60 83.30 82.80 82.20 83.30 84.30 84.20 84.00 85.50 86.90 87.70 88.40 88.60 88.70 89.30 63.20 63.30 63.50 64.60 65.80 67.30 68.70 69.50 70.30 70.70 71.10 72.40 73.60 74.80 76.10 77.10 78.10 78.00 77.90 76.60 75.30 75.50 75.60 75.90 76.10 74.60 73.10 72.20 71.30 71.00 70.70 70.80 71.00 71.00 71.00 71.00 71.00 71.10 71.10 71.90 72.60 73.30 74.00 74.70 75.50 75.20 75.00 74.00 73.00 72.10 71.20 73.20 75.10 76.10 77.10 77.20 77.30 78.20 79.10 80.50 81.90 82.10 82.30 82.40 82.50 81.70 80.90 80.20 79.50 80.00 80.60 80.60 80.70 81.70 82.70 84.90 87.10 89.00 90.90 91.90 92.90 92.70 92.50 91.30 90.20 88.60 87.00 86.80 86.60 86.40 86.20 87.00 87.80 88.40 89.00 88.20 87.30 86.30 85.40 83.60 81.80 80.70 79.50 78.80 78.10 79.00 80.00 80.70 81.40 83.50 85.60 86.50 87.40 87.80 88.10 88.90 64.60 65.10 65.50 66.60 67.70 68.80 69.80 70.20 70.60 71.00 71.40 72.90 74.40 75.50 76.60 76.60 76.50 75.30 74.10 72.20 70.30 71.30 72.20 72.80 73.40 70.70 67.90 66.70 65.50 65.80 66.00 66.60 67.20 67.50 67.80 68.10 68.40 68.50 68.60 69.10 69.60 70.50 71.30 71.20 71.00 69.80 68.50 68.30 68.00 68.20 68.40 71.20 74.00 74.60 75.20 74.80 74.30 76.00 77.60 78.60 79.70 80.80 81.90 82.60 83.20 81.90 80.60 80.30 79.90 81.50 83.10 83.80 84.50 85.10 85.70 86.10 86.50 87.50 88.50 90.80 93.00 92.90 92.70 91.60 90.50 87.40 84.30 83.40 82.40 82.50 82.50 83.40 84.20 84.40 84.50 83.50 82.40 81.40 80.30 79.00 77.70 76.70 75.70 74.80 73.90 74.80 75.60 77.20 78.80 81.60 84.30 85.40 86.40 87.00 87.60 88.60 64.40 64.80 65.10 66.10 67.10 68.10 69.20 69.80 70.40 70.60 70.80 71.50 72.20 72.60 73.10 73.10 73.10 71.80 70.60 69.10 67.70 68.00 68.40 68.70 69.10 67.80 66.50 65.90 65.30 65.40 65.50 66.10 66.70 67.30 68.00 68.60 69.20 69.90 70.60 71.50 72.30 72.20 72.20 71.20 70.20 69.00 67.90 67.90 68.00 68.30 68.70 70.50 72.30 73.20 74.10 74.00 73.90 75.20 76.50 77.50 78.50 79.30 80.20 80.30 80.40 79.80 79.20 79.80 80.30 81.70 83.10 83.10 83.10 83.50 83.90 84.40 85.00 86.00 87.10 88.40 89.60 88.80 88.10 85.80 83.50 81.60 79.60 79.40 79.30 78.90 78.50 79.00 79.50 79.50 79.50 78.60 77.70 76.60 75.50 75.00 74.60 73.60 72.60 72.00 71.30 72.00 72.60 74.20 75.80 78.50 81.30 81.90 82.50 83.80 85.00 83.90 64.20 64.50 64.70 65.60 66.50 67.50 68.50 69.40 70.20 70.20 70.20 70.10 69.90 69.70 69.50 69.60 69.60 68.30 67.00 66.10 65.10 64.80 64.50 64.70 64.80 65.00 65.10 65.10 65.10 65.00 64.90 65.60 66.20 67.10 68.10 69.10 70.00 71.40 72.70 73.80 74.90 74.00 73.10 71.20 69.30 68.30 67.20 67.60 68.00 68.50 68.90 69.70 70.50 71.70 72.90 73.20 73.50 74.50 75.40 76.30 77.20 77.90 78.50 78.00 77.50 77.70 77.80 79.30 80.70 82.00 83.20 82.40 81.60 81.80 82.00 82.70 83.40 84.60 85.70 86.00 86.20 84.80 83.40 80.00 76.50 75.70 74.90 75.50 76.10 75.30 74.40 74.60 74.80 74.70 74.50 73.80 73.00 71.80 70.60 71.00 71.40 70.50 69.60 69.10 68.70 69.10 69.60 71.10 72.70 75.50 78.20 78.40 78.60 80.50 82.40 79.30 63.80 63.90 64.10 64.90 65.70 66.00 66.30 66.10 66.00 65.70 65.40 66.10 66.80 67.90 69.10 68.90 68.70 67.00 65.30 64.50 63.60 62.80 62.10 62.00 62.00 63.30 64.60 64.50 64.50 64.80 65.10 66.20 67.40 67.60 67.70 67.90 68.20 69.60 71.00 72.00 73.00 73.00 72.90 71.70 70.40 68.90 67.40 67.30 67.20 67.20 67.30 68.30 69.30 70.50 71.70 71.50 71.20 71.50 71.80 73.20 74.60 75.80 76.90 77.00 77.10 77.90 78.80 79.80 80.70 81.70 82.70 82.00 81.40 81.50 81.60 82.90 84.20 84.00 83.90 83.10 82.30 80.80 79.40 77.50 75.60 75.70 75.80 76.00 76.20 74.70 73.10 73.10 73.10 73.30 73.60 72.00 70.40 69.80 69.30 70.30 71.40 71.20 71.00 71.40 71.90 72.30 72.80 72.70 72.60 73.60 74.70 75.40 76.00 76.10 76.20 73.90 63.30 63.40 63.50 64.20 64.90 64.50 64.10 62.90 61.70 61.20 60.60 62.10 63.60 66.10 68.70 68.30 67.80 65.70 63.60 62.90 62.10 60.90 59.60 59.40 59.10 61.60 64.10 64.00 63.80 64.50 65.20 66.90 68.60 68.00 67.30 66.80 66.30 67.80 69.30 70.20 71.10 71.90 72.70 72.10 71.50 69.60 67.60 67.00 66.30 66.00 65.60 66.80 68.00 69.30 70.50 69.70 68.90 68.50 68.10 70.10 72.10 73.60 75.20 75.90 76.60 78.20 79.80 80.30 80.70 81.50 82.20 81.60 81.10 81.10 81.10 83.10 85.00 83.50 82.00 80.20 78.30 76.90 75.40 75.00 74.60 75.60 76.70 76.50 76.30 74.10 71.80 71.60 71.30 72.00 72.70 70.20 67.70 67.90 68.00 69.70 71.30 71.90 72.40 73.70 75.00 75.50 76.00 74.20 72.40 71.80 71.20 72.30 73.40 71.70 70.00 68.60 62.70 62.80 62.90 63.40 64.00 63.60 63.20 62.50 61.90 61.50 61.10 61.80 62.60 63.90 65.10 64.40 63.70 62.50 61.30 61.40 61.50 60.60 59.80 59.20 58.70 59.50 60.20 59.90 59.50 61.00 62.60 64.80 67.00 67.40 67.80 67.30 66.70 68.00 69.40 70.20 71.10 72.20 73.30 72.50 71.80 70.20 68.70 68.20 67.70 68.00 68.30 69.30 70.30 70.80 71.30 70.50 69.60 68.70 67.80 69.10 70.50 72.20 73.90 74.30 74.70 75.70 76.70 76.90 77.10 78.30 79.40 79.80 80.10 80.80 81.40 82.70 84.00 82.70 81.30 80.30 79.30 77.90 76.60 75.90 75.30 76.30 77.30 76.40 75.60 74.00 72.50 72.30 72.10 72.30 72.50 70.10 67.60 67.90 68.20 69.20 70.30 70.00 69.70 71.00 72.40 72.30 72.30 70.60 69.00 69.00 69.00 70.00 71.00 69.90 68.80 66.90 62.10 62.20 62.20 62.70 63.10 62.70 62.20 62.20 62.10 61.80 61.50 61.50 61.50 61.60 61.60 60.60 59.50 59.30 59.00 59.90 60.80 60.40 59.90 59.10 58.30 57.30 56.30 55.80 55.20 57.60 59.90 62.70 65.40 66.90 68.30 67.70 67.10 68.30 69.40 70.20 71.00 72.50 73.90 73.00 72.00 70.90 69.80 69.50 69.10 70.00 70.90 71.70 72.50 72.30 72.10 71.20 70.30 68.90 67.40 68.20 68.90 70.80 72.60 72.70 72.80 73.20 73.50 73.50 73.50 75.10 76.60 77.90 79.10 80.40 81.70 82.40 83.00 81.80 80.60 80.40 80.20 79.00 77.70 76.80 75.90 76.90 77.90 76.40 74.80 74.00 73.20 73.10 72.90 72.60 72.30 70.00 67.60 68.00 68.40 68.80 69.20 68.10 67.00 68.40 69.70 69.10 68.60 67.10 65.50 66.10 66.70 67.60 68.60 68.10 67.60 65.20 63.40 63.80 64.20 64.40 64.60 63.70 62.90 62.70 62.50 62.20 61.90 62.10 62.30 62.00 61.70 61.40 61.10 61.20 61.40 62.50 63.60 63.50 63.40 62.20 61.00 60.10 59.20 59.20 59.20 61.10 63.10 64.20 65.30 67.30 69.40 69.00 68.50 67.80 67.10 67.10 67.10 68.00 69.00 69.30 69.70 70.00 70.30 70.80 71.40 72.00 72.70 73.10 73.50 72.90 72.30 71.60 71.00 69.60 68.30 67.70 67.20 67.90 68.60 69.10 69.50 70.20 70.90 71.40 71.90 73.20 74.50 75.70 76.80 79.00 81.20 82.50 83.80 83.20 82.60 81.00 79.40 77.20 75.10 74.80 74.50 74.70 74.90 74.80 74.70 74.10 73.50 72.40 71.30 71.00 70.70 69.40 68.10 68.00 67.80 66.90 66.00 65.50 64.90 65.90 67.00 66.50 66.20 65.50 64.80 65.90 67.00 67.80 68.60 66.90 65.20 63.40 64.60 65.40 66.10 66.10 66.10 64.80 63.50 63.20 62.80 62.60 62.30 62.70 63.00 62.40 61.70 62.20 62.60 63.20 63.80 65.10 66.40 66.70 66.90 65.30 63.70 62.90 62.00 62.60 63.10 64.60 66.20 65.60 65.10 67.80 70.50 70.20 69.90 67.40 64.80 64.00 63.10 63.60 64.00 65.70 67.40 69.10 70.70 72.20 73.70 74.10 74.40 74.40 74.40 73.40 72.40 72.00 71.60 70.40 69.10 67.30 65.40 65.10 64.70 65.50 66.20 67.20 68.20 69.30 70.30 71.40 72.40 73.50 74.50 77.60 80.70 82.60 84.50 84.50 84.50 81.50 78.50 75.50 72.50 72.80 73.10 72.50 71.80 73.20 74.60 74.20 73.80 71.70 69.60 69.40 69.10 68.90 68.60 67.90 67.20 65.00 62.80 62.80 62.80 63.50 64.20 64.00 63.70 63.90 64.10 65.70 67.30 68.00 68.70 65.70 62.70 61.60 </TempDataArray>
    </BinaryData>
    <End xmlns="" EndString="7777"/>
</gribObject>
