<?xml version="1.0" encoding="UTF-8" standalone="yes"?>
<gribObject xmlns:xsi="http://www.w3.org/2001/XMLSchema-instance" xmlns:xsd="http://www.w3.org/2001/XMLSchema" xmlns="http://c4i.mlt/ICDU/schema" ForecastTime="2025-09-28T12:00:00.000Z" RunTime="2025-09-28T12:00:00.000Z" ParameterName="Relative humidity" FileName="newsingapore">
    <Indicator xmlns="" GribHeader="GRIB" NumOfOctets="21" GribType="2"/>
    <ProductDefinition xmlns="" NumOfOctets="4" ParamTableVersion="2" OrigCenter="7" ProcessID="81" GridID="36" GDS_BDS_Flag="128" ParamAndUnits="157" LevelType="0" Level="200" ReferenceTime="28" Month="9" Day="28" Hour="12" Minute="0" ForecastTimeUnits="1" PeriodOfTime1="12" PeriodOfTime2="0" TimeRangeIndicator="1" NumInAverage="39" NumMissingAverage="0" CenturyOfReference="21" SubcenterID="0" DecimalScaleFactor="1" Reserved1="0" Lat1="-11000" Lon1="91000" Lat2="-9500" Lon2="105375" Di="125" Dj="125"/>
    <GridDescription xmlns="" NumOfOctets="72" NV="0" PV="255" DataRepresentationType="0">
        <LatLonProjection Ni="116" Nj="13" Flags="128" ScanFlags="64" Reserved="0"/>
    </GridDescription>
    <BinaryData xmlns="" NumOfOctets="6032" FlagsAndUnused="12" BinaryScaleFactor="0" ReferenceValue="144.000000" DatumPacked="1508" OptionalFlags="0">
        <TempDataArray>26.30 26.20 26.00 26.00 25.90 25.80 25.60 25.50 25.40 25.30 25.10 25.10 25.10 24.70 24.20 23.60 23.00 22.10 21.20 20.10 19.00 18.50 18.00 17.80 17.60 17.80 18.00 18.70 19.30 20.30 21.20 21.40 21.50 20.70 19.90 19.50 19.10 18.50 17.90 17.00 16.00 16.00 15.90 15.80 15.70 15.70 15.60 15.40 15.20 14.80 14.40 14.70 14.90 15.30 15.60 16.40 17.20 18.70 20.10 19.00 17.90 17.50 17.00 19.10 21.20 21.80 22.30 22.10 21.80 21.50 21.20 21.10 20.90 22.30 23.60 24.10 24.60 24.20 23.80 22.20 20.60 20.00 19.30 18.80 18.20 17.70 17.10 17.00 16.80 17.20 17.60 19.50 21.40 23.30 25.20 28.10 30.90 34.50 38.10 42.00 45.90 47.60 49.20 46.10 43.00 37.30 31.50 26.90 22.20 21.90 21.60 22.90 24.20 23.30 22.40 22.90 26.70 26.60 26.60 26.40 26.30 26.20 26.20 26.20 26.10 26.00 25.90 25.70 25.50 24.90 24.40 23.70 23.00 22.00 21.10 20.20 19.20 18.70 18.30 18.50 18.70 19.20 19.70 19.80 20.10 20.50 20.90 20.80 20.80 20.40 19.90 19.60 19.30 18.70 18.20 17.40 16.60 16.70 16.80 16.70 16.60 16.50 16.40 16.20 16.00 15.40 14.80 15.00 15.20 15.60 16.00 16.80 17.70 19.60 21.50 20.70 20.00 19.70 19.40 21.10 22.70 23.10 23.50 23.30 23.10 22.80 22.60 22.40 22.20 23.60 24.90 26.90 28.80 28.70 28.50 26.10 23.70 22.10 20.60 20.40 20.20 19.60 19.10 18.60 18.10 18.10 18.10 20.60 23.20 27.10 31.10 34.50 37.90 41.40 44.90 46.20 47.60 47.70 47.80 45.40 43.10 40.30 37.60 34.50 31.40 33.40 35.50 40.90 46.30 41.90 37.60 32.90 27.00 27.10 27.20 26.90 26.60 26.70 26.80 26.80 26.80 26.80 26.70 26.30 25.80 25.20 24.50 23.70 22.90 22.00 21.00 20.20 19.40 19.00 18.50 19.10 19.70 20.50 21.30 21.10 20.80 20.70 20.50 20.30 20.10 20.00 19.90 19.70 19.40 18.90 18.40 17.80 17.20 17.50 17.80 17.70 17.50 17.30 17.10 16.90 16.70 16.00 15.20 15.30 15.40 15.90 16.40 17.30 18.10 20.50 22.80 22.40 22.00 21.90 21.80 23.00 24.20 24.40 24.60 24.50 24.40 24.20 23.90 23.70 23.50 24.90 26.20 29.60 33.00 33.10 33.20 30.00 26.80 24.30 21.80 22.00 22.10 21.60 21.00 20.20 19.40 19.00 18.50 21.70 24.90 30.90 36.90 40.90 44.80 48.20 51.60 50.40 49.20 47.80 46.30 44.80 43.20 43.40 43.60 42.10 40.50 44.90 49.30 58.80 68.30 60.60 52.80 42.80 27.00 27.50 28.00 28.00 28.00 28.00 27.90 28.30 28.70 28.40 28.20 27.30 26.50 25.60 24.70 24.10 23.50 22.30 21.20 20.30 19.30 19.10 18.80 20.20 21.60 21.60 21.70 20.80 20.00 19.80 19.70 19.70 19.70 19.40 19.20 18.80 18.50 18.40 18.30 18.40 18.60 18.80 19.00 18.60 18.20 17.90 17.70 17.40 17.10 16.50 15.90 16.10 16.30 16.90 17.50 18.90 20.30 22.40 24.50 24.30 24.20 25.00 25.80 26.50 27.20 27.20 27.30 27.30 27.40 27.40 27.40 26.30 25.20 27.40 29.70 35.10 40.50 37.60 34.70 31.80 28.90 26.70 24.50 24.60 24.80 24.70 24.70 25.00 25.30 23.50 21.60 25.90 30.20 36.00 41.70 44.30 46.90 49.30 51.60 50.20 48.90 47.50 46.10 45.50 44.90 45.00 45.10 46.00 46.90 53.50 60.10 66.20 72.30 64.70 57.20 52.00 27.00 27.90 28.80 29.10 29.40 29.20 29.00 29.80 30.50 30.10 29.60 28.40 27.10 26.00 24.80 24.40 24.00 22.70 21.30 20.30 19.30 19.20 19.00 21.20 23.40 22.70 22.00 20.60 19.20 19.00 18.80 19.00 19.20 18.80 18.40 18.00 17.60 17.90 18.10 19.00 19.90 20.10 20.20 19.60 18.90 18.60 18.20 17.80 17.40 17.00 16.50 16.80 17.10 17.80 18.50 20.50 22.40 24.30 26.20 26.30 26.30 28.10 29.80 30.00 30.10 30.10 30.00 30.20 30.30 30.60 30.80 28.80 26.80 30.00 33.20 40.60 48.00 42.10 36.20 33.60 30.90 29.10 27.20 27.30 27.40 27.90 28.30 29.80 31.30 28.00 24.60 30.10 35.50 41.00 46.50 47.80 49.10 50.30 51.50 50.00 48.50 47.20 45.90 46.20 46.50 46.50 46.50 49.90 53.30 62.10 70.90 73.60 76.20 68.90 61.60 61.20 29.90 29.40 28.80 29.60 30.30 31.30 32.40 32.30 32.30 31.30 30.20 28.80 27.30 26.30 25.30 24.90 24.50 23.20 21.90 20.80 19.80 20.10 20.30 21.30 22.30 22.80 23.20 25.30 27.40 24.10 20.80 19.50 18.20 17.90 17.60 17.80 18.00 19.70 21.50 22.20 22.80 22.20 21.50 21.00 20.50 19.90 19.30 19.10 18.80 18.70 18.60 19.00 19.40 20.10 20.70 24.70 28.60 32.40 36.20 36.10 35.90 35.60 35.40 34.90 34.50 34.40 34.30 34.90 35.60 37.50 39.40 38.30 37.20 41.00 44.80 43.40 41.90 37.60 33.40 35.60 37.90 44.20 50.40 53.10 55.70 49.50 43.30 43.50 43.80 39.50 35.30 35.60 35.90 42.20 48.50 50.60 52.80 52.60 52.40 52.00 51.60 50.70 49.80 51.80 53.90 54.40 54.90 57.90 61.00 64.00 67.10 68.30 69.60 67.00 64.40 66.00 32.80 30.80 28.80 30.00 31.20 33.50 35.70 34.90 34.10 32.40 30.80 29.20 27.50 26.70 25.80 25.40 25.00 23.80 22.50 21.40 20.30 21.00 21.60 21.40 21.20 22.80 24.40 30.00 35.50 29.20 22.90 20.00 17.10 17.00 16.80 17.60 18.30 21.60 24.90 25.30 25.80 24.30 22.80 22.50 22.10 21.20 20.30 20.30 20.30 20.50 20.60 21.20 21.70 22.30 22.90 28.90 34.80 40.50 46.20 45.90 45.50 43.20 40.90 39.90 38.90 38.70 38.50 39.70 40.90 44.50 48.10 47.80 47.50 52.00 56.40 46.10 35.80 33.20 30.50 37.70 44.90 59.30 73.70 78.90 84.00 71.20 58.30 57.30 56.20 51.10 46.00 41.20 36.30 43.40 50.40 53.40 56.40 54.90 53.30 54.00 54.60 54.20 53.70 57.50 61.20 62.20 63.20 65.90 68.60 65.90 63.20 63.10 63.00 65.10 67.20 70.70 41.70 37.40 33.00 32.60 32.20 33.20 34.20 32.60 31.00 29.50 28.00 27.00 26.10 25.50 24.90 24.40 24.00 22.80 21.60 20.90 20.20 21.20 22.10 28.00 33.80 39.40 45.00 44.60 44.20 37.70 31.20 24.70 18.20 18.30 18.50 21.90 25.40 28.00 30.70 29.90 29.10 28.10 27.10 26.20 25.40 23.90 22.50 22.10 21.60 22.60 23.70 26.50 29.40 34.00 38.60 44.30 50.10 53.90 57.70 55.40 53.10 47.80 42.50 41.60 40.70 41.00 41.30 42.00 42.70 46.60 50.60 54.20 57.90 55.90 54.00 44.80 35.60 34.30 33.00 42.60 52.30 62.30 72.30 76.00 79.80 73.80 67.70 67.40 67.10 57.40 47.80 43.50 39.30 47.80 56.40 57.20 58.10 56.60 55.20 54.00 52.90 52.80 52.70 58.80 64.90 65.90 67.00 66.30 65.70 62.30 59.00 59.00 59.00 60.00 60.90 61.70 50.60 43.90 37.20 35.20 33.10 32.90 32.70 30.30 27.80 26.50 25.20 24.90 24.60 24.30 24.00 23.50 22.90 21.80 20.60 20.40 20.10 21.40 22.60 34.50 46.40 56.00 65.60 59.30 52.90 46.20 39.40 29.40 19.30 19.70 20.10 26.30 32.50 34.50 36.40 34.40 32.30 31.80 31.30 30.00 28.60 26.70 24.70 23.80 22.90 24.80 26.70 31.90 37.00 45.70 54.30 59.80 65.30 67.30 69.20 64.90 60.60 52.40 44.10 43.30 42.40 43.30 44.10 44.30 44.40 48.80 53.10 60.70 68.20 59.90 51.50 43.40 35.30 35.40 35.50 47.60 59.60 65.20 70.80 73.20 75.60 76.40 77.10 77.50 77.90 63.70 49.50 45.90 42.20 52.30 62.30 61.10 59.80 58.40 57.00 54.10 51.20 51.40 51.60 60.10 68.60 69.60 70.70 66.70 62.70 58.80 54.80 54.90 55.00 54.80 54.60 52.60 52.10 45.60 39.10 35.50 32.00 30.80 29.60 28.00 26.50 25.60 24.80 25.10 25.30 25.10 24.90 23.60 22.30 21.50 20.60 21.30 21.90 26.70 31.50 43.90 56.30 61.80 67.40 59.00 50.70 42.60 34.60 29.20 23.80 24.70 25.50 32.80 40.20 42.90 45.60 45.40 45.20 41.60 37.90 35.40 32.80 31.40 30.00 29.70 29.50 32.30 35.10 43.10 51.20 58.90 66.70 69.80 72.90 72.10 71.30 68.00 64.60 56.40 48.30 46.40 44.60 44.90 45.30 48.00 50.70 57.30 63.80 67.80 71.80 65.70 59.50 53.20 46.80 45.60 44.30 52.20 60.20 65.40 70.60 74.50 78.50 80.40 82.30 79.10 75.80 69.70 63.60 61.40 59.20 62.20 65.30 62.30 59.40 54.90 50.40 48.70 47.00 48.90 50.80 59.20 67.60 68.60 69.60 65.90 62.20 57.60 53.00 51.50 50.10 50.70 51.20 50.30 53.50 47.20 40.90 35.90 30.80 28.70 26.50 25.80 25.10 24.80 24.40 25.20 26.00 25.90 25.70 23.80 21.80 21.20 20.60 22.20 23.70 32.10 40.40 53.30 66.20 67.60 69.10 58.80 48.50 39.10 29.70 29.10 28.40 29.60 30.80 39.40 47.90 51.30 54.70 56.40 58.10 51.30 44.50 40.80 37.00 36.10 35.20 35.60 36.00 39.70 43.40 54.40 65.40 72.20 79.00 79.70 80.40 76.90 73.40 71.00 68.60 60.50 52.40 49.60 46.80 46.60 46.40 51.70 57.00 65.80 74.50 75.00 75.40 71.50 67.50 62.90 58.30 55.70 53.10 56.90 60.70 65.50 70.30 75.90 81.40 84.50 87.50 80.60 73.70 75.70 77.70 76.90 76.10 72.10 68.20 63.60 58.90 51.30 43.70 43.20 42.70 46.40 50.00 58.40 66.70 67.60 68.50 65.10 61.70 56.40 51.10 48.20 45.20 46.50 47.80 47.90 53.70 47.50 41.40 36.60 31.90 30.90 29.80 30.00 30.20 29.10 28.00 29.00 30.10 31.30 32.50 29.00 25.50 24.60 23.70 29.20 34.70 43.30 51.90 60.60 69.30 69.60 69.80 61.40 53.00 46.10 39.30 38.30 37.30 41.50 45.60 51.90 58.30 59.90 61.50 61.00 60.60 54.60 48.70 45.50 42.20 42.20 42.20 42.90 43.70 47.60 51.50 63.60 75.60 82.10 88.60 89.30 90.00 86.50 83.10 80.10 77.00 70.80 64.70 60.80 56.90 55.40 54.00 56.80 59.60 66.40 73.30 76.30 79.40 77.30 75.20 70.60 66.10 62.10 58.20 61.40 64.70 68.30 72.00 79.60 87.30 83.90 80.40 73.80 67.10 67.50 67.80 66.20 64.60 63.00 61.40 57.20 52.90 48.50 44.10 45.40 46.70 55.40 64.10 71.00 77.90 72.20 66.40 62.10 57.80 53.30 48.90 46.50 44.20 45.60 47.10 47.30 53.80 47.80 41.80 37.40 33.00 33.10 33.10 34.20 35.30 33.50 31.60 32.90 34.10 36.70 39.30 34.20 29.10 27.90 26.70 36.20 45.70 54.50 63.30 67.90 72.40 71.50 70.50 64.00 57.50 53.20 48.80 47.50 46.20 53.30 60.40 64.50 68.60 68.50 68.30 65.70 63.00 58.00 52.90 50.20 47.40 48.30 49.20 50.30 51.30 55.50 59.60 72.70 85.80 92.00 98.10 98.80 99.50 96.20 92.80 89.10 85.40 81.20 76.90 71.90 66.90 64.30 61.60 61.90 62.10 67.10 72.00 77.70 83.40 83.10 82.80 78.40 73.90 68.60 63.20 65.90 68.60 71.10 73.60 83.40 93.20 83.30 73.30 66.90 60.50 59.20 57.90 55.50 53.00 53.80 54.60 50.80 46.90 45.70 44.40 47.60 50.70 64.50 78.20 83.60 89.10 76.70 64.30 59.10 53.80 50.20 46.60 44.90 43.10 44.80 46.40 46.70 </TempDataArray>
    </BinaryData>
    <End xmlns="" EndString="7777"/>
</gribObject>
