<?xml version="1.0" encoding="UTF-8" standalone="yes"?>
<gribObject xmlns:xsi="http://www.w3.org/2001/XMLSchema-instance" xmlns:xsd="http://www.w3.org/2001/XMLSchema" xmlns="http://c4i.mlt/ICDU/schema" ForecastTime="2025-09-29T12:00:00.000Z" RunTime="2025-09-29T12:00:00.000Z" ParameterName="Geopotential height" FileName="newsingapore">
    <Indicator xmlns="" GribHeader="GRIB" NumOfOctets="21" GribType="2"/>
    <ProductDefinition xmlns="" NumOfOctets="4" ParamTableVersion="2" OrigCenter="7" ProcessID="81" GridID="83" GDS_BDS_Flag="128" ParamAndUnits="156" LevelType="0" Level="100" ReferenceTime="29" Month="9" Day="29" Hour="12" Minute="0" ForecastTimeUnits="1" PeriodOfTime1="12" PeriodOfTime2="0" TimeRangeIndicator="1" NumInAverage="16590" NumMissingAverage="0" CenturyOfReference="21" SubcenterID="0" DecimalScaleFactor="2" Reserved1="0" Lat1="-11000" Lon1="91000" Lat2="-9500" Lon2="105375" Di="125" Dj="125"/>
    <GridDescription xmlns="" NumOfOctets="72" NV="0" PV="255" DataRepresentationType="0">
        <LatLonProjection Ni="116" Nj="13" Flags="128" ScanFlags="64" Reserved="0"/>
    </GridDescription>
    <BinaryData xmlns="" NumOfOctets="6032" FlagsAndUnused="12" BinaryScaleFactor="2" ReferenceValue="1658555.125000" DatumPacked="1508" OptionalFlags="0">
        <TempDataArray>16592.63 16592.35 16592.07 16592.23 16592.43 16592.59 16592.75 16592.63 16592.51 16592.43 16592.35 16592.47 16592.55 16592.47 16592.35 16591.87 16591.35 16591.15 16590.91 16590.87 16590.79 16590.95 16591.11 16591.95 16592.75 16592.99 16593.23 16593.03 16592.79 16592.35 16591.91 16591.75 16591.59 16591.87 16592.15 16592.43 16592.71 16592.39 16592.07 16591.91 16591.75 16591.71 16591.71 16591.51 16591.27 16590.83 16590.39 16589.99 16589.55 16589.67 16589.75 16589.67 16589.55 16589.47 16589.35 16589.55 16589.71 16590.03 16590.31 16590.39 16590.43 16590.47 16590.47 16590.99 16591.51 16592.03 16592.51 16592.91 16593.31 16593.63 16593.95 16594.19 16594.39 16594.55 16594.75 16594.39 16594.03 16593.39 16592.75 16592.63 16592.47 16592.39 16592.31 16591.99 16591.63 16591.23 16590.83 16590.55 16590.31 16590.07 16589.87 16589.39 16588.95 16588.23 16587.47 16587.23 16586.99 16586.51 16585.99 16585.79 16585.55 16585.79 16586.03 16586.39 16586.71 16586.79 16586.83 16586.95 16587.07 16587.23 16587.35 16587.67 16587.95 16587.91 16587.87 16587.67 16592.07 16591.79 16591.55 16591.71 16591.87 16592.11 16592.31 16592.19 16592.11 16591.99 16591.91 16591.91 16591.87 16591.71 16591.55 16591.27 16590.99 16590.67 16590.31 16590.23 16590.15 16590.31 16590.51 16590.99 16591.51 16591.79 16592.03 16591.79 16591.55 16591.19 16590.83 16590.87 16590.91 16591.39 16591.87 16592.11 16592.35 16591.87 16591.43 16591.23 16591.03 16591.03 16591.07 16591.03 16590.99 16590.67 16590.35 16589.87 16589.47 16589.39 16589.31 16589.11 16588.95 16588.87 16588.79 16588.99 16589.19 16589.23 16589.31 16589.55 16589.79 16589.83 16589.87 16590.47 16591.07 16591.47 16591.87 16592.23 16592.59 16593.07 16593.55 16593.79 16593.99 16594.11 16594.23 16594.15 16594.07 16593.71 16593.35 16593.15 16592.99 16592.75 16592.55 16592.23 16591.99 16591.63 16591.27 16591.07 16590.87 16590.79 16590.71 16590.15 16589.55 16588.83 16588.07 16587.39 16586.67 16586.39 16586.07 16585.95 16585.79 16586.03 16586.23 16586.55 16586.87 16586.83 16586.83 16586.95 16587.07 16587.31 16587.55 16587.91 16588.31 16588.31 16588.31 16588.07 16591.47 16591.23 16591.03 16591.19 16591.35 16591.59 16591.83 16591.75 16591.67 16591.55 16591.47 16591.35 16591.23 16590.99 16590.71 16590.67 16590.63 16590.19 16589.71 16589.63 16589.51 16589.71 16589.87 16590.07 16590.27 16590.55 16590.83 16590.59 16590.35 16590.07 16589.75 16589.99 16590.23 16590.91 16591.59 16591.79 16591.99 16591.39 16590.79 16590.55 16590.31 16590.35 16590.39 16590.55 16590.71 16590.51 16590.27 16589.83 16589.35 16589.11 16588.83 16588.59 16588.35 16588.31 16588.23 16588.47 16588.67 16588.51 16588.31 16588.71 16589.11 16589.19 16589.27 16589.95 16590.59 16590.91 16591.23 16591.55 16591.87 16592.55 16593.19 16593.39 16593.55 16593.63 16593.71 16593.87 16594.07 16593.99 16593.91 16593.71 16593.47 16593.11 16592.75 16592.55 16592.31 16592.03 16591.71 16591.59 16591.47 16591.51 16591.51 16590.87 16590.19 16589.47 16588.71 16587.55 16586.35 16586.23 16586.15 16586.11 16586.07 16586.23 16586.43 16586.71 16586.99 16586.87 16586.79 16586.95 16587.11 16587.39 16587.71 16588.19 16588.67 16588.71 16588.71 16588.47 16590.99 16590.79 16590.63 16590.87 16591.11 16591.27 16591.47 16591.31 16591.15 16591.03 16590.95 16590.95 16590.99 16590.71 16590.51 16590.35 16590.19 16589.79 16589.39 16589.47 16589.55 16589.67 16589.83 16589.95 16590.07 16590.47 16590.83 16590.63 16590.47 16590.35 16590.23 16590.51 16590.83 16591.51 16592.15 16592.35 16592.55 16592.07 16591.55 16591.15 16590.79 16590.67 16590.55 16590.55 16590.59 16590.47 16590.35 16589.91 16589.47 16589.07 16588.63 16588.35 16588.03 16587.95 16587.87 16587.95 16588.07 16588.03 16587.99 16588.51 16588.99 16588.95 16588.91 16589.35 16589.79 16590.07 16590.35 16590.87 16591.39 16591.95 16592.51 16592.91 16593.31 16593.47 16593.67 16593.87 16594.07 16594.15 16594.23 16594.11 16593.95 16593.67 16593.39 16593.27 16593.15 16592.75 16592.39 16592.11 16591.83 16591.95 16592.03 16591.59 16591.15 16590.39 16589.71 16588.71 16587.71 16587.55 16587.39 16587.43 16587.47 16587.71 16587.95 16588.11 16588.23 16587.83 16587.43 16587.35 16587.23 16587.35 16587.51 16587.99 16588.51 16588.71 16588.99 16588.79 16590.51 16590.39 16590.23 16590.55 16590.87 16590.99 16591.07 16590.83 16590.59 16590.51 16590.43 16590.55 16590.71 16590.51 16590.27 16589.99 16589.71 16589.39 16589.11 16589.35 16589.55 16589.67 16589.79 16589.83 16589.87 16590.35 16590.83 16590.71 16590.55 16590.63 16590.67 16591.07 16591.43 16592.07 16592.71 16592.91 16593.15 16592.71 16592.27 16591.79 16591.27 16590.99 16590.67 16590.55 16590.47 16590.47 16590.43 16590.03 16589.59 16589.03 16588.43 16588.07 16587.71 16587.63 16587.51 16587.47 16587.43 16587.55 16587.67 16588.27 16588.87 16588.71 16588.55 16588.75 16588.95 16589.19 16589.43 16590.15 16590.87 16591.35 16591.83 16592.43 16593.03 16593.31 16593.59 16593.87 16594.11 16594.35 16594.55 16594.51 16594.43 16594.23 16594.03 16594.03 16593.99 16593.51 16593.03 16592.63 16592.19 16592.39 16592.55 16592.31 16592.07 16591.39 16590.67 16589.87 16589.03 16588.83 16588.63 16588.71 16588.83 16589.15 16589.47 16589.47 16589.47 16588.75 16588.07 16587.71 16587.35 16587.31 16587.27 16587.79 16588.31 16588.75 16589.23 16589.19 16591.19 16590.83 16590.51 16590.59 16590.71 16590.71 16590.75 16590.59 16590.43 16590.35 16590.31 16590.23 16590.19 16590.07 16589.95 16589.47 16589.03 16588.79 16588.55 16588.99 16589.47 16589.71 16589.95 16590.19 16590.47 16590.71 16590.99 16590.83 16590.67 16590.95 16591.19 16591.47 16591.71 16592.19 16592.67 16592.83 16593.03 16592.55 16592.07 16591.71 16591.39 16591.27 16591.15 16590.99 16590.83 16590.51 16590.19 16589.83 16589.47 16588.95 16588.39 16587.99 16587.59 16587.63 16587.67 16587.79 16587.95 16588.07 16588.19 16588.55 16588.87 16588.79 16588.67 16588.75 16588.83 16588.99 16589.15 16589.79 16590.47 16590.79 16591.15 16591.55 16591.95 16592.35 16592.71 16593.35 16593.95 16594.23 16594.51 16594.47 16594.47 16594.27 16594.07 16594.03 16593.95 16593.59 16593.19 16592.75 16592.35 16592.43 16592.55 16592.35 16592.19 16591.67 16591.15 16590.35 16589.55 16589.55 16589.55 16589.87 16590.23 16590.31 16590.39 16589.99 16589.63 16588.87 16588.15 16587.83 16587.51 16587.59 16587.67 16588.51 16589.39 16589.99 16590.55 16590.43 16591.83 16591.31 16590.79 16590.67 16590.51 16590.47 16590.43 16590.35 16590.27 16590.23 16590.15 16589.87 16589.63 16589.63 16589.59 16588.95 16588.31 16588.15 16587.95 16588.67 16589.39 16589.75 16590.11 16590.55 16591.03 16591.07 16591.11 16590.95 16590.79 16591.23 16591.71 16591.87 16592.03 16592.31 16592.59 16592.75 16592.91 16592.39 16591.83 16591.67 16591.47 16591.55 16591.59 16591.39 16591.19 16590.55 16589.91 16589.63 16589.35 16588.87 16588.35 16587.91 16587.47 16587.67 16587.83 16588.15 16588.43 16588.55 16588.67 16588.79 16588.91 16588.87 16588.79 16588.71 16588.67 16588.79 16588.87 16589.47 16590.03 16590.23 16590.47 16590.67 16590.83 16591.35 16591.87 16592.83 16593.75 16594.11 16594.43 16594.47 16594.47 16594.31 16594.11 16594.03 16593.91 16593.63 16593.35 16592.91 16592.47 16592.51 16592.55 16592.39 16592.27 16591.95 16591.63 16590.83 16590.03 16590.23 16590.43 16591.03 16591.59 16591.43 16591.27 16590.51 16589.75 16588.99 16588.19 16587.95 16587.67 16587.87 16588.07 16589.23 16590.43 16591.19 16591.91 16591.67 16591.71 16591.19 16590.63 16590.43 16590.23 16590.19 16590.15 16590.23 16590.35 16590.31 16590.27 16589.91 16589.55 16589.43 16589.31 16588.87 16588.51 16588.43 16588.35 16588.83 16589.31 16589.55 16589.79 16590.27 16590.71 16590.87 16591.07 16590.75 16590.47 16590.87 16591.31 16591.39 16591.47 16591.71 16591.95 16592.03 16592.11 16591.67 16591.27 16591.15 16591.03 16591.11 16591.23 16590.99 16590.71 16590.03 16589.31 16588.79 16588.27 16587.95 16587.59 16587.51 16587.39 16587.59 16587.79 16588.15 16588.47 16588.55 16588.67 16588.71 16588.83 16588.95 16589.11 16589.07 16589.03 16589.03 16589.07 16589.23 16589.39 16589.83 16590.23 16590.63 16590.99 16591.43 16591.87 16592.67 16593.47 16593.87 16594.31 16594.15 16593.99 16594.03 16594.11 16594.15 16594.15 16593.95 16593.71 16593.23 16592.79 16592.55 16592.35 16592.11 16591.87 16591.59 16591.35 16590.83 16590.35 16590.43 16590.51 16590.95 16591.43 16591.47 16591.51 16591.07 16590.59 16590.03 16589.51 16589.07 16588.63 16588.79 16588.91 16589.59 16590.31 16590.63 16590.99 16591.15 16591.59 16591.03 16590.47 16590.19 16589.91 16589.87 16589.83 16590.11 16590.39 16590.39 16590.39 16589.91 16589.47 16589.23 16588.99 16588.83 16588.67 16588.71 16588.75 16588.99 16589.19 16589.31 16589.43 16589.95 16590.43 16590.71 16590.99 16590.55 16590.15 16590.51 16590.87 16590.87 16590.91 16591.11 16591.31 16591.31 16591.31 16590.99 16590.67 16590.63 16590.55 16590.71 16590.87 16590.55 16590.23 16589.47 16588.71 16587.95 16587.19 16587.03 16586.83 16587.11 16587.35 16587.55 16587.75 16588.15 16588.51 16588.55 16588.63 16588.67 16588.71 16589.07 16589.43 16589.39 16589.39 16589.31 16589.23 16588.99 16588.75 16589.39 16590.03 16590.55 16591.11 16591.51 16591.91 16592.55 16593.19 16593.67 16594.15 16593.79 16593.47 16593.79 16594.11 16594.23 16594.39 16594.23 16594.07 16593.59 16593.11 16592.63 16592.11 16591.79 16591.43 16591.23 16591.03 16590.87 16590.67 16590.63 16590.55 16590.91 16591.27 16591.51 16591.75 16591.59 16591.43 16591.11 16590.79 16590.19 16589.59 16589.67 16589.75 16589.95 16590.15 16590.07 16590.03 16590.59 16591.23 16590.83 16590.43 16590.15 16589.83 16589.71 16589.55 16589.71 16589.91 16589.99 16590.03 16589.67 16589.31 16589.03 16588.71 16588.67 16588.63 16588.55 16588.51 16588.63 16588.79 16588.95 16589.15 16589.63 16590.15 16590.39 16590.67 16590.51 16590.39 16590.59 16590.79 16590.71 16590.63 16590.59 16590.55 16590.51 16590.47 16590.31 16590.15 16590.23 16590.31 16590.43 16590.55 16590.19 16589.79 16589.23 16588.71 16588.03 16587.39 16587.19 16587.03 16587.31 16587.55 16587.79 16587.99 16588.31 16588.63 16588.95 16589.31 16589.39 16589.51 16589.67 16589.83 16589.71 16589.55 16589.79 16589.99 16589.87 16589.75 16590.19 16590.63 16591.15 16591.71 16591.83 16591.99 16592.19 16592.39 16592.87 16593.31 16593.27 16593.27 16593.79 16594.35 16594.19 16594.07 16593.99 16593.87 16593.07 16592.27 16591.87 16591.51 16591.15 16590.79 16590.55 16590.39 16590.31 16590.27 16590.31 16590.35 16590.79 16591.23 16591.59 16591.99 16591.67 16591.35 16591.11 16590.83 16590.47 16590.11 16589.87 16589.63 16589.55 16589.55 16589.87 16590.23 16591.03 16590.83 16590.63 16590.39 16590.07 16589.75 16589.51 16589.27 16589.35 16589.43 16589.55 16589.67 16589.39 16589.15 16588.79 16588.47 16588.51 16588.55 16588.39 16588.23 16588.31 16588.35 16588.59 16588.83 16589.35 16589.83 16590.07 16590.31 16590.47 16590.63 16590.67 16590.67 16590.51 16590.35 16590.11 16589.83 16589.71 16589.59 16589.63 16589.63 16589.87 16590.07 16590.19 16590.27 16589.83 16589.35 16589.03 16588.71 16588.15 16587.55 16587.39 16587.19 16587.51 16587.79 16587.99 16588.19 16588.47 16588.71 16589.35 16589.95 16590.15 16590.31 16590.23 16590.19 16589.99 16589.75 16590.23 16590.71 16590.71 16590.75 16590.99 16591.19 16591.71 16592.27 16592.15 16592.03 16591.83 16591.63 16592.03 16592.43 16592.75 16593.07 16593.79 16594.55 16594.15 16593.75 16593.71 16593.71 16592.55 16591.43 16591.15 16590.87 16590.51 16590.11 16589.91 16589.71 16589.79 16589.83 16589.99 16590.15 16590.67 16591.19 16591.71 16592.19 16591.71 16591.27 16591.07 16590.87 16590.71 16590.59 16590.03 16589.47 16589.19 16588.91 16589.67 16590.39 16591.47 16589.79 16589.67 16589.51 16589.31 16589.07 16588.79 16588.51 16588.31 16588.15 16588.23 16588.31 16588.23 16588.19 16588.07 16588.03 16588.07 16588.15 16588.11 16588.07 16588.19 16588.31 16588.59 16588.91 16589.43 16589.99 16590.03 16590.07 16590.11 16590.15 16590.11 16590.11 16589.75 16589.39 16588.99 16588.63 16588.71 16588.79 16588.67 16588.59 16588.87 16589.11 16589.31 16589.55 16589.23 16588.91 16588.79 16588.63 16588.31 16587.99 16587.79 16587.55 16587.75 16587.95 16588.19 16588.43 16588.63 16588.87 16589.31 16589.79 16589.91 16590.07 16589.71 16589.39 16589.23 16589.03 16589.39 16589.75 16590.23 16590.71 16591.07 16591.39 16591.67 16591.91 16591.75 16591.59 16591.67 16591.71 16592.19 16592.67 16593.07 16593.51 16593.51 16593.51 16593.15 16592.79 16592.59 16592.39 16591.91 16591.43 16591.11 16590.83 16590.39 16589.99 16589.51 16588.99 16588.99 16588.99 16589.19 16589.35 16589.79 16590.23 16590.87 16591.55 16591.35 16591.11 16590.87 16590.67 16590.95 16591.27 16591.15 16591.07 16590.83 16590.55 16590.83 16591.07 16591.51 16588.75 16588.71 16588.63 16588.51 16588.39 16588.07 16587.75 16587.31 16586.83 16586.87 16586.91 16587.07 16587.19 16587.39 16587.55 16587.67 16587.75 16587.87 16587.95 16588.07 16588.23 16588.63 16588.99 16589.55 16590.11 16589.99 16589.83 16589.71 16589.63 16589.59 16589.55 16588.99 16588.39 16587.91 16587.43 16587.71 16587.95 16587.75 16587.55 16587.87 16588.15 16588.47 16588.79 16588.63 16588.47 16588.51 16588.55 16588.51 16588.43 16588.19 16587.95 16588.03 16588.11 16588.39 16588.67 16588.83 16588.99 16589.31 16589.63 16589.71 16589.79 16589.23 16588.63 16588.47 16588.31 16588.55 16588.79 16589.75 16590.71 16591.19 16591.63 16591.59 16591.55 16591.35 16591.15 16591.51 16591.83 16592.39 16592.91 16593.43 16593.91 16593.19 16592.43 16592.15 16591.83 16591.47 16591.11 16591.27 16591.43 16591.11 16590.75 16590.31 16589.87 16589.07 16588.27 16588.23 16588.15 16588.35 16588.55 16588.87 16589.23 16590.07 16590.95 16590.95 16590.91 16590.67 16590.43 16591.19 16591.91 16592.31 16592.67 16592.43 16592.19 16591.99 16591.79 16591.55 </TempDataArray>
    </BinaryData>
    <End xmlns="" EndString="7777"/>
</gribObject>
