<?xml version="1.0" encoding="UTF-8" standalone="yes"?>
<gribObject xmlns:xsi="http://www.w3.org/2001/XMLSchema-instance" xmlns:xsd="http://www.w3.org/2001/XMLSchema" xmlns="http://c4i.mlt/ICDU/schema" ForecastTime="2025-09-29T12:00:00.000Z" RunTime="2025-09-29T12:00:00.000Z" ParameterName="Geopotential height" FileName="newsingapore">
    <Indicator xmlns="" GribHeader="GRIB" NumOfOctets="21" GribType="2"/>
    <ProductDefinition xmlns="" NumOfOctets="4" ParamTableVersion="2" OrigCenter="7" ProcessID="81" GridID="83" GDS_BDS_Flag="128" ParamAndUnits="156" LevelType="0" Level="300" ReferenceTime="29" Month="9" Day="29" Hour="12" Minute="0" ForecastTimeUnits="1" PeriodOfTime1="12" PeriodOfTime2="0" TimeRangeIndicator="1" NumInAverage="9703" NumMissingAverage="0" CenturyOfReference="21" SubcenterID="0" DecimalScaleFactor="2" Reserved1="0" Lat1="-11000" Lon1="91000" Lat2="-9500" Lon2="105375" Di="125" Dj="125"/>
    <GridDescription xmlns="" NumOfOctets="72" NV="0" PV="255" DataRepresentationType="0">
        <LatLonProjection Ni="116" Nj="13" Flags="128" ScanFlags="64" Reserved="0"/>
    </GridDescription>
    <BinaryData xmlns="" NumOfOctets="6032" FlagsAndUnused="12" BinaryScaleFactor="2" ReferenceValue="970048.437500" DatumPacked="1508" OptionalFlags="0">
        <TempDataArray>9708.08 9707.92 9707.72 9707.68 9707.64 9707.52 9707.40 9707.24 9707.12 9707.08 9707.00 9706.88 9706.76 9706.56 9706.36 9706.16 9705.96 9706.04 9706.12 9705.92 9705.68 9705.56 9705.44 9705.36 9705.28 9705.08 9704.84 9704.76 9704.64 9704.40 9704.16 9704.08 9704.04 9704.00 9704.00 9704.00 9703.96 9703.80 9703.60 9703.48 9703.36 9703.08 9702.76 9702.80 9702.84 9703.08 9703.32 9703.32 9703.36 9703.48 9703.56 9703.48 9703.40 9703.48 9703.60 9703.80 9704.00 9704.08 9704.16 9704.08 9704.00 9703.92 9703.84 9703.76 9703.68 9703.48 9703.24 9703.20 9703.16 9703.16 9703.12 9703.08 9703.08 9703.04 9702.96 9702.84 9702.72 9702.80 9702.84 9702.96 9703.04 9703.08 9703.12 9703.32 9703.48 9703.40 9703.32 9703.40 9703.44 9703.44 9703.44 9703.76 9704.08 9704.32 9704.56 9704.56 9704.56 9704.56 9704.56 9704.56 9704.56 9704.60 9704.64 9704.68 9704.72 9704.64 9704.56 9704.28 9703.96 9703.64 9703.36 9703.48 9703.56 9703.76 9703.92 9703.88 9707.76 9707.56 9707.40 9707.28 9707.20 9707.08 9706.92 9706.80 9706.68 9706.56 9706.48 9706.40 9706.32 9706.20 9706.08 9705.92 9705.76 9705.80 9705.84 9705.60 9705.40 9705.24 9705.12 9705.00 9704.88 9704.68 9704.48 9704.28 9704.04 9703.96 9703.92 9703.92 9703.92 9703.88 9703.88 9703.88 9703.92 9703.76 9703.64 9703.56 9703.52 9703.36 9703.16 9703.20 9703.20 9703.32 9703.48 9703.48 9703.48 9703.48 9703.52 9703.40 9703.32 9703.36 9703.44 9703.64 9703.88 9703.92 9703.92 9703.76 9703.60 9703.48 9703.32 9703.28 9703.24 9703.12 9703.04 9703.00 9702.96 9702.92 9702.88 9702.92 9702.96 9703.04 9703.08 9702.96 9702.80 9702.72 9702.60 9702.68 9702.80 9702.88 9702.96 9703.12 9703.24 9703.24 9703.24 9703.36 9703.52 9703.64 9703.76 9704.00 9704.24 9704.40 9704.56 9704.60 9704.64 9704.60 9704.60 9704.76 9704.92 9704.88 9704.88 9704.80 9704.76 9704.64 9704.56 9704.32 9704.12 9703.96 9703.80 9703.96 9704.12 9704.24 9704.40 9704.32 9707.44 9707.24 9707.04 9706.92 9706.76 9706.60 9706.44 9706.32 9706.24 9706.12 9705.96 9705.92 9705.84 9705.80 9705.76 9705.64 9705.52 9705.52 9705.52 9705.32 9705.12 9704.96 9704.76 9704.60 9704.44 9704.28 9704.12 9703.80 9703.44 9703.56 9703.64 9703.72 9703.76 9703.76 9703.76 9703.80 9703.84 9703.76 9703.68 9703.68 9703.68 9703.64 9703.56 9703.56 9703.56 9703.56 9703.60 9703.56 9703.56 9703.52 9703.48 9703.32 9703.20 9703.24 9703.28 9703.52 9703.76 9703.72 9703.68 9703.48 9703.24 9703.04 9702.80 9702.80 9702.76 9702.80 9702.80 9702.80 9702.76 9702.72 9702.64 9702.76 9702.84 9703.04 9703.20 9703.04 9702.88 9702.64 9702.36 9702.44 9702.52 9702.64 9702.80 9702.92 9703.00 9703.08 9703.12 9703.36 9703.60 9703.84 9704.08 9704.24 9704.44 9704.48 9704.56 9704.64 9704.68 9704.64 9704.64 9704.96 9705.24 9705.16 9705.12 9704.96 9704.76 9704.64 9704.52 9704.40 9704.28 9704.24 9704.24 9704.48 9704.68 9704.76 9704.84 9704.76 9706.92 9706.76 9706.56 9706.40 9706.24 9706.16 9706.04 9706.04 9706.04 9705.96 9705.84 9705.84 9705.84 9705.76 9705.64 9705.44 9705.24 9705.20 9705.16 9705.04 9704.92 9704.72 9704.56 9704.36 9704.12 9703.88 9703.60 9703.44 9703.24 9703.48 9703.72 9703.76 9703.80 9703.80 9703.84 9703.88 9703.92 9703.84 9703.76 9703.68 9703.60 9703.56 9703.52 9703.52 9703.56 9703.48 9703.40 9703.32 9703.28 9703.20 9703.12 9703.00 9702.92 9702.96 9703.00 9703.24 9703.48 9703.36 9703.28 9703.16 9703.04 9702.84 9702.64 9702.64 9702.60 9702.64 9702.64 9702.60 9702.56 9702.48 9702.40 9702.48 9702.56 9702.72 9702.92 9702.84 9702.76 9702.64 9702.56 9702.56 9702.56 9702.64 9702.76 9702.80 9702.88 9703.00 9703.16 9703.48 9703.76 9704.12 9704.44 9704.52 9704.60 9704.64 9704.72 9704.72 9704.76 9704.76 9704.76 9704.92 9705.12 9705.16 9705.16 9705.00 9704.84 9704.72 9704.56 9704.48 9704.44 9704.52 9704.56 9704.64 9704.64 9704.92 9705.16 9704.92 9706.40 9706.24 9706.12 9705.92 9705.72 9705.68 9705.64 9705.76 9705.84 9705.80 9705.72 9705.80 9705.84 9705.68 9705.52 9705.24 9705.00 9704.88 9704.76 9704.72 9704.68 9704.52 9704.36 9704.08 9703.80 9703.48 9703.12 9703.08 9703.08 9703.40 9703.76 9703.80 9703.80 9703.84 9703.88 9703.96 9704.00 9703.92 9703.80 9703.64 9703.52 9703.48 9703.48 9703.48 9703.52 9703.36 9703.20 9703.08 9702.96 9702.84 9702.72 9702.68 9702.64 9702.68 9702.72 9702.96 9703.16 9703.04 9702.88 9702.88 9702.84 9702.64 9702.48 9702.48 9702.44 9702.48 9702.48 9702.40 9702.32 9702.24 9702.12 9702.16 9702.24 9702.44 9702.64 9702.64 9702.64 9702.68 9702.72 9702.68 9702.64 9702.64 9702.68 9702.72 9702.72 9702.96 9703.20 9703.56 9703.92 9704.36 9704.80 9704.80 9704.76 9704.84 9704.88 9704.84 9704.80 9704.84 9704.84 9704.92 9704.96 9705.12 9705.24 9705.08 9704.92 9704.76 9704.60 9704.60 9704.60 9704.76 9704.92 9704.80 9704.64 9705.04 9705.44 9705.12 9705.92 9705.88 9705.84 9705.76 9705.68 9705.64 9705.56 9705.56 9705.56 9705.48 9705.40 9705.48 9705.56 9705.52 9705.48 9705.24 9704.96 9704.72 9704.48 9704.44 9704.40 9704.12 9703.80 9703.60 9703.40 9703.16 9702.88 9702.96 9703.04 9703.32 9703.64 9703.60 9703.56 9703.56 9703.56 9703.60 9703.60 9703.44 9703.28 9703.16 9703.04 9703.00 9702.96 9703.00 9703.08 9702.96 9702.88 9702.76 9702.60 9702.48 9702.36 9702.36 9702.40 9702.52 9702.64 9702.80 9702.96 9702.88 9702.76 9702.76 9702.76 9702.68 9702.56 9702.60 9702.64 9702.52 9702.44 9702.36 9702.28 9702.32 9702.32 9702.48 9702.60 9702.76 9702.92 9702.96 9703.00 9703.04 9703.08 9703.04 9703.00 9703.20 9703.40 9703.20 9702.96 9703.24 9703.52 9703.76 9704.00 9704.16 9704.28 9704.44 9704.56 9704.68 9704.84 9704.76 9704.72 9704.80 9704.88 9704.96 9705.04 9705.08 9705.16 9705.08 9705.00 9704.80 9704.64 9704.72 9704.80 9704.84 9704.88 9704.68 9704.48 9704.92 9705.40 9704.92 9705.40 9705.48 9705.56 9705.60 9705.64 9705.56 9705.52 9705.40 9705.24 9705.16 9705.12 9705.16 9705.24 9705.36 9705.48 9705.20 9704.88 9704.52 9704.16 9704.16 9704.12 9703.68 9703.24 9703.12 9703.00 9702.84 9702.64 9702.84 9703.00 9703.24 9703.52 9703.44 9703.36 9703.32 9703.24 9703.24 9703.24 9703.00 9702.76 9702.64 9702.52 9702.48 9702.40 9702.48 9702.60 9702.56 9702.56 9702.40 9702.24 9702.12 9702.00 9702.08 9702.12 9702.32 9702.56 9702.64 9702.76 9702.72 9702.64 9702.64 9702.68 9702.68 9702.68 9702.76 9702.80 9702.60 9702.40 9702.32 9702.24 9702.40 9702.56 9702.76 9702.96 9703.08 9703.20 9703.24 9703.32 9703.40 9703.44 9703.40 9703.36 9703.76 9704.16 9703.64 9703.16 9703.48 9703.84 9703.96 9704.08 9703.92 9703.76 9704.08 9704.36 9704.56 9704.76 9704.68 9704.60 9704.76 9704.88 9705.00 9705.08 9705.08 9705.04 9705.04 9705.04 9704.84 9704.64 9704.80 9704.96 9704.88 9704.80 9704.56 9704.32 9704.84 9705.32 9704.72 9705.04 9705.12 9705.24 9705.28 9705.32 9705.24 9705.20 9705.04 9704.88 9704.84 9704.80 9704.88 9705.00 9705.20 9705.40 9705.24 9705.04 9704.72 9704.40 9703.96 9703.48 9703.28 9703.04 9702.92 9702.76 9702.80 9702.88 9702.84 9702.84 9703.00 9703.16 9703.04 9702.92 9702.84 9702.80 9702.76 9702.76 9702.52 9702.28 9702.28 9702.28 9702.16 9702.04 9702.12 9702.20 9702.28 9702.36 9702.28 9702.20 9702.12 9702.04 9702.08 9702.08 9702.24 9702.40 9702.40 9702.44 9702.40 9702.32 9702.32 9702.32 9702.36 9702.40 9702.40 9702.40 9702.24 9702.08 9702.12 9702.16 9702.32 9702.48 9702.72 9702.92 9703.12 9703.32 9703.36 9703.40 9703.40 9703.40 9703.48 9703.56 9703.64 9703.76 9703.32 9702.84 9703.28 9703.76 9703.80 9703.88 9703.80 9703.72 9704.04 9704.36 9704.48 9704.56 9704.56 9704.56 9704.72 9704.92 9704.80 9704.72 9704.80 9704.92 9704.84 9704.80 9704.68 9704.60 9704.48 9704.36 9704.08 9703.80 9703.72 9703.64 9704.08 9704.52 9704.40 9704.68 9704.80 9704.88 9704.96 9705.00 9704.92 9704.84 9704.68 9704.52 9704.48 9704.44 9704.56 9704.72 9705.04 9705.36 9705.28 9705.20 9704.92 9704.64 9703.76 9702.88 9702.88 9702.84 9702.68 9702.52 9702.80 9703.08 9702.88 9702.68 9702.76 9702.80 9702.64 9702.44 9702.40 9702.32 9702.32 9702.28 9702.04 9701.80 9701.92 9702.04 9701.88 9701.68 9701.72 9701.76 9701.96 9702.16 9702.16 9702.16 9702.12 9702.08 9702.08 9702.08 9702.16 9702.20 9702.16 9702.12 9702.08 9702.00 9702.00 9701.96 9702.04 9702.12 9702.08 9702.00 9701.88 9701.72 9701.92 9702.08 9702.24 9702.40 9702.64 9702.88 9703.20 9703.48 9703.48 9703.44 9703.40 9703.40 9703.56 9703.72 9703.56 9703.36 9702.96 9702.52 9703.08 9703.64 9703.64 9703.64 9703.64 9703.68 9704.04 9704.36 9704.36 9704.36 9704.44 9704.52 9704.72 9704.92 9704.64 9704.32 9704.56 9704.80 9704.64 9704.52 9704.56 9704.56 9704.16 9703.76 9703.28 9702.80 9702.88 9702.96 9703.36 9703.72 9704.08 9704.52 9704.64 9704.80 9704.80 9704.84 9704.84 9704.80 9704.64 9704.48 9704.44 9704.40 9704.60 9704.80 9704.84 9704.88 9704.76 9704.60 9704.32 9704.04 9703.40 9702.76 9702.68 9702.64 9702.56 9702.48 9702.64 9702.84 9702.72 9702.56 9702.56 9702.56 9702.48 9702.36 9702.24 9702.16 9702.08 9701.96 9701.84 9701.72 9701.68 9701.68 9701.52 9701.36 9701.40 9701.48 9701.76 9702.04 9702.04 9702.08 9702.04 9702.00 9701.96 9701.96 9702.00 9702.08 9702.04 9702.04 9702.00 9702.00 9701.96 9701.96 9702.00 9702.08 9702.00 9701.92 9701.80 9701.68 9701.88 9702.08 9702.24 9702.44 9702.60 9702.76 9702.96 9703.16 9703.20 9703.24 9703.24 9703.24 9703.32 9703.48 9703.40 9703.36 9703.20 9703.04 9703.36 9703.64 9703.64 9703.56 9703.56 9703.56 9703.92 9704.32 9704.28 9704.24 9704.20 9704.12 9704.32 9704.56 9704.44 9704.32 9704.28 9704.28 9704.16 9704.08 9704.00 9703.92 9703.40 9702.88 9702.68 9702.48 9702.76 9703.00 9703.36 9703.76 9704.04 9704.36 9704.52 9704.68 9704.68 9704.68 9704.72 9704.76 9704.60 9704.44 9704.40 9704.36 9704.60 9704.84 9704.64 9704.40 9704.24 9704.04 9703.76 9703.44 9703.04 9702.60 9702.52 9702.44 9702.40 9702.40 9702.48 9702.60 9702.56 9702.48 9702.40 9702.32 9702.32 9702.28 9702.16 9702.00 9701.84 9701.64 9701.64 9701.60 9701.48 9701.32 9701.16 9701.04 9701.12 9701.20 9701.56 9701.88 9701.92 9701.96 9701.92 9701.88 9701.88 9701.84 9701.88 9701.92 9701.96 9701.96 9701.96 9701.96 9701.96 9701.92 9702.00 9702.04 9701.96 9701.84 9701.76 9701.64 9701.88 9702.08 9702.28 9702.48 9702.56 9702.60 9702.72 9702.84 9702.92 9703.00 9703.00 9703.04 9703.12 9703.20 9703.28 9703.36 9703.48 9703.56 9703.64 9703.68 9703.60 9703.52 9703.48 9703.44 9703.84 9704.24 9704.20 9704.16 9703.92 9703.68 9703.92 9704.16 9704.24 9704.32 9704.04 9703.72 9703.68 9703.64 9703.48 9703.28 9702.64 9701.96 9702.08 9702.20 9702.60 9703.00 9703.40 9703.80 9704.04 9704.32 9704.48 9704.68 9704.76 9704.80 9704.76 9704.72 9704.56 9704.40 9704.28 9704.20 9704.28 9704.36 9704.12 9703.92 9703.72 9703.52 9703.40 9703.24 9702.96 9702.68 9702.56 9702.44 9702.36 9702.24 9702.24 9702.24 9702.12 9701.96 9701.96 9701.96 9701.96 9701.96 9701.88 9701.76 9701.64 9701.56 9701.40 9701.32 9701.12 9700.92 9700.88 9700.88 9701.00 9701.08 9701.28 9701.44 9701.52 9701.60 9701.68 9701.76 9701.80 9701.88 9701.88 9701.92 9701.92 9701.96 9701.92 9701.92 9701.88 9701.84 9701.84 9701.84 9701.72 9701.60 9701.56 9701.48 9701.76 9702.00 9702.24 9702.48 9702.44 9702.44 9702.48 9702.48 9702.64 9702.80 9703.00 9703.16 9703.24 9703.32 9703.24 9703.16 9703.32 9703.48 9703.60 9703.76 9703.60 9703.48 9703.40 9703.32 9703.64 9703.96 9703.96 9703.92 9703.64 9703.32 9703.48 9703.60 9703.56 9703.56 9703.04 9702.56 9702.56 9702.60 9702.72 9702.88 9702.40 9701.92 9702.12 9702.36 9702.72 9703.08 9703.32 9703.60 9703.80 9704.28 9704.48 9704.68 9704.80 9704.92 9704.80 9704.64 9704.48 9704.32 9704.16 9704.04 9703.96 9703.84 9703.64 9703.44 9703.24 9703.00 9703.04 9703.08 9702.92 9702.76 9702.60 9702.44 9702.28 9702.12 9702.00 9701.88 9701.64 9701.44 9701.48 9701.56 9701.60 9701.64 9701.56 9701.52 9701.48 9701.44 9701.24 9701.00 9700.76 9700.48 9700.60 9700.72 9700.84 9700.96 9701.00 9701.00 9701.12 9701.24 9701.40 9701.60 9701.76 9701.88 9701.92 9701.92 9701.92 9701.92 9701.88 9701.84 9701.80 9701.76 9701.68 9701.60 9701.48 9701.36 9701.32 9701.32 9701.64 9701.92 9702.20 9702.44 9702.36 9702.28 9702.20 9702.12 9702.36 9702.60 9702.96 9703.32 9703.36 9703.40 9703.20 9703.00 9703.16 9703.36 9703.56 9703.80 9703.60 9703.40 9703.32 9703.20 9703.44 9703.68 9703.68 9703.68 9703.32 9703.00 9703.04 9703.08 9702.92 9702.76 9702.08 9701.40 9701.48 9701.56 9702.00 9702.44 9702.16 9701.84 9702.20 9702.52 9702.84 9703.12 9703.24 9703.40 9703.52 </TempDataArray>
    </BinaryData>
    <End xmlns="" EndString="7777"/>
</gribObject>
