<?xml version="1.0" encoding="UTF-8" standalone="yes"?>
<gribObject xmlns:xsi="http://www.w3.org/2001/XMLSchema-instance" xmlns:xsd="http://www.w3.org/2001/XMLSchema" xmlns="http://c4i.mlt/ICDU/schema" ForecastTime="2025-09-29T12:00:00.000Z" RunTime="2025-09-29T12:00:00.000Z" ParameterName="U component of wind" FileName="newsingapore">
    <Indicator xmlns="" GribHeader="GRIB" NumOfOctets="21" GribType="2"/>
    <ProductDefinition xmlns="" NumOfOctets="4" ParamTableVersion="2" OrigCenter="7" ProcessID="81" GridID="83" GDS_BDS_Flag="128" ParamAndUnits="131" LevelType="0" Level="100" ReferenceTime="29" Month="9" Day="29" Hour="12" Minute="0" ForecastTimeUnits="1" PeriodOfTime1="12" PeriodOfTime2="0" TimeRangeIndicator="1" NumInAverage="-8" NumMissingAverage="0" CenturyOfReference="21" SubcenterID="0" DecimalScaleFactor="2" Reserved1="0" Lat1="-11000" Lon1="91000" Lat2="-9500" Lon2="105375" Di="125" Dj="125"/>
    <GridDescription xmlns="" NumOfOctets="72" NV="0" PV="255" DataRepresentationType="0">
        <LatLonProjection Ni="116" Nj="13" Flags="128" ScanFlags="64" Reserved="0"/>
    </GridDescription>
    <BinaryData xmlns="" NumOfOctets="6032" FlagsAndUnused="12" BinaryScaleFactor="0" ReferenceValue="-1490.986816" DatumPacked="1508" OptionalFlags="0">
        <TempDataArray>-11.39 -11.19 -10.99 -10.67 -10.34 -10.51 -10.67 -10.57 -10.47 -10.28 -10.09 -10.05 -10.01 -10.00 -9.99 -10.45 -10.91 -11.15 -11.38 -11.34 -11.29 -11.11 -10.94 -10.85 -10.76 -10.51 -10.27 -10.40 -10.53 -10.56 -10.59 -10.51 -10.43 -10.22 -10.02 -9.78 -9.54 -9.79 -10.05 -10.37 -10.68 -10.67 -10.66 -10.53 -10.41 -10.47 -10.53 -10.61 -10.70 -10.31 -9.92 -9.61 -9.29 -9.27 -9.24 -9.43 -9.61 -9.53 -9.46 -9.30 -9.14 -9.13 -9.11 -8.81 -8.51 -7.91 -7.31 -6.61 -5.91 -5.62 -5.34 -5.36 -5.39 -5.35 -5.30 -5.22 -5.15 -4.86 -4.57 -4.73 -4.90 -4.96 -5.02 -4.67 -4.32 -4.68 -5.05 -5.46 -5.88 -5.98 -6.08 -6.01 -5.95 -6.30 -6.65 -6.28 -5.92 -5.77 -5.63 -5.30 -4.97 -4.91 -4.85 -5.39 -5.93 -6.29 -6.65 -6.50 -6.35 -5.97 -5.60 -5.26 -4.92 -4.93 -4.94 -4.85 -11.27 -11.13 -10.99 -10.68 -10.37 -10.44 -10.50 -10.30 -10.09 -9.98 -9.86 -10.04 -10.21 -10.25 -10.29 -10.70 -11.11 -11.26 -11.42 -11.33 -11.23 -11.09 -10.94 -10.83 -10.72 -10.56 -10.39 -10.49 -10.58 -10.74 -10.90 -10.82 -10.75 -10.56 -10.36 -10.26 -10.15 -10.42 -10.69 -10.97 -11.25 -11.23 -11.20 -10.99 -10.77 -10.75 -10.73 -10.79 -10.86 -10.57 -10.29 -10.06 -9.83 -9.83 -9.82 -9.99 -10.15 -10.08 -10.01 -9.99 -9.97 -10.08 -10.19 -9.66 -9.12 -8.24 -7.35 -6.83 -6.30 -6.02 -5.73 -5.49 -5.24 -5.27 -5.30 -5.28 -5.25 -4.89 -4.53 -4.61 -4.68 -4.77 -4.86 -4.60 -4.34 -4.65 -4.96 -5.27 -5.58 -5.63 -5.67 -5.72 -5.76 -5.97 -6.18 -6.21 -6.24 -6.10 -5.96 -5.69 -5.42 -5.46 -5.49 -5.99 -6.48 -6.76 -7.04 -6.89 -6.73 -6.46 -6.19 -5.75 -5.30 -5.15 -4.99 -4.86 -11.15 -11.07 -10.99 -10.69 -10.40 -10.37 -10.34 -10.03 -9.72 -9.68 -9.63 -10.02 -10.41 -10.51 -10.60 -10.95 -11.30 -11.38 -11.46 -11.32 -11.17 -11.06 -10.95 -10.81 -10.68 -10.60 -10.52 -10.57 -10.63 -10.91 -11.20 -11.13 -11.07 -10.89 -10.71 -10.73 -10.76 -11.04 -11.33 -11.58 -11.83 -11.79 -11.75 -11.45 -11.14 -11.04 -10.94 -10.97 -11.01 -10.84 -10.66 -10.52 -10.37 -10.39 -10.41 -10.55 -10.70 -10.62 -10.55 -10.68 -10.81 -11.04 -11.27 -10.50 -9.73 -8.57 -7.40 -7.05 -6.70 -6.41 -6.12 -5.61 -5.09 -5.20 -5.31 -5.33 -5.35 -4.93 -4.50 -4.48 -4.46 -4.58 -4.71 -4.53 -4.36 -4.61 -4.87 -5.08 -5.29 -5.27 -5.26 -5.42 -5.58 -5.64 -5.71 -6.14 -6.57 -6.43 -6.30 -6.09 -5.88 -6.01 -6.14 -6.59 -7.03 -7.23 -7.44 -7.27 -7.11 -6.95 -6.78 -6.23 -5.69 -5.36 -5.04 -4.86 -11.26 -11.20 -11.14 -10.82 -10.51 -10.32 -10.13 -9.88 -9.62 -9.72 -9.82 -10.17 -10.53 -10.60 -10.66 -10.96 -11.25 -11.26 -11.26 -11.15 -11.03 -10.98 -10.93 -10.82 -10.71 -10.64 -10.57 -10.70 -10.83 -11.09 -11.35 -11.33 -11.30 -11.11 -10.91 -10.92 -10.93 -11.22 -11.51 -11.70 -11.88 -11.94 -12.00 -11.85 -11.69 -11.59 -11.47 -11.37 -11.26 -11.04 -10.81 -10.59 -10.38 -10.42 -10.45 -10.63 -10.81 -10.93 -11.05 -11.00 -10.95 -11.15 -11.35 -10.72 -10.09 -9.20 -8.30 -7.95 -7.61 -7.23 -6.85 -6.25 -5.65 -5.44 -5.23 -5.20 -5.16 -4.69 -4.22 -4.16 -4.11 -4.24 -4.36 -4.15 -3.94 -4.10 -4.26 -4.61 -4.96 -5.02 -5.07 -5.27 -5.47 -5.56 -5.64 -6.15 -6.65 -6.65 -6.65 -6.41 -6.17 -6.34 -6.51 -6.79 -7.06 -7.16 -7.27 -7.20 -7.14 -7.01 -6.89 -6.40 -5.92 -5.61 -5.29 -5.26 -11.37 -11.33 -11.29 -10.95 -10.62 -10.27 -9.92 -9.73 -9.53 -9.77 -10.00 -10.32 -10.65 -10.68 -10.72 -10.96 -11.20 -11.14 -11.07 -10.98 -10.88 -10.89 -10.91 -10.83 -10.75 -10.69 -10.63 -10.83 -11.03 -11.27 -11.50 -11.52 -11.54 -11.33 -11.12 -11.11 -11.10 -11.40 -11.69 -11.81 -11.94 -12.10 -12.26 -12.25 -12.25 -12.13 -12.01 -11.77 -11.52 -11.24 -10.96 -10.67 -10.39 -10.44 -10.50 -10.71 -10.93 -11.24 -11.55 -11.33 -11.10 -11.26 -11.43 -10.94 -10.45 -9.83 -9.20 -8.86 -8.52 -8.05 -7.59 -6.90 -6.21 -5.68 -5.15 -5.06 -4.97 -4.46 -3.94 -3.85 -3.76 -3.89 -4.01 -3.76 -3.52 -3.59 -3.66 -4.15 -4.64 -4.76 -4.88 -5.13 -5.37 -5.47 -5.58 -6.15 -6.73 -6.87 -7.00 -6.73 -6.47 -6.68 -6.89 -6.99 -7.09 -7.09 -7.10 -7.13 -7.17 -7.08 -7.00 -6.57 -6.15 -5.85 -5.55 -5.65 -11.52 -11.56 -11.61 -11.31 -11.01 -10.61 -10.21 -10.03 -9.85 -10.00 -10.15 -10.38 -10.60 -10.73 -10.87 -11.09 -11.30 -11.18 -11.06 -11.06 -11.05 -11.08 -11.09 -10.98 -10.87 -10.95 -11.03 -11.26 -11.49 -11.57 -11.64 -11.62 -11.61 -11.39 -11.18 -11.05 -10.92 -11.25 -11.57 -11.63 -11.69 -11.70 -11.71 -11.78 -11.84 -11.93 -12.03 -11.72 -11.42 -10.99 -10.57 -10.42 -10.27 -10.49 -10.70 -10.91 -11.12 -11.29 -11.46 -11.23 -11.00 -11.08 -11.15 -10.93 -10.70 -10.29 -9.88 -9.29 -8.70 -8.16 -7.63 -7.17 -6.72 -6.40 -6.08 -5.62 -5.16 -4.67 -4.17 -4.22 -4.26 -4.30 -4.34 -4.13 -3.91 -3.92 -3.92 -4.41 -4.90 -5.07 -5.23 -5.33 -5.43 -5.73 -6.02 -6.29 -6.56 -6.55 -6.53 -6.32 -6.10 -6.24 -6.38 -6.67 -6.95 -7.24 -7.52 -7.64 -7.76 -7.55 -7.33 -6.99 -6.65 -6.40 -6.14 -6.25 -11.68 -11.80 -11.92 -11.66 -11.41 -10.96 -10.50 -10.33 -10.16 -10.24 -10.31 -10.43 -10.55 -10.78 -11.02 -11.21 -11.41 -11.23 -11.05 -11.14 -11.23 -11.26 -11.28 -11.13 -10.99 -11.22 -11.44 -11.70 -11.96 -11.87 -11.78 -11.72 -11.67 -11.46 -11.24 -11.00 -10.75 -11.11 -11.46 -11.46 -11.45 -11.31 -11.17 -11.31 -11.44 -11.74 -12.04 -11.68 -11.33 -10.75 -10.17 -10.16 -10.15 -10.53 -10.91 -11.11 -11.31 -11.35 -11.38 -11.14 -10.90 -10.89 -10.88 -10.92 -10.96 -10.76 -10.56 -9.72 -8.88 -8.27 -7.67 -7.45 -7.23 -7.12 -7.01 -6.18 -5.35 -4.88 -4.40 -4.58 -4.76 -4.72 -4.67 -4.49 -4.31 -4.25 -4.19 -4.68 -5.16 -5.37 -5.58 -5.54 -5.50 -5.98 -6.46 -6.43 -6.40 -6.23 -6.06 -5.90 -5.73 -5.80 -5.88 -6.35 -6.82 -7.38 -7.94 -8.14 -8.35 -8.01 -7.67 -7.41 -7.15 -6.95 -6.74 -6.86 -12.33 -12.46 -12.58 -12.41 -12.24 -11.88 -11.51 -11.30 -11.09 -10.98 -10.87 -10.85 -10.83 -11.02 -11.21 -11.37 -11.52 -11.49 -11.45 -11.51 -11.57 -11.40 -11.22 -11.03 -10.83 -11.09 -11.34 -11.54 -11.74 -11.71 -11.68 -11.73 -11.78 -11.70 -11.63 -11.45 -11.28 -11.53 -11.78 -11.58 -11.39 -11.05 -10.71 -10.84 -10.96 -11.36 -11.75 -11.50 -11.24 -10.93 -10.62 -10.77 -10.92 -11.17 -11.42 -11.44 -11.44 -11.31 -11.16 -11.04 -10.92 -11.01 -11.10 -11.02 -10.94 -10.66 -10.39 -9.69 -8.99 -8.50 -8.01 -7.54 -7.07 -6.85 -6.63 -5.88 -5.12 -4.69 -4.25 -4.66 -5.05 -4.66 -4.27 -4.06 -3.85 -3.92 -3.98 -4.63 -5.28 -5.39 -5.49 -5.43 -5.37 -5.72 -6.07 -6.24 -6.40 -6.19 -5.97 -5.78 -5.60 -5.74 -5.87 -6.15 -6.43 -6.79 -7.14 -7.46 -7.79 -7.62 -7.46 -7.02 -6.57 -6.56 -6.55 -6.80 -12.99 -13.12 -13.25 -13.16 -13.07 -12.80 -12.53 -12.28 -12.03 -11.73 -11.44 -11.28 -11.12 -11.26 -11.40 -11.52 -11.64 -11.75 -11.86 -11.88 -11.91 -11.54 -11.17 -10.92 -10.68 -10.97 -11.25 -11.38 -11.51 -11.54 -11.58 -11.73 -11.88 -11.95 -12.02 -11.91 -11.80 -11.95 -12.09 -11.71 -11.33 -10.79 -10.25 -10.37 -10.49 -10.98 -11.47 -11.31 -11.16 -11.11 -11.07 -11.38 -11.69 -11.81 -11.94 -11.76 -11.58 -11.27 -10.95 -10.94 -10.94 -11.13 -11.32 -11.12 -10.92 -10.57 -10.22 -9.66 -9.10 -8.73 -8.36 -7.64 -6.92 -6.58 -6.25 -5.58 -4.90 -4.51 -4.11 -4.73 -5.35 -4.61 -3.87 -3.63 -3.39 -3.58 -3.78 -4.59 -5.40 -5.40 -5.40 -5.32 -5.25 -5.46 -5.68 -6.04 -6.41 -6.14 -5.87 -5.67 -5.48 -5.67 -5.87 -5.96 -6.05 -6.19 -6.34 -6.78 -7.23 -7.24 -7.25 -6.62 -6.00 -6.18 -6.37 -6.75 -13.48 -13.54 -13.59 -13.56 -13.53 -13.38 -13.24 -12.99 -12.75 -12.42 -12.09 -11.89 -11.69 -11.85 -12.01 -12.00 -11.98 -11.94 -11.90 -11.87 -11.83 -11.51 -11.19 -10.96 -10.73 -10.91 -11.08 -11.26 -11.42 -11.61 -11.80 -11.91 -12.03 -12.19 -12.34 -12.29 -12.23 -12.30 -12.36 -11.96 -11.56 -10.96 -10.36 -10.32 -10.28 -10.86 -11.43 -11.64 -11.86 -12.00 -12.14 -12.06 -11.97 -11.90 -11.84 -11.81 -11.78 -11.62 -11.46 -11.36 -11.26 -11.27 -11.28 -10.96 -10.65 -10.20 -9.76 -9.20 -8.64 -8.27 -7.90 -7.33 -6.76 -6.68 -6.60 -5.95 -5.29 -5.07 -4.85 -5.36 -5.87 -4.59 -3.31 -3.28 -3.26 -3.36 -3.47 -4.29 -5.11 -4.99 -4.87 -5.10 -5.33 -5.42 -5.50 -5.69 -5.88 -5.74 -5.59 -5.38 -5.18 -5.21 -5.25 -5.45 -5.64 -5.89 -6.13 -6.52 -6.90 -6.88 -6.86 -6.35 -5.84 -6.07 -6.30 -6.55 -13.98 -13.96 -13.93 -13.96 -13.99 -13.97 -13.95 -13.71 -13.47 -13.11 -12.75 -12.51 -12.27 -12.45 -12.63 -12.48 -12.33 -12.14 -11.95 -11.85 -11.76 -11.48 -11.20 -10.99 -10.78 -10.85 -10.92 -11.13 -11.34 -11.68 -12.02 -12.10 -12.17 -12.42 -12.67 -12.67 -12.66 -12.65 -12.64 -12.22 -11.79 -11.13 -10.47 -10.27 -10.07 -10.73 -11.39 -11.97 -12.56 -12.89 -13.22 -12.73 -12.25 -11.99 -11.74 -11.86 -11.98 -11.98 -11.98 -11.78 -11.59 -11.41 -11.24 -10.81 -10.38 -9.84 -9.30 -8.74 -8.18 -7.81 -7.44 -7.03 -6.61 -6.78 -6.96 -6.32 -5.68 -5.63 -5.59 -5.99 -6.39 -4.57 -2.75 -2.94 -3.13 -3.14 -3.16 -3.99 -4.82 -4.58 -4.34 -4.88 -5.42 -5.37 -5.32 -5.34 -5.36 -5.34 -5.31 -5.09 -4.88 -4.75 -4.63 -4.93 -5.24 -5.59 -5.93 -6.25 -6.57 -6.52 -6.48 -6.08 -5.69 -5.96 -6.23 -6.36 -14.30 -14.36 -14.42 -14.30 -14.18 -14.13 -14.09 -14.01 -13.93 -13.65 -13.37 -13.10 -12.84 -12.89 -12.95 -12.71 -12.47 -12.23 -11.98 -11.98 -11.99 -11.83 -11.67 -11.30 -10.92 -11.05 -11.17 -11.51 -11.84 -12.13 -12.41 -12.57 -12.72 -12.91 -13.08 -13.05 -13.02 -12.89 -12.74 -12.31 -11.87 -11.17 -10.46 -10.30 -10.14 -10.90 -11.65 -12.14 -12.64 -12.77 -12.90 -12.50 -12.09 -12.10 -12.10 -12.26 -12.41 -12.45 -12.47 -12.09 -11.71 -11.28 -10.86 -10.55 -10.24 -9.98 -9.72 -9.16 -8.61 -8.09 -7.57 -7.14 -6.70 -6.69 -6.69 -6.00 -5.31 -5.35 -5.38 -5.55 -5.70 -4.41 -3.11 -3.58 -4.04 -3.93 -3.80 -4.34 -4.88 -4.90 -4.92 -5.39 -5.85 -5.97 -6.08 -6.12 -6.15 -6.07 -5.98 -5.60 -5.22 -4.76 -4.29 -4.45 -4.61 -5.18 -5.74 -6.07 -6.39 -6.32 -6.25 -6.34 -6.42 -6.67 -6.91 -6.70 -14.63 -14.77 -14.91 -14.64 -14.37 -14.30 -14.23 -14.31 -14.39 -14.19 -13.99 -13.70 -13.41 -13.33 -13.26 -12.94 -12.62 -12.32 -12.02 -12.12 -12.21 -12.18 -12.15 -11.61 -11.06 -11.25 -11.43 -11.89 -12.35 -12.57 -12.80 -13.04 -13.28 -13.39 -13.50 -13.44 -13.39 -13.12 -12.85 -12.41 -11.96 -11.21 -10.45 -10.33 -10.21 -11.06 -11.91 -12.31 -12.72 -12.65 -12.59 -12.26 -11.93 -12.20 -12.47 -12.66 -12.85 -12.91 -12.97 -12.40 -11.83 -11.15 -10.48 -10.28 -10.09 -10.11 -10.14 -9.59 -9.04 -8.38 -7.71 -7.25 -6.79 -6.60 -6.42 -5.68 -4.94 -5.06 -5.18 -5.10 -5.02 -4.24 -3.47 -4.21 -4.96 -4.71 -4.45 -4.69 -4.94 -5.22 -5.50 -5.90 -6.29 -6.57 -6.85 -6.90 -6.95 -6.80 -6.65 -6.10 -5.56 -4.76 -3.96 -3.97 -3.98 -4.77 -5.56 -5.89 -6.22 -6.12 -6.03 -6.60 -7.16 -7.37 -7.59 -7.04 </TempDataArray>
    </BinaryData>
    <End xmlns="" EndString="7777"/>
</gribObject>
