<?xml version="1.0" encoding="UTF-8" standalone="yes"?>
<gribObject xmlns:xsi="http://www.w3.org/2001/XMLSchema-instance" xmlns:xsd="http://www.w3.org/2001/XMLSchema" xmlns="http://c4i.mlt/ICDU/schema" ForecastTime="2025-09-28T12:00:00.000Z" RunTime="2025-09-28T12:00:00.000Z" ParameterName="V component of wind" FileName="newsingapore">
    <Indicator xmlns="" GribHeader="GRIB" NumOfOctets="21" GribType="2"/>
    <ProductDefinition xmlns="" NumOfOctets="4" ParamTableVersion="2" OrigCenter="7" ProcessID="81" GridID="36" GDS_BDS_Flag="128" ParamAndUnits="132" LevelType="0" Level="200" ReferenceTime="28" Month="9" Day="28" Hour="12" Minute="0" ForecastTimeUnits="1" PeriodOfTime1="12" PeriodOfTime2="0" TimeRangeIndicator="1" NumInAverage="3" NumMissingAverage="0" CenturyOfReference="21" SubcenterID="0" DecimalScaleFactor="1" Reserved1="0" Lat1="-11000" Lon1="91000" Lat2="-9500" Lon2="105375" Di="125" Dj="125"/>
    <GridDescription xmlns="" NumOfOctets="72" NV="0" PV="255" DataRepresentationType="0">
        <LatLonProjection Ni="116" Nj="13" Flags="128" ScanFlags="64" Reserved="0"/>
    </GridDescription>
    <BinaryData xmlns="" NumOfOctets="6032" FlagsAndUnused="12" BinaryScaleFactor="0" ReferenceValue="-57.335938" DatumPacked="1508" OptionalFlags="0">
        <TempDataArray>9.67 9.77 9.77 9.67 9.67 9.47 9.37 9.47 9.57 9.87 10.17 10.37 10.57 10.87 11.27 11.57 11.97 12.27 12.67 12.87 13.17 12.97 12.77 12.07 11.37 10.77 10.27 9.77 9.37 8.87 8.37 8.37 8.37 8.27 8.17 7.97 7.77 7.67 7.67 7.37 7.07 7.27 7.47 8.07 8.77 8.87 8.97 8.67 8.47 7.97 7.37 6.37 5.27 4.57 3.87 3.07 2.37 1.07 -0.23 1.57 3.37 4.17 4.97 2.17 -0.63 -0.33 0.07 0.57 1.07 0.77 0.37 0.67 0.97 -0.03 -1.03 -1.83 -2.63 -2.53 -2.43 -1.63 -0.73 -0.93 -1.13 -1.03 -0.83 -0.83 -0.73 -1.03 -1.33 -1.53 -1.73 -1.63 -1.53 -1.33 -1.23 -1.03 -0.83 -1.03 -1.13 -1.23 -1.33 -1.53 -1.73 -1.13 -0.43 0.57 1.57 1.67 1.77 1.57 1.27 1.37 1.47 1.97 2.47 2.87 9.17 9.27 9.37 9.27 9.17 9.47 9.77 9.87 10.07 10.27 10.57 10.77 11.17 11.47 11.77 12.07 12.47 12.67 12.97 13.07 13.27 12.97 12.77 12.17 11.77 11.27 10.97 10.37 9.97 9.37 8.87 8.67 8.67 8.57 8.57 8.37 8.17 8.07 7.97 7.47 7.07 7.07 7.07 7.57 8.17 8.57 8.87 8.97 9.17 8.57 7.97 6.97 5.97 5.37 4.87 4.17 3.47 1.57 -0.23 1.47 3.17 3.97 4.77 2.47 0.17 0.07 0.07 0.37 0.77 0.77 0.87 1.37 1.97 1.47 0.97 -0.13 -1.03 -1.13 -1.13 -0.33 0.57 0.37 0.17 -0.33 -0.73 -0.53 -0.13 -0.63 -1.03 -1.23 -1.33 -1.13 -0.83 -1.03 -1.13 -1.33 -1.43 -1.93 -2.43 -1.83 -1.23 -1.23 -1.13 -0.63 -0.13 0.57 1.37 1.67 1.97 1.17 0.27 -0.13 -0.53 0.57 1.87 2.57 8.67 8.77 8.87 8.77 8.67 9.37 10.07 10.27 10.47 10.67 10.87 11.27 11.67 11.97 12.27 12.57 12.87 13.07 13.27 13.27 13.27 12.97 12.67 12.37 12.07 11.77 11.57 10.97 10.47 9.87 9.27 9.07 8.87 8.87 8.87 8.67 8.57 8.47 8.27 7.67 7.07 6.87 6.67 7.07 7.57 8.17 8.77 9.27 9.77 9.17 8.57 7.57 6.67 6.27 5.87 5.17 4.47 2.07 -0.33 1.27 2.97 3.67 4.47 2.67 0.87 0.47 0.07 0.27 0.47 0.87 1.37 2.07 2.87 2.87 2.87 1.67 0.47 0.27 0.07 0.87 1.77 1.57 1.37 0.27 -0.73 -0.23 0.37 -0.23 -0.73 -0.93 -1.03 -0.53 -0.13 -0.63 -1.03 -1.63 -2.13 -2.93 -3.73 -2.43 -1.13 -0.83 -0.53 -0.13 0.17 0.67 1.17 1.67 2.17 0.67 -0.73 -1.73 -2.63 -0.73 1.17 2.37 8.87 8.97 9.07 9.27 9.47 10.07 10.87 10.77 10.67 10.97 11.27 11.57 12.07 12.37 12.77 12.97 13.37 13.47 13.67 13.47 13.37 13.07 12.77 12.37 12.07 11.97 11.87 11.77 11.67 10.87 10.27 9.87 9.57 9.57 9.77 9.47 9.17 8.57 8.07 6.77 5.67 5.77 5.87 6.57 7.27 7.77 8.37 8.77 9.27 8.67 8.07 7.27 6.57 6.07 5.57 4.27 2.87 0.87 -1.03 0.07 1.17 1.67 2.27 1.17 0.07 -0.23 -0.53 -0.03 0.67 1.27 1.97 2.97 3.97 3.77 3.67 2.17 0.87 0.67 0.47 1.27 2.17 2.47 2.87 1.37 -0.03 0.57 1.17 0.47 -0.13 -0.23 -0.13 0.07 0.37 -0.63 -1.63 -1.63 -1.63 -2.73 -3.63 -2.93 -2.03 -1.43 -0.63 -0.43 -0.13 0.17 0.67 0.87 1.27 0.07 -1.13 -1.73 -2.23 -1.13 0.07 0.47 8.97 9.07 9.27 9.77 10.17 10.87 11.57 11.17 10.87 11.17 11.57 11.97 12.37 12.77 13.17 13.47 13.77 13.87 13.97 13.67 13.47 13.17 12.77 12.37 11.97 12.07 12.17 12.47 12.77 11.97 11.17 10.67 10.17 10.37 10.57 10.17 9.77 8.77 7.77 5.97 4.17 4.57 5.07 6.07 6.97 7.37 7.87 8.37 8.77 8.17 7.47 6.87 6.37 5.87 5.27 3.27 1.27 -0.23 -1.73 -1.23 -0.63 -0.33 -0.03 -0.43 -0.83 -1.03 -1.23 -0.23 0.77 1.67 2.57 3.77 5.07 4.77 4.37 2.77 1.17 0.97 0.87 1.67 2.57 3.47 4.37 2.47 0.57 1.27 1.97 1.17 0.37 0.47 0.67 0.77 0.77 -0.73 -2.23 -1.73 -1.23 -2.43 -3.63 -3.33 -3.03 -1.93 -0.83 -0.73 -0.53 -0.23 0.07 0.17 0.27 -0.63 -1.53 -1.63 -1.83 -1.43 -1.13 -1.43 8.67 8.97 9.37 10.07 10.87 11.07 11.27 11.07 10.97 11.57 12.17 12.67 13.07 13.37 13.77 13.87 13.97 14.07 14.27 13.97 13.87 13.57 13.27 12.97 12.87 12.37 11.97 12.07 12.17 11.77 11.37 11.07 10.77 10.87 11.07 10.47 9.87 8.37 6.97 4.97 3.07 3.97 4.97 5.77 6.67 7.07 7.57 7.77 7.97 6.87 5.77 5.27 4.87 4.77 4.67 3.17 1.67 0.67 -0.23 0.07 0.47 0.47 0.47 0.07 -0.23 -0.23 -0.13 0.67 1.67 2.17 2.67 3.27 3.87 3.57 3.27 2.17 1.07 1.17 1.27 1.87 2.57 1.97 1.37 1.07 0.87 1.27 1.67 0.57 -0.43 0.07 0.57 0.67 0.77 -0.53 -1.73 -2.53 -3.23 -3.73 -4.13 -4.13 -4.13 -3.23 -2.23 -1.63 -1.03 -0.43 0.27 0.27 0.47 -0.13 -0.73 -1.43 -2.13 -2.03 -1.93 -2.63 8.27 8.77 9.37 10.47 11.57 11.27 10.97 10.97 11.07 11.97 12.77 13.27 13.77 14.07 14.27 14.17 14.17 14.27 14.47 14.27 14.17 13.87 13.67 13.67 13.67 12.67 11.77 11.57 11.47 11.47 11.57 11.47 11.37 11.37 11.47 10.67 9.97 8.07 6.07 3.97 1.97 3.37 4.77 5.47 6.27 6.77 7.27 7.27 7.17 5.67 4.07 3.67 3.27 3.67 4.07 3.07 1.97 1.57 1.17 1.37 1.57 1.27 0.97 0.57 0.27 0.57 0.87 1.67 2.47 2.57 2.77 2.67 2.67 2.37 2.07 1.57 0.97 1.27 1.57 2.07 2.57 0.37 -1.73 -0.33 1.07 1.27 1.37 0.07 -1.23 -0.43 0.47 0.57 0.77 -0.33 -1.33 -3.33 -5.23 -4.93 -4.73 -5.03 -5.23 -4.43 -3.63 -2.53 -1.53 -0.63 0.37 0.47 0.57 0.37 0.07 -1.23 -2.53 -2.63 -2.83 -3.83 8.07 8.67 9.27 9.97 10.77 10.77 10.77 11.07 11.37 12.17 12.97 13.37 13.77 13.87 13.97 13.77 13.67 13.67 13.77 13.77 13.77 13.47 13.17 12.17 11.17 10.17 9.37 9.77 10.17 10.77 11.37 11.47 11.67 11.27 10.97 10.07 9.17 7.57 5.97 4.37 2.87 3.77 4.87 4.97 5.07 5.27 5.47 5.97 6.47 5.57 4.67 4.37 4.17 3.97 3.77 2.27 0.87 0.67 0.47 1.17 1.97 1.87 1.77 1.47 1.27 1.57 1.87 2.27 2.77 2.67 2.57 2.17 1.87 1.57 1.47 1.37 1.37 1.57 1.77 1.47 1.27 -0.73 -2.73 -1.33 0.17 -0.03 -0.13 -1.23 -2.33 -0.93 0.67 0.87 1.17 -0.23 -1.53 -3.13 -4.83 -4.73 -4.73 -5.03 -5.23 -4.13 -3.03 -2.13 -1.23 -0.53 0.27 0.17 0.17 -0.13 -0.53 -1.83 -3.03 -3.23 -3.33 -4.03 7.87 8.47 9.07 9.47 9.97 10.27 10.57 11.07 11.57 12.37 13.17 13.47 13.77 13.67 13.57 13.27 13.07 12.97 12.97 13.17 13.27 12.97 12.67 10.57 8.57 7.67 6.87 7.87 8.87 9.97 11.07 11.57 11.97 11.27 10.47 9.37 8.27 7.07 5.87 4.77 3.67 4.27 4.87 4.37 3.87 3.77 3.67 4.67 5.67 5.37 5.17 5.17 5.07 4.27 3.47 1.57 -0.33 -0.33 -0.23 1.07 2.37 2.47 2.57 2.37 2.17 2.47 2.87 2.87 2.97 2.67 2.37 1.67 0.97 0.87 0.77 1.27 1.77 1.87 1.97 0.87 -0.13 -1.93 -3.73 -2.23 -0.83 -1.23 -1.63 -2.63 -3.53 -1.33 0.77 1.17 1.57 -0.13 -1.83 -3.03 -4.33 -4.53 -4.73 -5.03 -5.23 -3.83 -2.43 -1.73 -0.93 -0.43 0.17 -0.03 -0.23 -0.63 -1.13 -2.33 -3.63 -3.73 -3.83 -4.23 8.57 9.17 9.67 9.77 9.97 10.37 10.77 10.87 10.97 11.57 12.27 12.27 12.37 12.27 12.17 12.27 12.37 12.47 12.67 12.37 12.07 11.27 10.57 9.07 7.57 6.87 6.27 7.27 8.37 9.67 10.97 10.87 10.87 10.17 9.47 8.17 6.97 6.17 5.37 4.37 3.47 3.97 4.57 3.97 3.47 3.27 3.17 3.77 4.47 4.37 4.27 3.67 3.27 1.97 0.67 -0.63 -1.93 -1.23 -0.63 0.87 2.27 2.37 2.47 2.37 2.27 2.57 2.97 2.97 2.97 2.47 2.07 1.17 0.47 0.07 -0.23 0.07 0.37 0.17 -0.03 -0.33 -0.63 -1.83 -2.93 -2.43 -1.83 -2.43 -2.93 -3.53 -4.03 -2.43 -0.73 -0.33 0.27 -0.83 -1.83 -2.63 -3.53 -3.93 -4.43 -4.63 -4.93 -3.53 -2.13 -1.73 -1.33 -0.73 -0.13 -0.13 0.07 -0.23 -0.43 -2.13 -3.73 -4.03 -4.33 -4.43 9.27 9.77 10.27 10.07 9.97 10.47 10.97 10.67 10.37 10.77 11.27 11.07 10.87 10.77 10.77 11.27 11.67 11.97 12.27 11.57 10.87 9.57 8.37 7.47 6.57 6.07 5.57 6.67 7.87 9.37 10.77 10.27 9.77 9.17 8.47 7.07 5.57 5.17 4.87 4.07 3.17 3.67 4.27 3.57 2.97 2.77 2.57 2.87 3.27 3.27 3.27 2.27 1.37 -0.43 -2.13 -2.83 -3.53 -2.23 -1.03 0.57 2.17 2.27 2.37 2.27 2.27 2.67 3.07 2.97 2.87 2.27 1.67 0.77 -0.13 -0.73 -1.33 -1.23 -1.03 -1.63 -2.13 -1.63 -1.13 -1.63 -2.13 -2.53 -2.83 -3.53 -4.23 -4.43 -4.63 -3.43 -2.33 -1.73 -1.13 -1.53 -1.83 -2.23 -2.73 -3.43 -4.03 -4.33 -4.53 -3.23 -1.93 -1.83 -1.73 -1.13 -0.53 -0.13 0.27 0.27 0.17 -1.83 -3.83 -4.33 -4.83 -4.73 9.17 9.87 10.67 10.57 10.57 10.87 11.07 10.67 10.37 10.67 10.97 10.57 10.27 9.87 9.47 9.97 10.47 10.47 10.37 9.47 8.57 7.97 7.37 6.67 5.97 5.87 5.77 6.77 7.77 8.17 8.67 8.17 7.67 6.77 5.97 4.97 3.97 4.17 4.37 3.87 3.47 3.77 4.17 3.67 3.17 2.57 2.07 1.67 1.37 1.07 0.77 -0.23 -1.23 -2.33 -3.33 -4.03 -4.63 -3.33 -1.93 -0.23 1.47 1.67 1.87 1.97 2.17 2.37 2.77 2.47 2.27 1.67 1.27 0.67 0.27 -0.33 -0.73 -1.03 -1.23 -1.63 -2.03 -1.63 -1.13 -1.33 -1.43 -1.93 -2.43 -3.43 -4.53 -4.73 -4.93 -3.93 -2.83 -2.13 -1.43 -1.43 -1.33 -2.03 -2.73 -3.53 -4.23 -3.93 -3.53 -2.33 -0.93 -1.63 -2.13 -1.63 -0.93 -0.73 -0.43 -0.73 -1.03 -2.73 -4.43 -4.43 -4.43 -4.63 8.97 10.07 11.07 11.07 11.17 11.17 11.17 10.67 10.27 10.47 10.67 10.17 9.67 8.87 8.17 8.67 9.27 8.87 8.47 7.37 6.27 6.37 6.37 5.87 5.37 5.67 5.97 6.77 7.57 7.07 6.57 5.97 5.47 4.47 3.47 2.97 2.37 3.07 3.77 3.67 3.67 3.87 3.97 3.67 3.37 2.37 1.47 0.47 -0.53 -1.13 -1.73 -2.83 -3.93 -4.23 -4.63 -5.13 -5.73 -4.33 -2.93 -1.13 0.77 1.07 1.27 1.57 1.97 2.17 2.37 1.97 1.57 1.17 0.77 0.67 0.57 0.17 -0.23 -0.93 -1.53 -1.73 -1.93 -1.63 -1.23 -1.03 -0.73 -1.33 -2.03 -3.43 -4.83 -5.03 -5.33 -4.33 -3.43 -2.63 -1.73 -1.33 -0.93 -1.83 -2.73 -3.63 -4.53 -3.53 -2.63 -1.33 -0.03 -1.33 -2.63 -2.03 -1.43 -1.33 -1.23 -1.73 -2.23 -3.63 -5.03 -4.53 -4.13 -4.53 </TempDataArray>
    </BinaryData>
    <End xmlns="" EndString="7777"/>
</gribObject>
