<?xml version="1.0" encoding="UTF-8" standalone="yes"?>
<gribObject xmlns:xsi="http://www.w3.org/2001/XMLSchema-instance" xmlns:xsd="http://www.w3.org/2001/XMLSchema" xmlns="http://c4i.mlt/ICDU/schema" ForecastTime="2025-09-28T12:00:00.000Z" RunTime="2025-09-28T12:00:00.000Z" ParameterName="V component of wind" FileName="newsingapore">
    <Indicator xmlns="" GribHeader="GRIB" NumOfOctets="21" GribType="2"/>
    <ProductDefinition xmlns="" NumOfOctets="4" ParamTableVersion="2" OrigCenter="7" ProcessID="81" GridID="36" GDS_BDS_Flag="128" ParamAndUnits="132" LevelType="0" Level="300" ReferenceTime="28" Month="9" Day="28" Hour="12" Minute="0" ForecastTimeUnits="1" PeriodOfTime1="12" PeriodOfTime2="0" TimeRangeIndicator="1" NumInAverage="-3" NumMissingAverage="0" CenturyOfReference="21" SubcenterID="0" DecimalScaleFactor="1" Reserved1="0" Lat1="-11000" Lon1="91000" Lat2="-9500" Lon2="105375" Di="125" Dj="125"/>
    <GridDescription xmlns="" NumOfOctets="72" NV="0" PV="255" DataRepresentationType="0">
        <LatLonProjection Ni="116" Nj="13" Flags="128" ScanFlags="64" Reserved="0"/>
    </GridDescription>
    <BinaryData xmlns="" NumOfOctets="6032" FlagsAndUnused="12" BinaryScaleFactor="0" ReferenceValue="-101.283691" DatumPacked="1508" OptionalFlags="0">
        <TempDataArray>1.97 1.97 1.97 2.17 2.27 2.17 2.17 2.17 2.27 2.57 2.97 2.67 2.47 3.37 4.17 4.37 4.57 3.57 2.67 2.47 2.37 2.37 2.37 2.47 2.47 2.17 1.77 1.97 2.27 2.07 1.97 0.17 -1.63 -1.23 -0.73 -0.33 0.07 -0.63 -1.33 -2.23 -3.23 -4.83 -6.53 -6.83 -7.03 -7.23 -7.33 -7.03 -6.63 -6.03 -5.33 -6.03 -6.63 -7.53 -8.53 -9.13 -9.73 -9.53 -9.43 -9.63 -9.73 -9.33 -8.93 -8.63 -8.23 -8.23 -8.23 -8.53 -8.83 -8.13 -7.53 -6.63 -5.73 -5.83 -5.93 -7.13 -8.33 -8.83 -9.43 -9.73 -10.13 -10.03 -9.93 -9.63 -9.33 -9.33 -9.23 -8.83 -8.33 -8.33 -8.43 -8.53 -8.63 -8.33 -8.03 -7.43 -6.83 -5.53 -4.23 -4.23 -4.23 -4.13 -4.13 -4.33 -4.43 -4.23 -4.03 -3.73 -3.43 -3.23 -3.03 -3.13 -3.23 -3.13 -2.93 -2.03 1.47 1.57 1.67 1.77 1.97 1.87 1.87 1.87 1.97 2.07 2.27 2.07 1.97 2.87 3.77 3.67 3.67 3.07 2.57 2.47 2.47 2.27 2.27 2.37 2.67 2.17 1.67 1.77 1.97 1.67 1.37 -0.03 -1.43 -0.93 -0.43 -0.53 -0.53 -1.53 -2.53 -3.33 -4.03 -5.33 -6.53 -6.93 -7.33 -7.23 -7.13 -6.83 -6.43 -6.13 -5.83 -6.43 -7.03 -7.73 -8.53 -8.83 -9.13 -9.03 -8.93 -9.13 -9.33 -8.83 -8.33 -8.13 -7.83 -8.03 -8.13 -8.23 -8.43 -7.93 -7.33 -6.73 -6.03 -6.33 -6.63 -7.53 -8.43 -9.03 -9.73 -9.63 -9.63 -9.43 -9.23 -8.93 -8.63 -8.53 -8.43 -8.03 -7.53 -7.73 -7.83 -8.03 -8.13 -7.63 -7.03 -6.43 -5.83 -5.23 -4.73 -4.43 -4.23 -3.63 -3.03 -3.13 -3.03 -2.83 -2.63 -2.13 -1.63 -1.43 -1.13 -1.43 -1.53 -1.93 -2.23 -1.53 0.97 1.07 1.27 1.37 1.57 1.47 1.47 1.57 1.67 1.57 1.47 1.37 1.37 2.37 3.37 2.97 2.67 2.57 2.47 2.47 2.47 2.27 2.07 2.37 2.77 2.17 1.57 1.57 1.67 1.17 0.77 -0.23 -1.23 -0.73 -0.13 -0.63 -1.23 -2.53 -3.83 -4.33 -4.83 -5.73 -6.63 -7.13 -7.73 -7.33 -6.93 -6.63 -6.23 -6.33 -6.43 -6.93 -7.43 -7.93 -8.53 -8.53 -8.53 -8.43 -8.43 -8.73 -9.03 -8.43 -7.73 -7.63 -7.43 -7.73 -8.03 -8.03 -8.03 -7.63 -7.23 -6.83 -6.33 -6.83 -7.33 -7.93 -8.53 -9.23 -10.03 -9.63 -9.13 -8.83 -8.53 -8.23 -7.93 -7.83 -7.73 -7.33 -6.83 -7.13 -7.33 -7.53 -7.73 -6.93 -6.13 -5.43 -4.73 -4.93 -5.13 -4.63 -4.13 -3.03 -2.03 -1.83 -1.73 -1.43 -1.23 -0.53 0.17 0.37 0.67 0.37 0.07 -0.83 -1.63 -1.13 0.57 0.77 1.07 1.17 1.47 1.37 1.37 1.57 1.77 1.97 2.17 2.07 2.07 2.67 3.17 3.07 2.97 2.67 2.57 2.47 2.47 2.47 2.57 2.77 3.07 2.07 1.07 0.97 0.97 0.37 -0.13 -0.83 -1.53 -1.33 -1.13 -1.73 -2.23 -3.13 -4.03 -4.23 -4.43 -5.03 -5.53 -5.83 -6.03 -5.73 -5.23 -5.33 -5.33 -5.83 -6.33 -6.83 -7.33 -7.73 -8.03 -8.03 -7.93 -7.93 -7.93 -8.23 -8.43 -8.03 -7.53 -7.43 -7.33 -7.63 -7.83 -7.73 -7.73 -7.43 -7.13 -7.03 -6.93 -7.43 -7.83 -8.23 -8.53 -9.03 -9.53 -9.13 -8.73 -8.43 -8.03 -7.53 -7.03 -7.13 -7.13 -7.23 -7.13 -7.53 -7.83 -8.13 -8.43 -7.63 -6.83 -6.13 -5.33 -5.53 -5.83 -4.83 -3.73 -2.43 -1.13 -1.03 -0.83 -0.53 -0.13 0.77 1.77 1.17 0.67 -0.23 -1.03 -1.73 -2.43 -1.93 0.07 0.37 0.77 1.07 1.27 1.17 1.17 1.57 1.87 2.37 2.77 2.77 2.77 2.87 2.97 3.07 3.17 2.87 2.57 2.57 2.47 2.67 2.97 3.07 3.27 1.87 0.57 0.37 0.17 -0.43 -1.13 -1.53 -1.83 -2.03 -2.23 -2.73 -3.23 -3.73 -4.33 -4.23 -4.13 -4.33 -4.53 -4.53 -4.43 -4.03 -3.63 -4.13 -4.53 -5.33 -6.13 -6.73 -7.33 -7.43 -7.53 -7.53 -7.43 -7.43 -7.53 -7.73 -7.83 -7.63 -7.33 -7.33 -7.33 -7.53 -7.63 -7.53 -7.43 -7.23 -7.03 -7.33 -7.63 -8.03 -8.43 -8.53 -8.63 -8.83 -9.03 -8.73 -8.33 -7.93 -7.53 -6.83 -6.23 -6.43 -6.63 -7.13 -7.53 -7.93 -8.33 -8.73 -9.13 -8.33 -7.53 -6.73 -5.93 -6.23 -6.43 -4.93 -3.43 -1.83 -0.33 -0.13 -0.03 0.47 0.87 2.07 3.27 1.87 0.57 -0.83 -2.23 -2.73 -3.23 -2.73 0.37 0.77 1.17 1.47 1.87 1.97 2.07 2.47 2.77 3.17 3.57 3.57 3.57 3.67 3.77 3.27 2.87 2.67 2.57 2.77 3.07 3.17 3.37 3.17 3.17 1.77 0.37 0.07 -0.33 -1.03 -1.73 -2.03 -2.33 -2.53 -2.63 -2.93 -3.23 -3.33 -3.33 -3.33 -3.23 -3.33 -3.33 -3.23 -2.93 -2.83 -2.63 -3.33 -3.93 -4.93 -5.83 -6.23 -6.63 -6.73 -6.83 -7.03 -7.23 -7.43 -7.63 -7.63 -7.63 -7.43 -7.23 -7.23 -7.13 -7.13 -7.13 -7.03 -7.03 -6.93 -6.73 -7.03 -7.23 -7.53 -7.73 -7.83 -7.83 -7.93 -7.93 -7.83 -7.63 -7.33 -7.03 -6.63 -6.13 -6.33 -6.53 -7.03 -7.53 -8.13 -8.73 -9.03 -9.33 -8.33 -7.43 -6.53 -5.43 -5.33 -5.13 -3.43 -1.73 -0.63 0.57 0.77 0.97 1.17 1.37 1.27 1.27 -0.13 -1.53 -2.23 -2.83 -3.33 -3.73 -2.93 0.67 1.07 1.47 1.97 2.47 2.77 2.97 3.37 3.67 3.97 4.27 4.27 4.37 4.47 4.47 3.47 2.47 2.47 2.47 2.97 3.57 3.57 3.67 3.27 2.97 1.57 0.17 -0.33 -0.83 -1.53 -2.33 -2.63 -2.83 -2.93 -3.03 -3.13 -3.23 -2.83 -2.43 -2.43 -2.43 -2.33 -2.23 -1.93 -1.53 -1.63 -1.73 -2.53 -3.43 -4.43 -5.53 -5.83 -6.03 -6.13 -6.13 -6.63 -7.13 -7.43 -7.73 -7.63 -7.53 -7.33 -7.13 -7.03 -6.93 -6.83 -6.63 -6.63 -6.63 -6.53 -6.43 -6.63 -6.83 -7.03 -7.13 -7.13 -7.13 -7.03 -6.93 -7.03 -7.03 -6.83 -6.63 -6.33 -6.03 -6.23 -6.43 -7.03 -7.63 -8.43 -9.13 -9.33 -9.43 -8.43 -7.43 -6.23 -5.03 -4.43 -3.83 -1.93 -0.13 0.67 1.47 1.77 1.97 1.87 1.77 0.47 -0.73 -2.23 -3.63 -3.63 -3.53 -3.93 -4.23 -3.13 1.57 2.17 2.67 2.97 3.37 3.47 3.57 3.87 4.17 4.17 4.17 4.07 3.97 3.57 3.27 2.67 2.07 1.97 1.97 2.37 2.87 2.87 2.97 2.57 2.27 1.07 -0.13 -0.73 -1.33 -2.13 -2.83 -3.13 -3.33 -3.23 -3.13 -3.03 -2.93 -2.73 -2.53 -2.53 -2.53 -2.33 -2.03 -1.73 -1.33 -1.53 -1.63 -2.43 -3.23 -4.23 -5.13 -5.53 -5.83 -6.03 -6.23 -6.53 -6.83 -7.13 -7.43 -7.53 -7.53 -7.33 -7.03 -6.73 -6.33 -6.23 -6.03 -6.03 -5.93 -6.03 -6.13 -6.43 -6.63 -6.73 -6.83 -7.03 -7.13 -6.93 -6.63 -6.63 -6.53 -6.43 -6.33 -6.13 -5.83 -6.03 -6.03 -6.63 -7.03 -7.63 -8.13 -8.03 -7.93 -6.93 -5.83 -4.83 -3.73 -3.13 -2.63 -1.23 0.07 0.77 1.57 1.47 1.37 0.77 0.17 -0.93 -2.03 -3.03 -3.93 -3.93 -3.83 -3.83 -3.63 -2.63 2.47 3.17 3.87 4.07 4.17 4.17 4.17 4.37 4.67 4.37 4.07 3.77 3.47 2.77 2.07 1.87 1.67 1.57 1.47 1.77 2.07 2.07 2.17 1.77 1.47 0.47 -0.53 -1.23 -1.93 -2.63 -3.43 -3.73 -3.93 -3.63 -3.23 -3.03 -2.73 -2.63 -2.63 -2.63 -2.73 -2.33 -1.93 -1.53 -1.13 -1.33 -1.63 -2.33 -3.13 -3.93 -4.73 -5.23 -5.63 -5.93 -6.23 -6.43 -6.63 -6.93 -7.13 -7.43 -7.63 -7.33 -6.93 -6.33 -5.73 -5.63 -5.43 -5.33 -5.33 -5.63 -5.83 -6.13 -6.43 -6.53 -6.53 -6.83 -7.13 -6.83 -6.43 -6.33 -6.13 -6.13 -6.13 -5.93 -5.73 -5.73 -5.73 -6.13 -6.53 -6.83 -7.13 -6.83 -6.53 -5.43 -4.33 -3.33 -2.43 -1.93 -1.43 -0.53 0.27 0.97 1.67 1.17 0.77 -0.33 -1.43 -2.43 -3.33 -3.83 -4.33 -4.33 -4.23 -3.63 -3.13 -2.13 2.97 3.67 4.27 4.47 4.57 4.47 4.37 4.27 4.27 3.77 3.27 3.07 2.97 2.47 1.97 1.67 1.47 1.37 1.37 1.47 1.67 1.27 1.07 0.87 0.67 -0.13 -0.83 -1.43 -1.93 -2.53 -3.23 -3.53 -3.73 -3.53 -3.33 -3.03 -2.73 -2.83 -2.83 -2.83 -2.73 -2.53 -2.23 -2.13 -1.93 -2.23 -2.53 -3.03 -3.53 -4.03 -4.53 -4.93 -5.33 -5.53 -5.73 -5.83 -5.93 -6.23 -6.43 -6.73 -7.03 -6.83 -6.63 -6.23 -5.83 -5.83 -5.83 -5.73 -5.63 -5.93 -6.23 -6.53 -6.73 -6.93 -7.03 -7.43 -7.83 -7.73 -7.63 -6.93 -6.13 -5.83 -5.43 -5.63 -5.73 -5.83 -5.93 -6.33 -6.73 -6.83 -6.93 -6.63 -6.33 -5.63 -4.83 -4.03 -3.03 -2.73 -2.43 -1.93 -1.43 -1.23 -1.03 -1.33 -1.63 -2.33 -2.93 -3.43 -3.93 -4.23 -4.43 -4.63 -4.73 -3.83 -3.03 -2.13 3.47 4.07 4.67 4.87 4.97 4.77 4.57 4.17 3.87 3.17 2.47 2.37 2.37 2.07 1.87 1.57 1.27 1.27 1.27 1.17 1.17 0.57 -0.13 -0.13 -0.23 -0.73 -1.23 -1.53 -1.93 -2.43 -3.03 -3.33 -3.63 -3.53 -3.43 -3.13 -2.83 -2.93 -3.03 -2.93 -2.83 -2.73 -2.63 -2.73 -2.73 -3.13 -3.53 -3.73 -3.93 -4.13 -4.33 -4.63 -4.93 -5.13 -5.23 -5.23 -5.33 -5.63 -5.83 -6.13 -6.43 -6.43 -6.33 -6.23 -6.03 -6.13 -6.23 -6.13 -6.03 -6.33 -6.63 -6.83 -7.03 -7.33 -7.53 -8.03 -8.53 -8.73 -8.93 -7.53 -6.13 -5.53 -4.83 -5.23 -5.73 -6.03 -6.23 -6.63 -6.93 -6.83 -6.73 -6.43 -6.23 -5.83 -5.43 -4.63 -3.73 -3.63 -3.43 -3.23 -3.13 -3.43 -3.73 -3.93 -4.13 -4.33 -4.43 -4.53 -4.63 -4.63 -4.63 -4.93 -5.13 -4.03 -2.93 -2.13 3.67 4.17 4.67 4.67 4.67 4.17 3.77 3.47 3.17 2.67 2.27 2.07 2.07 1.87 1.67 1.27 0.97 0.87 0.77 0.57 0.37 -0.13 -0.73 -0.63 -0.63 -0.73 -0.93 -1.53 -2.03 -2.73 -3.33 -3.43 -3.43 -3.43 -3.23 -3.13 -2.93 -3.13 -3.33 -3.33 -3.23 -3.13 -2.83 -2.83 -2.83 -3.23 -3.53 -3.63 -3.73 -3.93 -4.03 -4.33 -4.63 -4.83 -5.03 -5.23 -5.33 -5.43 -5.43 -5.73 -5.93 -5.93 -5.93 -5.83 -5.63 -5.83 -5.93 -5.93 -5.93 -6.23 -6.53 -6.83 -7.13 -7.53 -7.83 -8.23 -8.53 -8.73 -8.83 -7.83 -6.73 -6.23 -5.63 -6.13 -6.53 -6.73 -6.83 -7.13 -7.33 -7.23 -7.03 -6.53 -5.93 -5.63 -5.13 -4.43 -3.63 -3.43 -3.13 -3.13 -3.13 -3.63 -4.13 -4.43 -4.73 -4.83 -4.93 -4.83 -4.73 -4.63 -4.53 -4.83 -5.03 -4.33 -3.53 -2.73 3.77 4.27 4.67 4.47 4.27 3.57 2.87 2.67 2.47 2.17 1.97 1.77 1.67 1.57 1.47 1.07 0.67 0.47 0.17 -0.13 -0.43 -0.83 -1.33 -1.13 -1.03 -0.83 -0.63 -1.43 -2.23 -2.93 -3.73 -3.53 -3.33 -3.23 -3.13 -3.13 -3.03 -3.33 -3.63 -3.63 -3.73 -3.43 -3.13 -3.03 -3.03 -3.23 -3.53 -3.53 -3.63 -3.73 -3.83 -4.13 -4.33 -4.63 -4.93 -5.13 -5.33 -5.23 -5.13 -5.33 -5.43 -5.53 -5.63 -5.53 -5.33 -5.53 -5.63 -5.83 -5.93 -6.23 -6.43 -6.93 -7.33 -7.73 -8.13 -8.43 -8.63 -8.73 -8.83 -8.13 -7.43 -6.93 -6.53 -6.93 -7.33 -7.43 -7.53 -7.73 -7.83 -7.53 -7.33 -6.53 -5.73 -5.33 -4.93 -4.23 -3.53 -3.23 -2.83 -3.03 -3.23 -3.93 -4.53 -4.93 -5.33 -5.43 -5.43 -5.13 -4.83 -4.63 -4.43 -4.73 -4.93 -4.53 -4.13 -3.33 </TempDataArray>
    </BinaryData>
    <End xmlns="" EndString="7777"/>
</gribObject>
