<?xml version="1.0" encoding="UTF-8" standalone="yes"?>
<gribObject xmlns:xsi="http://www.w3.org/2001/XMLSchema-instance" xmlns:xsd="http://www.w3.org/2001/XMLSchema" xmlns="http://c4i.mlt/ICDU/schema" ForecastTime="2025-09-28T12:00:00.000Z" RunTime="2025-09-28T12:00:00.000Z" ParameterName="V component of wind" FileName="newsingapore">
    <Indicator xmlns="" GribHeader="GRIB" NumOfOctets="21" GribType="2"/>
    <ProductDefinition xmlns="" NumOfOctets="4" ParamTableVersion="2" OrigCenter="7" ProcessID="81" GridID="36" GDS_BDS_Flag="128" ParamAndUnits="132" LevelType="0" Level="100" ReferenceTime="28" Month="9" Day="28" Hour="12" Minute="0" ForecastTimeUnits="1" PeriodOfTime1="12" PeriodOfTime2="0" TimeRangeIndicator="1" NumInAverage="3" NumMissingAverage="0" CenturyOfReference="21" SubcenterID="0" DecimalScaleFactor="2" Reserved1="0" Lat1="-11000" Lon1="91000" Lat2="-9500" Lon2="105375" Di="125" Dj="125"/>
    <GridDescription xmlns="" NumOfOctets="72" NV="0" PV="255" DataRepresentationType="0">
        <LatLonProjection Ni="116" Nj="13" Flags="128" ScanFlags="64" Reserved="0"/>
    </GridDescription>
    <BinaryData xmlns="" NumOfOctets="6032" FlagsAndUnused="12" BinaryScaleFactor="0" ReferenceValue="-407.497070" DatumPacked="1508" OptionalFlags="0">
        <TempDataArray>6.53 6.12 5.71 5.35 4.99 4.77 4.55 4.45 4.34 4.29 4.24 4.30 4.35 4.41 4.47 4.58 4.68 4.70 4.72 4.54 4.36 4.55 4.75 4.83 4.92 4.66 4.40 4.37 4.35 4.42 4.50 4.54 4.58 4.72 4.87 5.12 5.37 5.53 5.69 5.76 5.84 5.91 5.98 6.01 6.05 6.20 6.35 6.50 6.66 6.65 6.64 6.51 6.39 6.24 6.09 5.84 5.58 5.23 4.87 4.48 4.08 3.78 3.48 3.37 3.27 3.12 2.98 2.90 2.83 2.82 2.82 2.57 2.33 1.93 1.52 1.10 0.67 0.13 -0.41 -0.77 -1.13 -1.55 -1.98 -1.86 -1.73 -1.36 -0.98 -0.72 -0.46 -0.40 -0.33 -0.48 -0.62 -0.81 -1.01 -0.98 -0.94 -0.59 -0.24 0.01 0.27 0.11 -0.04 -0.16 -0.28 -0.53 -0.78 -1.38 -1.97 -1.83 -1.68 -1.50 -1.32 -1.29 -1.25 -1.00 6.32 6.02 5.72 5.49 5.27 5.01 4.76 4.73 4.70 4.62 4.54 4.57 4.62 4.67 4.74 4.87 5.00 4.92 4.85 4.82 4.80 5.16 5.54 5.51 5.50 5.26 5.04 5.06 5.09 5.16 5.24 5.21 5.19 5.29 5.41 5.64 5.89 6.05 6.22 6.30 6.39 6.49 6.59 6.67 6.75 6.93 7.12 7.15 7.19 6.98 6.77 6.44 6.11 5.89 5.67 5.43 5.19 4.87 4.55 4.34 4.13 3.95 3.79 3.65 3.51 3.43 3.35 3.28 3.22 3.08 2.93 2.57 2.22 1.80 1.38 1.03 0.69 0.32 -0.05 -0.40 -0.74 -1.08 -1.41 -1.12 -0.83 -0.63 -0.43 -0.34 -0.24 -0.09 0.06 0.12 0.18 0.21 0.24 0.35 0.46 0.64 0.82 0.82 0.82 0.60 0.38 0.06 -0.26 -0.69 -1.12 -1.67 -2.22 -1.83 -1.43 -1.25 -1.07 -0.95 -0.82 -0.37 6.11 5.92 5.73 5.64 5.54 5.26 4.97 5.01 5.05 4.94 4.83 4.85 4.88 4.94 5.00 5.16 5.32 5.15 4.98 5.10 5.23 5.78 6.32 6.19 6.07 5.87 5.67 5.75 5.83 5.90 5.97 5.88 5.79 5.87 5.94 6.17 6.40 6.57 6.75 6.84 6.93 7.06 7.20 7.32 7.44 7.66 7.88 7.79 7.71 7.31 6.90 6.36 5.83 5.53 5.24 5.02 4.80 4.52 4.23 4.20 4.17 4.13 4.09 3.92 3.75 3.73 3.72 3.66 3.61 3.33 3.04 2.57 2.11 1.67 1.23 0.97 0.71 0.50 0.30 -0.03 -0.36 -0.61 -0.85 -0.39 0.07 0.09 0.12 0.05 -0.02 0.21 0.45 0.72 0.98 1.23 1.48 1.67 1.86 1.87 1.88 1.63 1.37 1.08 0.79 0.28 -0.24 -0.85 -1.46 -1.97 -2.48 -1.83 -1.18 -1.01 -0.83 -0.61 -0.39 0.25 6.29 6.24 6.19 6.11 6.03 5.73 5.43 5.43 5.44 5.28 5.12 5.07 5.03 5.03 5.04 5.08 5.13 5.03 4.94 5.15 5.37 5.75 6.13 6.05 5.99 5.98 5.98 6.06 6.15 6.03 5.92 5.84 5.77 5.86 5.95 6.16 6.38 6.53 6.70 6.77 6.84 6.94 7.04 7.12 7.20 7.26 7.33 7.06 6.79 6.45 6.12 5.72 5.34 5.16 4.99 4.94 4.90 4.75 4.59 4.48 4.37 4.21 4.06 3.99 3.92 3.98 4.05 4.01 3.96 3.73 3.50 3.11 2.73 2.36 2.00 1.87 1.74 1.55 1.36 1.11 0.86 0.88 0.91 1.18 1.46 1.43 1.40 1.40 1.41 1.56 1.71 1.94 2.17 2.21 2.25 2.27 2.29 2.10 1.91 1.44 0.98 0.65 0.32 -0.11 -0.54 -0.95 -1.36 -1.55 -1.74 -1.02 -0.30 -0.32 -0.34 0.04 0.43 1.05 6.47 6.56 6.64 6.58 6.52 6.21 5.89 5.86 5.83 5.61 5.40 5.28 5.17 5.12 5.07 5.00 4.94 4.92 4.90 5.21 5.51 5.72 5.93 5.91 5.90 6.09 6.29 6.38 6.47 6.17 5.87 5.81 5.75 5.85 5.95 6.15 6.35 6.49 6.64 6.69 6.75 6.81 6.88 6.91 6.95 6.87 6.78 6.33 5.87 5.60 5.33 5.08 4.84 4.78 4.73 4.87 5.00 4.98 4.95 4.76 4.57 4.29 4.02 4.05 4.09 4.24 4.38 4.35 4.31 4.13 3.95 3.64 3.34 3.05 2.76 2.76 2.76 2.59 2.42 2.25 2.08 2.37 2.67 2.76 2.85 2.76 2.67 2.75 2.84 2.91 2.97 3.17 3.36 3.18 3.01 2.87 2.72 2.33 1.93 1.25 0.58 0.21 -0.16 -0.50 -0.84 -1.05 -1.26 -1.13 -1.00 -0.22 0.57 0.36 0.15 0.70 1.24 1.86 6.68 6.79 6.91 6.74 6.57 6.20 5.83 5.74 5.66 5.44 5.23 5.06 4.89 4.68 4.49 4.37 4.27 4.52 4.78 5.22 5.66 6.00 6.34 6.26 6.18 5.96 5.75 5.71 5.67 5.48 5.29 5.33 5.38 5.58 5.79 5.98 6.17 6.20 6.24 6.14 6.06 6.05 6.04 6.05 6.06 5.98 5.90 5.56 5.22 4.99 4.76 4.62 4.48 4.39 4.32 4.42 4.53 4.53 4.53 4.40 4.27 4.25 4.23 4.37 4.51 4.57 4.64 4.56 4.49 4.41 4.34 4.08 3.82 3.62 3.42 3.29 3.16 2.90 2.65 2.67 2.69 3.09 3.49 3.39 3.29 3.11 2.94 2.99 3.06 3.09 3.13 3.22 3.31 3.15 2.99 2.85 2.72 2.21 1.71 1.14 0.57 0.07 -0.43 -0.79 -1.15 -1.17 -1.18 -0.76 -0.34 0.33 1.01 1.02 1.04 1.52 2.01 2.25 6.88 7.03 7.17 6.89 6.62 6.19 5.77 5.62 5.48 5.27 5.06 4.83 4.60 4.25 3.90 3.74 3.59 4.12 4.66 5.23 5.80 6.27 6.75 6.60 6.45 5.82 5.20 5.03 4.87 4.79 4.71 4.85 5.00 5.31 5.62 5.80 5.99 5.91 5.83 5.59 5.36 5.28 5.20 5.18 5.16 5.09 5.02 4.79 4.57 4.38 4.19 4.15 4.11 4.00 3.90 3.98 4.06 4.09 4.11 4.04 3.96 4.20 4.44 4.68 4.92 4.91 4.90 4.78 4.67 4.69 4.72 4.51 4.30 4.19 4.07 3.81 3.55 3.22 2.88 3.09 3.30 3.80 4.30 4.01 3.73 3.47 3.20 3.24 3.27 3.28 3.29 3.27 3.26 3.11 2.97 2.84 2.71 2.09 1.48 1.02 0.56 -0.07 -0.70 -1.08 -1.46 -1.28 -1.10 -0.39 0.32 0.88 1.44 1.68 1.92 2.35 2.78 2.64 6.32 6.35 6.38 6.17 5.97 5.56 5.16 4.92 4.69 4.53 4.39 4.30 4.23 3.90 3.58 3.54 3.51 3.97 4.43 4.71 5.00 5.34 5.68 5.72 5.75 5.45 5.16 5.11 5.06 4.83 4.60 4.56 4.53 4.78 5.03 5.23 5.44 5.40 5.36 5.11 4.86 4.70 4.55 4.52 4.48 4.41 4.34 4.23 4.12 3.99 3.87 3.75 3.64 3.59 3.56 3.76 3.97 4.11 4.25 4.34 4.43 4.63 4.83 4.92 5.00 4.88 4.77 4.70 4.64 4.61 4.59 4.30 4.01 3.92 3.84 3.76 3.67 3.44 3.20 3.46 3.73 4.01 4.30 3.97 3.64 3.36 3.08 3.15 3.24 3.15 3.07 3.03 3.00 2.91 2.83 2.55 2.27 1.63 1.00 0.48 -0.03 -0.60 -1.16 -1.30 -1.43 -1.23 -1.03 -0.29 0.45 1.00 1.55 1.72 1.89 2.06 2.23 2.03 5.75 5.67 5.59 5.45 5.31 4.93 4.55 4.22 3.89 3.80 3.71 3.78 3.85 3.55 3.26 3.34 3.42 3.81 4.20 4.20 4.20 4.40 4.61 4.83 5.05 5.08 5.11 5.18 5.25 4.86 4.48 4.27 4.06 4.24 4.43 4.66 4.89 4.89 4.89 4.63 4.36 4.13 3.90 3.85 3.80 3.73 3.66 3.67 3.67 3.61 3.55 3.35 3.16 3.18 3.21 3.54 3.88 4.14 4.39 4.64 4.90 5.06 5.22 5.15 5.08 4.86 4.64 4.62 4.61 4.53 4.46 4.08 3.71 3.66 3.61 3.70 3.79 3.66 3.52 3.84 4.16 4.22 4.29 3.92 3.55 3.25 2.95 3.07 3.20 3.02 2.85 2.79 2.73 2.71 2.68 2.26 1.83 1.17 0.51 -0.06 -0.62 -1.13 -1.63 -1.51 -1.40 -1.19 -0.97 -0.20 0.58 1.12 1.65 1.76 1.86 1.77 1.68 1.43 4.05 4.06 4.08 4.04 4.01 3.87 3.74 3.57 3.40 3.30 3.20 3.28 3.36 3.24 3.12 3.07 3.03 3.16 3.29 3.23 3.18 3.23 3.28 3.39 3.49 3.66 3.82 3.99 4.17 4.07 3.97 3.89 3.83 3.84 3.85 4.07 4.29 4.43 4.57 4.47 4.37 4.15 3.95 3.81 3.69 3.58 3.48 3.40 3.32 3.26 3.21 3.20 3.20 3.41 3.63 3.86 4.11 4.24 4.37 4.62 4.87 5.00 5.13 5.08 5.03 4.83 4.63 4.49 4.36 4.26 4.16 3.90 3.66 3.69 3.73 3.78 3.83 3.65 3.46 3.77 4.08 3.87 3.68 3.32 2.97 2.67 2.38 2.42 2.46 2.38 2.31 2.45 2.59 2.62 2.66 2.15 1.65 0.91 0.18 -0.15 -0.48 -0.90 -1.31 -1.28 -1.24 -0.93 -0.62 -0.09 0.43 0.67 0.92 0.83 0.74 0.74 0.75 0.50 2.35 2.46 2.56 2.63 2.70 2.81 2.92 2.91 2.91 2.79 2.68 2.77 2.87 2.92 2.98 2.81 2.64 2.51 2.38 2.26 2.15 2.05 1.95 1.94 1.93 2.23 2.53 2.81 3.09 3.27 3.45 3.52 3.59 3.43 3.27 3.48 3.69 3.97 4.25 4.31 4.37 4.18 3.99 3.78 3.57 3.43 3.29 3.12 2.96 2.91 2.86 3.05 3.24 3.64 4.04 4.18 4.33 4.34 4.35 4.60 4.84 4.94 5.04 5.01 4.98 4.80 4.61 4.36 4.11 3.98 3.85 3.73 3.60 3.73 3.85 3.86 3.87 3.64 3.40 3.70 3.99 3.52 3.06 2.72 2.39 2.10 1.81 1.76 1.71 1.74 1.77 2.10 2.44 2.54 2.64 2.05 1.46 0.65 -0.15 -0.25 -0.34 -0.66 -0.99 -1.04 -1.08 -0.67 -0.27 0.01 0.28 0.23 0.18 -0.10 -0.38 -0.28 -0.18 -0.44 1.42 1.59 1.77 2.03 2.30 2.43 2.58 2.55 2.52 2.40 2.28 2.19 2.11 2.05 2.00 1.75 1.51 1.34 1.17 1.33 1.51 1.61 1.72 1.68 1.64 1.66 1.67 1.62 1.56 1.92 2.29 2.57 2.86 2.97 3.10 3.35 3.61 3.89 4.17 4.18 4.19 4.19 4.20 4.10 4.00 3.91 3.83 3.79 3.76 3.81 3.86 3.99 4.13 4.39 4.65 4.60 4.55 4.36 4.19 4.14 4.09 4.11 4.13 4.19 4.26 4.29 4.32 4.18 4.06 4.06 4.07 4.00 3.93 3.87 3.83 3.71 3.59 3.58 3.57 3.53 3.50 2.67 1.84 1.47 1.11 0.90 0.69 0.69 0.70 0.88 1.06 1.37 1.69 2.00 2.32 1.25 0.18 -0.69 -1.55 -1.30 -1.04 -1.79 -2.53 -2.13 -1.73 -1.47 -1.21 -1.29 -1.37 -1.40 -1.42 -1.44 -1.46 -1.09 -0.71 -1.17 0.48 0.73 0.98 1.43 1.89 2.06 2.23 2.18 2.13 2.00 1.87 1.61 1.35 1.18 1.02 0.70 0.38 0.16 -0.05 0.40 0.86 1.17 1.48 1.41 1.35 1.08 0.81 0.42 0.03 0.58 1.13 1.62 2.12 2.52 2.92 3.22 3.53 3.80 4.08 4.04 4.00 4.21 4.41 4.42 4.42 4.39 4.37 4.46 4.56 4.71 4.86 4.94 5.02 5.14 5.26 5.01 4.76 4.39 4.02 3.68 3.33 3.27 3.21 3.37 3.53 3.78 4.02 4.01 4.00 4.14 4.28 4.27 4.25 4.02 3.80 3.55 3.31 3.53 3.74 3.37 3.01 1.81 0.62 0.22 -0.17 -0.31 -0.44 -0.38 -0.32 0.01 0.35 0.64 0.94 1.47 1.99 0.44 -1.10 -2.03 -2.96 -2.35 -1.75 -2.91 -4.07 -3.23 -2.39 -2.27 -2.15 -2.59 -3.03 -3.03 -3.03 -2.79 -2.55 -1.90 -1.24 -1.91 </TempDataArray>
    </BinaryData>
    <End xmlns="" EndString="7777"/>
</gribObject>
